﻿世豐,	2065
日期,成交股數,開盤價,最高價,最低價,收盤價,漲跌價差,成交筆數,成交金額
107/06/01,19000,27.50,27.50,26.95,26.95,0.00,15,517050
107/06/04,13000,27.00,27.00,26.95,27.00,+0.05,11,350950
107/06/05,20000,27.05,27.05,27.00,27.00,0.00,12,540400
107/06/06,1000,27.00,27.00,27.00,27.00,0.00,1,27000
107/06/07,41010,27.65,28.25,27.50,27.75,+0.75,32,1143631
107/06/08,20000,27.75,27.90,27.75,27.75,0.00,14,555850
107/06/11,46000,27.85,28.45,27.85,28.30,+0.55,33,1298400
107/06/12,9000,28.00,28.10,27.90,28.10,-0.20,7,252000
107/06/13,9000,27.35,27.70,27.35,27.70,-0.40,8,248400
107/06/14,5000,27.30,27.85,27.30,27.75,+0.05,5,137700
107/06/15,16120,27.95,27.95,27.80,27.80,+0.05,12,448910
107/06/19,12000,27.80,27.80,27.80,27.80,0.00,6,333600
107/06/20,8000,27.70,27.70,27.70,27.70,-0.10,7,221600
107/06/21,15000,27.70,27.85,27.70,27.85,+0.15,8,417150
107/06/22,40000,27.95,28.95,27.95,28.30,+0.45,31,1132800
107/06/25,39000,28.20,28.65,28.10,28.45,+0.15,30,1106300
107/06/26,60000,28.10,28.30,28.00,28.15,-0.30,44,1686850
107/06/27,54000,26.80,27.25,26.75,27.10,,22,1451550
107/06/28,20000,27.30,27.30,26.80,27.10,0.00,12,539350
107/06/29,23000,27.25,27.30,27.20,27.25,+0.15,14,626550
107/07/02,15000,27.25,27.50,27.25,27.50,+0.25,6,412250
107/07/03,7255,27.00,27.05,27.00,27.00,-0.50,7,195958
107/07/04,13000,29.20,29.20,27.30,27.30,+0.30,10,369800
107/07/05,11000,27.30,27.30,27.00,27.00,-0.30,8,297600
107/07/06,20000,26.55,26.80,26.50,26.80,-0.20,4,530400
107/07/09,6000,26.80,27.00,26.80,27.00,+0.20,3,161800
107/07/10,9000,26.80,27.20,26.65,27.20,+0.20,8,241800
107/07/11,1035,27.10,27.10,27.10,27.10,-0.10,2,28062
107/07/12,24000,26.95,27.05,26.60,27.05,-0.05,14,641200
107/07/13,2000,27.05,27.15,27.05,27.15,+0.10,2,54200
107/07/16,0,---,---,---,---,---,0,0
107/07/17,3000,27.00,27.00,26.85,26.85,-0.30,3,80700
107/07/18,32000,26.70,27.80,26.70,27.75,+0.90,31,874450
107/07/19,8200,27.55,27.55,27.10,27.10,-0.65,5,222790
107/07/20,8000,27.20,27.20,27.00,27.00,-0.10,8,216550
107/07/23,4000,26.65,26.65,26.65,26.65,-0.35,4,106600
107/07/24,3000,26.60,27.00,26.60,27.00,+0.35,2,80200
107/07/25,10000,27.00,27.00,26.75,26.95,-0.05,9,268250
107/07/26,20000,27.00,27.00,26.75,26.90,-0.05,12,536550
107/07/27,7000,26.90,26.90,26.70,26.70,-0.20,5,187300
107/07/30,5000,27.00,27.00,26.85,26.85,+0.15,4,134850
107/07/31,10000,27.00,27.00,26.85,26.85,0.00,9,269300
107/08/01,25116,27.00,27.00,27.00,27.00,+0.15,10,678108
107/08/02,4000,26.90,26.90,26.85,26.85,-0.15,4,107550
107/08/03,24020,27.10,27.15,27.00,27.10,+0.25,13,650188
107/08/06,6000,27.00,27.30,26.95,27.30,+0.20,4,162500
107/08/07,10000,27.30,27.60,27.30,27.35,+0.05,8,274000
107/08/08,17000,27.10,27.25,27.00,27.25,-0.10,11,460550
107/08/09,5000,27.20,27.50,27.20,27.40,+0.15,4,136900
107/08/10,26000,27.50,27.90,27.50,27.50,+0.10,20,716950
107/08/13,12000,27.05,27.05,27.00,27.00,-0.50,9,324350
107/08/14,11000,26.90,27.20,26.90,27.00,0.00,7,296900
107/08/15,7000,27.60,27.60,27.00,27.25,+0.25,6,190550
107/08/16,31000,27.05,27.40,26.70,27.20,-0.05,19,836050
107/08/17,3000,27.00,27.35,27.00,27.35,+0.15,3,81550
107/08/20,3000,27.20,27.30,27.20,27.30,-0.05,2,81800
107/08/21,13000,27.30,27.35,27.00,27.00,-0.30,8,354300
107/08/22,1000,27.20,27.20,27.20,27.20,+0.20,1,27200
107/08/23,20000,27.20,27.60,27.20,27.60,+0.40,16,549600
107/08/24,6000,27.40,27.40,27.40,27.40,-0.20,4,164400
107/08/27,28200,27.50,27.80,27.40,27.75,+0.35,20,777530
107/08/28,72200,27.60,28.00,27.35,28.00,+0.25,35,2014689
107/08/29,32000,28.20,28.30,27.95,28.15,+0.15,16,900500
107/08/30,15110,28.10,28.15,27.85,28.15,0.00,13,422035
107/08/31,10000,27.85,28.10,27.85,27.90,-0.25,7,279300
107/09/03,26000,28.10,28.30,27.65,28.15,+0.25,18,725850
107/09/04,5000,28.15,28.30,28.15,28.30,+0.15,5,141050
107/09/05,37000,27.85,28.05,27.60,28.05,-0.25,22,1027900
107/09/06,13000,28.00,28.35,27.80,28.35,+0.30,8,363500
107/09/07,56000,28.30,28.30,27.70,27.70,-0.65,30,1570300
107/09/10,30000,28.00,28.00,27.30,27.30,-0.40,24,821750
107/09/11,27000,27.15,27.30,27.05,27.30,0.00,10,733400
107/09/12,8000,27.30,27.50,27.25,27.50,+0.20,6,218550
107/09/13,63000,27.30,27.50,27.30,27.50,0.00,6,1732100
107/09/14,3000,27.95,27.95,27.90,27.90,+0.40,3,83800
107/09/17,6000,27.55,27.75,27.40,27.60,-0.30,6,165250
107/09/18,5000,27.50,27.50,27.45,27.45,-0.15,5,137400
107/09/19,1000,27.30,27.30,27.30,27.30,-0.15,1,27300
107/09/20,8000,27.40,27.40,27.25,27.30,0.00,6,218750
107/09/21,5000,27.30,27.55,27.30,27.55,+0.25,3,137100
107/09/25,16000,27.70,27.70,27.60,27.60,+0.05,11,442500
107/09/26,20000,27.60,27.90,27.60,27.85,+0.25,11,556650
107/09/27,20000,27.80,28.30,27.80,28.00,+0.15,13,559400
107/09/28,5000,28.20,28.20,27.95,27.95,-0.05,5,140200
107/10/01,11000,27.95,28.30,27.95,28.00,+0.05,7,309450
107/10/02,21000,28.00,28.30,27.85,27.85,-0.15,12,589650
107/10/03,9000,28.00,28.00,27.85,27.90,+0.05,6,251200
107/10/04,17000,27.90,27.90,27.85,27.90,0.00,5,474050
107/10/05,20507,27.95,27.95,27.80,27.80,-0.10,12,570342
107/10/08,13400,27.80,27.90,27.80,27.90,+0.10,11,373240
107/10/09,12000,27.85,28.00,27.85,28.00,+0.10,11,335050
107/10/11,69100,28.00,28.00,26.20,27.20,-0.80,41,1887170
107/10/12,10000,27.20,27.65,27.20,27.60,+0.40,7,274100
107/10/15,4000,27.60,27.60,27.60,27.60,0.00,3,110400
107/10/16,7000,27.65,27.65,27.50,27.60,0.00,5,193200
107/10/17,9000,27.55,27.60,27.50,27.50,-0.10,6,247950
107/10/18,2000,27.45,27.45,27.45,27.45,-0.05,2,54900
107/10/19,50000,27.45,27.45,27.05,27.10,-0.35,14,1355350
107/10/22,2000,27.10,27.10,27.10,27.10,0.00,2,54200
107/10/23,10000,27.10,27.10,26.80,26.90,-0.20,8,269100
107/10/24,7000,26.50,27.25,26.50,27.25,+0.35,5,188850
107/10/25,29065,26.50,27.05,26.25,26.40,-0.85,18,768706
107/10/26,14000,26.60,26.60,26.30,26.45,+0.05,11,369700
107/10/29,6000,26.50,27.35,26.50,26.90,+0.45,5,161200
107/10/30,0,---,---,---,---,---,0,0
107/10/31,1000,26.80,26.80,26.80,26.80,0.00,1,26800
107/11/01,8000,26.60,26.70,26.60,26.70,-0.10,7,213000
107/11/02,7180,26.90,26.95,26.90,26.95,+0.25,7,193296
107/11/08,40000,26.50,27.30,26.50,27.05,-0.10,18,1073300
107/11/09,0,---,---,---,---,---,0,0
107/11/12,7000,26.20,26.95,26.20,26.95,-0.10,5,186600
107/11/16,19000,27.80,27.85,27.80,27.85,+0.05,11,528800
107/11/19,4000,28.10,28.10,27.85,28.10,+0.25,4,112150
107/11/20,6000,28.10,28.10,28.10,28.10,0.00,5,168600
107/11/21,11000,28.10,28.10,28.00,28.05,-0.05,8,308500
107/11/22,12000,28.00,28.25,28.00,28.20,+0.15,10,337250
107/11/23,24000,28.05,28.10,27.90,28.05,-0.15,12,672350
107/11/26,3115,28.20,28.20,28.10,28.10,+0.05,4,87731
107/11/27,15000,27.90,28.05,27.50,28.05,-0.05,10,419400
107/11/28,9000,27.95,28.05,27.90,27.90,-0.15,8,251500
107/11/29,31000,28.00,28.30,27.70,28.20,+0.30,24,872300
107/11/30,60020,28.30,29.15,28.30,29.15,+0.95,35,1727730
107/12/03,78100,30.00,30.50,29.75,29.75,+0.60,51,2351800
107/12/04,45097,29.75,29.80,29.30,29.30,-0.45,28,1331716
107/12/05,13000,29.30,30.40,29.30,29.50,+0.20,10,383650
107/12/06,7100,29.20,29.20,29.05,29.15,-0.35,8,207095
107/12/07,13000,29.75,29.75,29.65,29.65,+0.50,5,386150
107/12/10,15000,29.75,29.75,29.30,29.35,-0.30,13,442950
107/12/11,8000,29.50,29.50,29.25,29.25,-0.10,5,234750
107/12/12,10000,29.55,29.55,29.25,29.30,+0.05,9,293700
107/12/13,131000,28.90,28.95,28.45,28.90,-0.40,29,3739000
107/12/14,35116,29.00,29.00,28.65,28.65,-0.25,16,1015452
107/12/17,10000,28.55,28.60,28.25,28.60,-0.05,8,285150
107/12/18,5000,28.45,29.10,28.45,29.10,+0.50,4,143650
107/12/19,19000,28.90,28.95,28.50,28.70,-0.40,13,543750
107/12/20,10000,28.70,28.80,28.70,28.80,+0.10,9,287100
107/12/21,4008,28.60,28.90,28.50,28.90,+0.10,5,114730
107/12/22,4000,28.60,28.85,28.55,28.85,-0.05,3,114600
107/12/24,13005,29.00,29.00,28.70,28.85,0.00,9,375057
107/12/25,8000,28.90,28.90,28.30,28.75,-0.10,5,228150
107/12/26,8370,28.75,28.75,28.55,28.65,-0.10,7,240381
107/12/27,13000,28.80,28.80,28.60,28.60,-0.05,10,373300
107/12/28,32000,28.50,29.00,28.40,28.85,+0.25,7,923950
108/01/02,27000,28.85,28.85,28.60,28.60,-0.25,15,775750
108/01/03,16000,29.00,29.00,28.70,28.75,+0.15,9,461100
108/01/04,3000,28.65,28.70,28.65,28.70,-0.05,2,86050
108/01/07,29000,28.70,28.70,28.65,28.70,0.00,13,832200
108/01/08,69000,29.90,29.90,29.20,29.40,+0.70,50,2029750
108/01/09,50000,29.70,29.70,29.50,29.60,+0.20,30,1478850
108/01/10,85000,29.85,30.20,29.80,30.20,+0.60,50,2542650
108/01/11,53000,30.40,31.00,30.00,30.15,-0.05,39,1614250
108/01/14,27100,30.05,30.85,30.05,30.20,+0.05,22,823465
108/01/15,29000,30.30,30.50,30.30,30.40,+0.20,17,883750
108/01/16,158200,30.60,31.45,30.40,31.15,+0.75,90,4909910
108/01/17,28089,31.15,31.80,31.00,31.15,0.00,25,880709
108/01/18,18200,31.15,31.50,31.10,31.20,+0.05,15,567540
108/01/21,36000,31.05,31.10,30.60,30.85,-0.35,25,1109400
108/01/22,19000,30.85,30.85,30.70,30.80,-0.05,12,584550
108/01/23,10000,30.60,30.60,30.50,30.50,-0.30,7,305100
108/01/28,12000,30.60,30.70,30.55,30.70,+0.10,11,367650
108/01/29,8000,30.30,30.75,30.30,30.70,0.00,8,245250
108/01/30,19018,30.70,30.90,30.60,30.85,+0.15,16,585958
108/02/11,24000,30.90,31.45,30.85,31.40,+0.55,16,746500
108/02/12,30000,31.40,31.45,31.30,31.30,-0.10,22,941800
108/02/13,235200,31.90,33.30,31.90,32.50,+1.20,127,7638379
108/02/14,55000,32.40,32.60,32.20,32.60,+0.10,28,1783500
108/02/15,122400,32.60,33.10,32.60,33.10,+0.50,50,4036510
108/02/18,94205,34.30,34.85,33.50,33.55,+0.45,70,3213236
108/02/19,50320,33.55,33.60,33.25,33.25,-0.30,42,1679978
108/02/20,32100,33.15,33.70,33.15,33.20,-0.05,23,1067825
108/02/21,13000,33.20,33.70,33.20,33.25,+0.05,11,433150
108/02/22,52000,33.75,34.10,33.25,33.60,+0.35,32,1748800
108/02/25,27000,33.60,33.80,33.25,33.75,+0.15,18,908700
108/02/26,46200,33.75,33.80,33.15,33.20,-0.55,27,1547250
108/02/27,35000,33.25,33.30,32.80,33.30,+0.10,28,1158200
108/03/04,61000,33.30,33.70,33.10,33.30,0.00,28,2031050
108/03/05,94000,33.30,33.90,33.00,33.90,+0.60,29,3126450
108/03/06,51000,34.00,34.10,33.80,33.80,-0.10,37,1734050
108/03/07,73000,33.80,34.55,33.80,34.30,+0.50,56,2504100
108/03/08,70001,34.20,34.45,34.10,34.45,+0.15,42,2399734
108/03/11,107180,35.05,35.05,34.50,34.60,+0.15,62,3719492
108/03/12,42042,34.80,34.90,34.65,34.75,+0.15,37,1460707
108/03/13,49000,34.50,34.90,34.50,34.85,+0.10,41,1705600
108/03/14,48000,34.85,34.90,34.80,34.90,+0.05,39,1673950
108/03/15,46000,34.90,34.95,34.70,34.95,+0.05,41,1603550
108/03/18,29050,35.10,35.10,34.85,34.85,-0.10,26,1015590
108/03/19,65000,34.85,35.35,34.85,35.00,+0.15,35,2279150
108/03/20,133300,35.15,35.35,35.00,35.20,+0.20,39,4672310
108/03/21,45000,35.20,35.30,35.10,35.20,0.00,27,1584400
108/03/22,158150,34.90,35.20,34.50,35.15,-0.05,65,5525545
108/03/25,137000,34.70,35.10,34.50,35.10,-0.05,44,4745700
108/03/26,26000,35.10,35.10,34.80,34.85,-0.25,19,908050
108/03/27,29000,34.65,34.80,34.60,34.80,-0.05,19,1005150
108/03/28,55000,35.00,35.25,34.70,35.10,+0.30,34,1930500
108/03/29,44000,35.10,35.10,34.70,34.95,-0.15,28,1537400
108/04/01,65040,34.95,35.10,34.55,35.00,+0.05,36,2272104
108/04/02,108000,35.00,35.30,35.00,35.30,+0.30,43,3788000
108/04/03,14000,35.10,35.45,35.10,35.45,+0.15,13,493700
108/04/08,27000,35.20,35.30,35.15,35.30,-0.15,18,950800
108/04/09,219085,35.85,36.30,35.45,36.30,+1.00,134,7889352
108/04/10,54000,36.30,36.40,36.10,36.25,-0.05,38,1958250
108/04/11,104239,36.50,36.60,36.00,36.25,0.00,68,3783499
108/04/12,25000,36.25,36.25,36.00,36.15,-0.10,20,902600
108/04/15,21000,36.25,36.30,36.20,36.20,+0.05,17,761400
108/04/16,37000,36.35,36.40,36.15,36.25,+0.05,25,1343800
108/04/17,39200,36.25,36.30,36.10,36.25,0.00,25,1420260
108/04/18,39000,36.15,36.15,35.65,35.70,-0.55,36,1399400
108/04/19,36000,35.65,35.65,35.45,35.45,-0.25,25,1281400
108/04/22,21000,35.70,35.70,35.50,35.50,+0.05,20,746950
108/04/23,37000,35.65,35.80,35.35,35.40,-0.10,28,1313750
108/04/24,24004,35.50,36.00,35.50,35.80,+0.40,19,857094
108/04/25,16100,35.75,35.80,35.65,35.80,0.00,13,574980
108/04/26,12000,35.80,35.80,35.60,35.60,-0.20,9,428650
108/04/29,20000,35.50,36.00,35.50,35.55,-0.05,15,714450
108/04/30,116000,35.45,36.85,35.45,36.45,+0.90,81,4208400
108/05/02,31750,36.60,36.95,36.50,36.55,+0.10,26,1164350
108/05/03,58200,36.80,36.80,36.60,36.70,+0.15,35,2134810
108/05/06,1146664,39.25,40.35,39.15,40.35,+3.65,692,45888440
108/05/07,678701,40.70,40.80,39.40,39.55,-0.80,487,27131648
108/05/08,333900,39.10,40.70,39.10,39.90,+0.35,262,13407480
108/05/09,292140,40.50,40.50,37.60,38.30,-1.60,233,11331112
108/05/10,240180,38.90,38.90,36.00,37.50,-0.80,179,9045500
108/05/13,195065,38.00,39.10,38.00,38.80,+1.30,146,7537681
108/05/14,46000,38.00,38.85,37.80,38.85,+0.05,40,1768200
108/05/15,130000,39.10,39.80,38.95,39.30,+0.45,80,5117000
108/05/16,89000,39.75,39.90,39.35,39.35,+0.05,58,3530550
108/05/17,65000,39.75,40.00,39.25,39.30,-0.05,51,2569300
108/05/20,71500,40.05,40.05,39.15,39.50,+0.20,54,2827025
108/05/21,46000,39.55,39.55,39.25,39.30,-0.20,30,1808750
108/05/22,72000,39.30,39.30,39.00,39.00,-0.30,41,2812150
108/05/23,32050,38.90,39.20,38.90,39.20,+0.20,27,1254845
108/05/24,34000,39.45,39.60,39.20,39.40,+0.20,22,1341200
108/05/27,195000,39.80,40.50,39.75,40.50,+1.10,128,7838450
108/05/28,275250,40.75,41.50,39.95,39.95,-0.55,199,11212025
108/05/29,48000,40.00,40.10,39.70,39.85,-0.10,40,1914450
108/05/30,60000,40.00,40.25,39.65,40.20,+0.35,39,2396550
108/05/31,105680,40.20,40.70,40.20,40.50,+0.30,91,4278744
108/06/03,383004,40.95,42.40,40.95,42.15,+1.65,291,15923374
108/06/04,250000,42.80,42.80,41.30,41.40,-0.75,178,10531850
108/06/05,59000,41.55,41.95,41.30,41.70,+0.30,47,2458550
108/06/06,69362,41.75,41.75,41.15,41.30,-0.40,45,2871310
108/06/10,259123,44.35,44.35,42.85,43.00,+1.70,190,11277039
108/06/11,160000,43.00,43.65,42.70,42.95,-0.05,117,6899200
108/06/12,110302,43.00,43.00,42.20,42.85,-0.10,83,4698537
108/06/13,62000,42.85,43.00,42.20,42.65,-0.20,42,2642500
108/06/14,70000,42.65,42.80,42.50,42.50,-0.15,50,2985450
108/06/17,42000,42.50,42.55,42.45,42.50,0.00,34,1784500
108/06/18,24003,42.60,42.70,42.40,42.40,-0.10,21,1020726
108/06/19,57000,42.50,43.20,42.50,42.85,+0.45,45,2433950
108/06/20,43000,42.65,42.80,42.60,42.60,-0.25,24,1833450
108/06/21,70500,42.60,42.60,42.30,42.30,-0.30,61,2990100
108/06/24,68130,42.30,42.30,41.80,42.25,-0.05,50,2865403
108/06/25,43186,42.25,42.30,42.10,42.30,+0.05,37,1820512
108/06/26,28000,42.20,42.35,42.10,42.10,-0.20,24,1182000
108/06/27,97100,42.20,42.80,41.95,42.40,+0.30,66,4096070
108/06/28,94150,42.35,42.60,41.95,42.60,+0.20,66,3989189
