﻿大綜,	3147
日期,成交股數,開盤價,最高價,最低價,收盤價,漲跌價差,成交筆數,成交金額
107/06/01,181000,21.10,21.25,21.05,21.15,0.00,124,3826200
107/06/04,197000,21.35,21.40,21.05,21.05,-0.10,110,4161650
107/06/05,270000,21.05,21.05,20.45,20.55,-0.50,166,5585150
107/06/06,119000,20.55,20.80,20.55,20.65,+0.10,81,2455300
107/06/07,114000,20.65,21.00,20.60,20.60,-0.05,81,2364350
107/06/08,105000,20.55,20.60,20.50,20.50,-0.10,54,2155400
107/06/11,995000,21.85,22.55,21.60,22.55,+2.05,401,22146050
107/06/12,532100,22.00,22.80,21.65,21.75,-0.80,286,11744370
107/06/13,261089,21.85,22.20,21.45,22.00,+0.25,132,5667747
107/06/14,330002,22.30,22.80,21.75,22.00,0.00,195,7369497
107/06/15,1175101,22.00,24.20,22.00,23.60,+1.60,514,27657652
107/06/19,582000,23.20,24.00,22.50,22.80,-0.80,235,13465900
107/06/20,332000,23.15,23.15,22.10,23.05,+0.25,154,7485500
107/06/21,327200,23.05,24.00,22.70,23.10,+0.05,177,7612980
107/06/22,947927,22.40,25.40,22.40,25.10,+2.00,413,23149139
107/06/25,1964191,26.00,27.60,25.55,27.60,+2.50,852,53195820
107/06/26,1490590,27.50,27.50,24.85,25.70,-1.90,750,38047713
107/06/27,600500,25.40,25.55,24.25,24.50,-1.20,354,14923700
107/06/28,340000,24.50,25.00,23.75,24.50,0.00,199,8230800
107/06/29,331050,24.30,24.50,23.65,24.35,-0.15,181,7956867
107/07/02,392578,24.10,24.10,23.00,23.35,-1.00,198,9179829
107/07/03,353000,22.85,23.85,22.25,23.35,0.00,183,8090100
107/07/04,101231,23.30,23.30,22.50,22.90,-0.45,76,2331304
107/07/05,161700,22.90,23.00,22.10,22.45,-0.45,113,3618779
107/07/06,120100,22.45,22.70,22.00,22.40,-0.05,76,2673330
107/07/09,62100,22.50,22.50,22.20,22.40,0.00,39,1391090
107/07/10,197000,22.40,22.40,21.60,22.00,-0.40,119,4289800
107/07/11,71150,21.50,21.80,21.40,21.80,-0.20,48,1535910
107/07/12,122000,21.60,22.00,21.60,22.00,+0.20,59,2653000
107/07/13,115010,21.80,22.10,21.70,21.85,-0.15,43,2508124
107/07/16,62000,21.95,22.30,21.95,22.15,+0.30,33,1367250
107/07/17,130000,22.00,22.15,21.70,22.15,0.00,51,2836250
107/07/18,124000,22.10,22.10,21.60,21.90,-0.25,52,2697500
107/07/19,20000,21.90,21.90,21.70,21.90,0.00,15,436850
107/07/20,33000,21.90,21.90,21.70,21.90,0.00,23,718750
107/07/23,69200,21.90,21.90,21.50,21.80,-0.10,36,1494120
107/07/24,45400,21.60,21.70,21.50,21.70,-0.10,28,978800
107/07/25,117100,21.70,21.70,21.40,21.60,-0.10,56,2515110
107/07/26,80150,21.40,21.90,21.35,21.70,+0.10,44,1730840
107/07/27,75250,21.60,21.65,21.40,21.65,-0.05,39,1618175
107/07/30,97000,21.50,21.75,21.50,21.65,0.00,38,2088200
107/07/31,26200,21.45,21.80,21.45,21.75,+0.10,23,567170
107/08/01,19200,21.70,21.85,21.70,21.85,+0.10,18,418449
107/08/02,37000,21.75,21.75,21.60,21.75,-0.10,23,802800
107/08/03,17000,21.75,21.80,21.65,21.80,+0.05,13,369100
107/08/06,26000,21.60,21.90,21.60,21.80,0.00,19,565900
107/08/07,17000,21.90,21.90,21.75,21.80,0.00,16,370800
107/08/08,84090,21.85,21.95,21.80,21.80,0.00,29,1837012
107/08/09,137000,21.80,22.55,21.80,22.40,+0.60,97,3050000
107/08/10,132000,22.20,22.40,21.85,22.25,-0.15,86,2931200
107/08/13,166000,22.30,22.30,21.50,21.50,-0.75,103,3629300
107/08/14,142010,21.70,21.70,21.30,21.45,-0.05,56,3048914
107/08/15,84000,21.90,21.90,21.40,21.50,+0.05,47,1810050
107/08/16,54000,21.10,21.55,21.10,21.50,0.00,28,1157750
107/08/17,176000,21.55,21.65,21.35,21.55,+0.05,44,3771950
107/08/20,189000,21.40,21.55,21.25,21.55,0.00,54,4036850
107/08/21,99200,21.50,21.70,21.40,21.50,-0.05,55,2132930
107/08/22,159000,21.50,21.50,21.30,21.45,-0.05,94,3401100
107/08/23,66000,20.20,20.40,20.10,20.10,,52,1335850
107/08/24,82100,20.00,20.05,19.70,19.70,-0.40,54,1635290
107/08/27,48100,19.70,20.40,19.65,20.05,+0.35,29,962310
107/08/28,11250,20.25,20.30,19.95,19.95,-0.10,11,225900
107/08/29,13000,20.00,20.00,19.90,19.90,-0.05,9,258800
107/08/30,13000,19.90,20.00,19.80,19.90,0.00,12,258350
107/08/31,13000,20.00,20.00,19.90,19.95,+0.05,12,259550
107/09/03,22000,20.00,20.00,19.85,19.85,-0.10,17,438750
107/09/04,9000,19.85,19.90,19.85,19.90,+0.05,8,178900
107/09/05,21000,19.85,20.00,19.85,19.85,-0.05,11,417850
107/09/06,73000,19.90,19.90,19.50,19.50,-0.35,34,1435400
107/09/07,116000,19.30,19.30,18.75,18.95,-0.55,63,2198250
107/09/10,84120,18.85,19.25,17.50,18.05,-0.90,55,1536984
107/09/11,101000,18.05,18.05,17.30,17.85,-0.20,49,1766250
107/09/12,42000,17.60,18.50,17.60,18.50,+0.65,30,766350
107/09/13,19000,18.50,18.75,18.45,18.75,+0.25,16,352250
107/09/14,38130,18.75,18.75,18.40,18.40,-0.35,21,703444
107/09/17,79000,18.40,18.40,17.20,17.70,-0.70,49,1398600
107/09/18,54000,17.50,17.70,17.40,17.60,-0.10,23,944850
107/09/19,17000,17.70,17.95,17.65,17.75,+0.15,15,301750
107/09/20,12000,17.80,17.80,17.55,17.60,-0.15,7,211850
107/09/21,13000,17.60,17.60,17.45,17.45,-0.15,7,227950
107/09/25,12000,17.45,17.50,17.45,17.45,0.00,11,209450
107/09/26,55000,17.75,18.10,17.75,18.10,+0.65,31,989800
107/09/27,19000,18.10,18.30,18.05,18.10,0.00,11,344250
107/09/28,14000,18.35,18.35,18.10,18.10,0.00,10,254500
107/10/01,22000,18.10,18.30,18.10,18.30,+0.20,10,398400
107/10/02,27000,17.80,18.10,17.75,18.10,-0.20,14,481200
107/10/03,25000,18.10,18.10,17.75,18.10,0.00,11,452100
107/10/04,15000,18.00,18.10,18.00,18.10,0.00,9,270600
107/10/05,18000,18.15,18.15,17.65,17.80,-0.30,14,321950
107/10/08,11000,17.85,17.85,17.80,17.80,0.00,4,195900
107/10/09,37000,17.85,17.85,17.70,17.70,-0.10,21,656950
107/10/11,113000,17.15,17.15,16.40,16.50,-1.20,48,1884350
107/10/12,12000,16.50,16.60,16.50,16.60,+0.10,12,198300
107/10/15,6000,16.60,16.75,16.60,16.75,+0.15,6,99850
107/10/16,11000,16.75,16.75,16.25,16.75,0.00,9,183150
107/10/17,6000,16.80,16.95,16.80,16.95,+0.20,6,101400
107/10/18,8000,17.00,17.00,16.50,16.50,-0.45,7,134050
107/10/19,28000,16.60,16.60,16.45,16.45,-0.05,11,461350
107/10/22,3000,16.60,16.75,16.60,16.75,+0.30,2,49950
107/10/23,8000,16.75,16.75,16.65,16.65,-0.10,7,133550
107/10/24,106000,16.60,16.75,16.15,16.60,-0.05,32,1723800
107/10/25,27000,16.15,16.35,16.00,16.25,-0.35,16,435250
107/10/26,15000,16.30,16.35,16.20,16.35,+0.10,8,243650
107/10/29,52000,16.45,16.45,16.10,16.30,-0.05,16,841150
107/10/30,39000,16.40,16.45,16.00,16.25,-0.05,19,627700
107/10/31,7000,16.40,16.50,16.35,16.40,+0.15,6,114950
107/11/01,16000,16.30,16.70,16.30,16.40,0.00,15,264550
107/11/02,18000,16.65,16.80,16.45,16.75,+0.35,13,300500
107/11/08,85000,18.30,18.75,18.20,18.65,+0.15,54,1566950
107/11/09,197000,18.20,20.40,18.10,19.75,+1.10,112,3828550
107/11/12,100000,19.10,19.65,19.00,19.45,-0.30,64,1941650
107/11/16,11150,19.10,19.30,19.10,19.30,-0.05,11,214995
107/11/19,0,---,---,---,---,---,0,0
107/11/20,0,---,---,---,---,---,0,0
107/11/21,40026,19.25,19.25,18.70,18.75,-0.35,30,752483
107/11/22,10288,18.70,18.75,18.50,18.75,0.00,10,191306
107/11/23,6000,19.00,19.00,18.75,18.75,0.00,4,113050
107/11/26,3048,18.55,18.95,18.55,18.95,+0.20,4,57116
107/11/27,110003,18.75,19.50,18.65,19.00,+0.05,33,2106107
107/11/28,13001,19.25,19.25,19.00,19.00,0.00,9,248569
107/11/29,23000,19.00,19.30,18.95,19.00,0.00,15,437650
107/11/30,129000,19.25,20.20,19.25,20.00,+1.00,64,2547050
107/12/03,130614,20.00,20.80,19.95,20.30,+0.30,80,2657022
107/12/04,24000,20.30,20.30,20.10,20.20,-0.10,18,486150
107/12/05,103100,19.70,19.70,19.20,19.55,-0.65,49,2016670
107/12/06,14000,19.35,19.35,19.25,19.25,-0.30,10,270300
107/12/07,16000,19.25,19.75,19.25,19.75,+0.50,14,312800
107/12/10,33000,19.75,19.75,19.20,19.20,-0.55,24,639100
107/12/11,186000,19.95,20.80,19.80,20.40,+1.20,130,3789200
107/12/12,67000,20.60,20.60,20.20,20.45,+0.05,44,1371000
107/12/13,49000,21.10,21.10,20.40,20.60,+0.15,34,1005500
107/12/14,399362,20.70,22.60,20.70,22.20,+1.60,279,8619844
107/12/17,140000,22.10,22.15,21.35,21.35,-0.85,96,3046750
107/12/18,188000,21.55,22.80,21.50,21.90,+0.55,142,4157850
107/12/19,281000,22.40,23.20,22.05,22.05,+0.15,192,6361450
107/12/20,156151,22.60,22.60,21.05,21.25,-0.80,115,3404886
107/12/21,69080,21.30,21.85,21.20,21.75,+0.50,50,1486828
107/12/22,103070,21.75,22.25,21.40,21.80,+0.05,68,2244564
107/12/24,75041,21.95,22.30,21.90,21.90,+0.10,52,1653445
107/12/25,56100,21.90,21.90,21.45,21.60,-0.30,36,1214444
107/12/26,74000,22.00,22.40,21.15,21.30,-0.30,47,1605650
107/12/27,69000,21.80,22.20,21.50,21.55,+0.25,42,1510350
107/12/28,19000,21.55,21.80,21.35,21.40,-0.15,9,407750
108/01/02,15092,21.40,21.75,21.30,21.40,0.00,11,323705
108/01/03,30000,21.85,21.85,21.45,21.45,+0.05,24,646400
108/01/04,60000,21.45,22.50,21.45,21.90,+0.45,46,1316900
108/01/07,116000,22.10,22.55,21.95,22.55,+0.65,71,2580250
108/01/08,123596,22.50,23.10,22.25,22.55,0.00,76,2807470
108/01/09,57000,22.60,22.85,22.30,22.40,-0.15,41,1289600
108/01/10,162103,22.20,23.30,22.20,22.50,+0.10,110,3662657
108/01/11,59000,22.85,22.85,22.05,22.05,-0.45,49,1321200
108/01/14,31000,22.10,22.10,21.70,21.90,-0.15,15,677850
108/01/15,11000,22.15,22.20,21.80,22.10,+0.20,9,242800
108/01/16,86000,22.55,22.55,22.10,22.25,+0.15,60,1925050
108/01/17,18000,21.40,22.40,21.40,22.20,-0.05,13,401400
108/01/18,51000,22.20,22.65,22.20,22.25,+0.05,30,1137650
108/01/21,27000,22.25,22.45,22.15,22.20,-0.05,19,599800
108/01/22,54000,22.70,22.70,22.20,22.20,0.00,34,1211000
108/01/23,71040,22.50,22.65,22.25,22.45,+0.25,46,1595648
108/01/28,35000,24.00,24.00,23.40,23.75,-0.05,22,830000
108/01/29,27010,23.90,23.95,23.55,23.80,+0.05,24,641737
108/01/30,62300,23.90,24.00,23.60,23.85,+0.05,38,1488669
108/02/11,131000,24.05,24.20,23.50,23.55,-0.30,69,3131150
108/02/12,50000,23.70,23.70,23.40,23.60,+0.05,30,1178750
108/02/13,55100,23.95,23.95,23.25,23.45,-0.15,28,1293550
108/02/14,141003,23.30,23.30,22.35,22.50,-0.95,85,3200167
108/02/15,1286300,24.75,24.75,24.20,24.75,+2.25,417,31802324
108/02/18,2034480,25.90,27.20,25.60,27.20,+2.45,1100,54519954
108/02/19,1027014,28.00,28.00,26.45,27.10,-0.10,747,28048379
108/02/20,2237338,27.50,29.80,27.00,27.15,+0.05,1343,64164292
108/02/21,1343767,27.30,29.05,27.10,28.60,+1.45,914,37912235
108/02/22,2480622,29.40,31.45,29.05,30.05,+1.45,1531,76066122
108/02/25,236189,33.05,33.05,33.05,33.05,+3.00,130,7806046
108/02/26,2328084,36.35,36.35,35.15,36.35,+3.30,1224,84399100
108/02/27,2229866,36.90,39.95,35.35,39.95,+3.60,1291,85567449
108/03/04,1286666,39.95,39.95,38.20,38.70,-1.25,831,50026823
108/03/05,1237824,37.50,39.85,37.50,38.00,-0.70,818,47860244
108/03/06,2008603,40.15,41.80,40.15,41.80,+3.80,1154,83111503
108/03/07,1700050,41.80,43.00,40.90,41.55,-0.25,1015,71305635
108/03/08,1720448,41.20,45.70,41.20,45.30,+3.75,1080,74714521
108/03/11,1653355,45.50,49.50,45.50,49.50,+4.20,1056,78381473
108/03/12,2366727,52.40,53.10,47.50,51.50,+2.00,1594,119554641
108/03/13,1760350,52.00,52.00,47.60,47.70,-3.80,1169,87649265
108/03/14,1875891,48.15,49.50,46.00,46.00,-1.70,1307,89414436
108/03/15,3520523,45.50,50.60,45.00,50.60,+4.60,2589,170986562
108/03/18,2235576,51.50,52.40,47.85,48.05,-2.55,1678,110308427
108/03/19,1319080,47.10,48.00,45.80,45.80,-2.25,1020,61517153
108/03/20,2623001,46.20,49.95,46.20,48.60,+2.80,2060,127067897
108/03/21,2203456,47.65,51.70,47.60,49.45,+0.85,1705,109855312
108/03/22,1373000,49.45,51.10,48.05,48.05,-1.40,1048,67454950
108/03/25,600408,47.00,48.70,46.50,48.70,+0.65,475,28414110
108/03/26,5213756,49.80,53.50,49.40,53.50,+4.80,3580,271901995
108/03/27,4261821,53.80,56.30,52.30,54.50,+1.00,3294,231922468
108/03/28,5554980,54.50,59.90,54.00,59.80,+5.30,4253,322007498
108/03/29,5741361,60.00,62.50,56.30,58.00,-1.80,4362,340619792
108/04/01,1746283,58.50,59.30,56.60,56.80,-1.20,1290,100623374
108/04/02,2091150,57.40,59.90,56.50,58.50,+1.70,1420,121637165
108/04/03,2041600,59.20,60.70,58.00,58.00,-0.50,1619,120676919
108/04/08,1736675,58.50,58.60,53.60,53.60,-4.40,1298,97506577
108/04/09,1225736,53.80,55.20,51.80,53.00,-0.60,957,65439513
108/04/10,4783013,53.70,57.90,50.00,50.00,-3.00,3505,261697470
108/04/11,2190209,50.00,50.00,48.00,48.80,-1.20,1613,107135965
108/04/12,965468,49.50,49.90,47.55,47.55,-1.25,699,47092700
108/04/15,1257613,48.20,48.20,45.35,46.55,-1.00,933,58625654
108/04/16,1172080,47.05,48.80,47.05,47.90,+1.35,921,56235731
108/04/17,1115491,48.60,48.60,45.90,46.00,-1.90,842,52147987
108/04/18,856010,46.70,47.50,45.90,46.10,+0.10,630,39852512
108/04/19,529230,46.70,47.30,45.30,45.35,-0.75,461,24420691
108/04/22,433062,45.85,46.15,45.00,45.00,-0.35,317,19634305
108/04/23,764941,45.30,45.30,42.00,42.35,-2.65,592,33091843
108/04/24,920401,42.90,44.30,42.75,44.00,+1.65,743,40032744
108/04/25,1033000,44.30,45.90,44.10,44.35,+0.35,820,46451500
108/04/26,521000,44.00,44.00,42.05,42.50,-1.85,422,22374200
108/04/29,452130,41.95,43.00,41.10,41.10,-1.40,341,18945135
108/04/30,647100,41.20,43.40,40.00,43.40,+2.30,493,27028970
108/05/02,333010,43.70,43.70,42.70,42.80,-0.60,277,14348380
108/05/03,510016,42.95,44.20,42.20,43.80,+1.00,403,22156354
108/05/06,352000,43.30,43.30,41.80,41.80,-2.00,292,14911650
108/05/07,280000,42.25,42.90,41.80,42.10,+0.30,241,11854600
108/05/08,1603160,41.05,46.30,41.00,46.30,+4.20,1137,71853458
108/05/09,2679927,46.55,47.10,41.75,43.00,-3.30,2006,121257269
108/05/10,1781783,44.70,46.00,43.60,45.95,+2.95,1446,79813918
108/05/13,5230005,47.35,50.50,46.50,50.10,+4.15,4041,254442797
108/05/14,2667210,49.00,50.40,47.50,49.20,-0.90,2052,130921992
108/05/15,4151610,50.00,52.60,48.30,48.40,-0.80,3210,211694924
108/05/16,2162000,48.95,49.90,46.00,46.10,-2.30,1590,104309400
108/05/17,1979170,47.60,47.95,44.65,44.85,-1.25,1452,91070174
108/05/20,1283390,45.80,45.80,43.00,43.25,-1.60,961,56321365
108/05/21,1595150,43.20,44.95,41.50,44.20,+0.95,1225,68864780
108/05/22,835000,44.20,44.95,43.35,43.75,-0.45,661,36799350
108/05/23,889020,43.00,43.20,41.60,41.85,-1.90,694,37592110
108/05/24,738000,41.85,42.70,41.30,41.30,-0.55,564,30963350
108/05/27,391300,41.80,41.95,40.45,41.00,-0.30,342,16111300
108/05/28,1226100,41.35,44.75,41.05,44.25,+3.25,973,52925575
108/05/29,829000,43.00,44.25,42.60,42.70,-1.55,687,35907350
108/05/30,582000,42.70,43.95,42.70,42.85,+0.15,471,25197350
108/05/31,473000,43.25,43.65,42.60,43.25,+0.40,379,20463250
108/06/03,391003,43.20,43.20,42.00,42.10,-1.15,313,16545942
108/06/04,252500,42.35,42.80,42.00,42.10,0.00,225,10683350
108/06/05,813000,42.85,44.10,42.60,42.70,+0.60,653,35232200
108/06/06,567200,42.75,43.00,41.00,41.30,-1.40,455,23759260
108/06/10,599002,42.00,43.10,41.60,43.05,+1.75,408,25395140
108/06/11,842788,39.30,39.90,38.75,38.75,-4.30,584,32924929
108/06/12,1505306,36.90,37.40,36.45,37.15,-1.60,1046,55538734
108/06/13,656000,37.80,38.30,37.35,37.35,+0.20,528,24811400
108/06/14,389000,37.45,37.90,36.20,36.20,-1.15,295,14438350
108/06/17,853000,36.30,36.70,34.55,35.20,-1.00,619,30139350
108/06/18,543000,35.70,36.20,35.05,35.25,+0.05,394,19301400
108/06/19,323000,35.70,35.80,35.35,35.45,+0.20,240,11488150
108/06/20,1095000,35.55,37.50,35.50,37.30,+1.85,865,40269350
108/06/21,822000,37.90,38.40,36.85,36.85,-0.45,614,31002050
108/06/24,195000,37.00,37.10,36.40,36.80,-0.05,167,7149250
108/06/25,168082,36.95,37.15,36.50,36.60,-0.20,140,6162275
108/06/26,146002,36.00,36.55,36.00,36.15,-0.45,112,5283880
108/06/27,166008,36.45,36.75,36.40,36.50,+0.35,122,6063167
108/06/28,177307,36.65,36.75,36.00,36.05,-0.45,114,6438425
