類比科,	3438
日期,成交股數,開盤價,最高價,最低價,收盤價,漲跌價差,成交筆數,成交金額
104/01/05,63002,28.50,29.15,28.40,28.95,+0.35,47,1815858
104/01/06,102349,28.90,28.95,28.50,28.75,-0.20,49,2930260
104/01/07,49040,28.65,28.65,28.20,28.45,-0.30,27,1397884
104/01/08,35559,28.45,28.70,28.45,28.50,+0.05,26,1014718
104/01/09,31023,29.00,29.00,28.70,28.70,+0.20,20,892962
104/01/12,9097,28.70,28.70,28.35,28.35,-0.35,15,258588
104/01/13,15078,28.35,28.60,28.30,28.50,+0.15,30,429152
104/01/14,30070,28.60,28.65,28.40,28.40,-0.10,46,859375
104/01/15,10056,28.65,28.65,28.40,28.50,+0.10,30,286483
104/01/16,35058,28.15,28.20,27.90,28.05,-0.45,26,981825
104/01/19,74007,28.15,28.15,27.65,27.65,-0.40,41,2066139
104/01/20,44002,27.75,28.25,27.65,28.25,+0.60,27,1230806
104/01/21,12628,28.35,28.35,27.85,27.85,-0.40,13,354662
104/01/22,40140,28.00,28.05,27.95,27.95,+0.10,19,1123820
104/01/23,69769,28.00,28.20,27.70,28.20,+0.25,40,1948051
104/01/26,64257,28.05,28.05,27.40,27.85,-0.35,35,1783790
104/01/27,58943,27.85,28.15,27.70,28.15,+0.30,38,1646206
104/01/28,32007,28.20,28.20,28.00,28.05,-0.10,20,897596
104/01/29,38573,27.90,28.15,27.60,28.15,+0.10,28,1075283
104/01/30,13571,28.00,28.00,27.70,27.95,-0.20,19,377791
104/02/02,36004,27.75,27.95,27.75,27.90,-0.05,21,1003608
104/02/03,12106,27.75,27.90,27.65,27.90,0.00,16,336073
104/02/04,23070,28.00,28.15,27.80,27.80,-0.10,22,645423
104/02/05,54002,27.15,27.80,27.15,27.70,-0.10,37,1482954
104/02/06,23181,27.20,27.50,27.20,27.50,-0.20,32,632520
104/02/09,5017,27.55,27.55,27.35,27.50,0.00,12,137863
104/02/10,21276,27.40,27.40,27.25,27.25,-0.25,24,581141
104/02/11,15195,27.25,27.30,27.20,27.20,-0.05,60,414030
104/02/12,20020,27.20,27.35,27.10,27.30,+0.10,30,544890
104/02/13,6112,27.50,27.50,27.30,27.30,0.00,15,167644
104/02/24,21036,27.10,27.60,27.10,27.60,+0.30,37,571975
104/02/25,71016,27.65,27.65,27.30,27.60,0.00,41,1949085
104/02/26,15009,27.35,27.60,27.35,27.50,-0.10,19,412093
104/03/02,53258,27.35,27.80,27.15,27.60,+0.10,57,1456984
104/03/03,70500,27.60,27.60,27.40,27.55,-0.05,39,1937646
104/03/04,33021,27.35,27.60,27.35,27.60,+0.05,40,908119
104/03/05,60105,27.50,28.80,27.50,28.00,+0.40,53,1695918
104/03/06,179958,28.20,28.60,28.05,28.60,+0.60,113,5120200
104/03/09,23035,28.60,28.60,28.20,28.20,-0.40,43,651834
104/03/10,20035,28.20,28.20,27.90,27.95,-0.25,31,561109
104/03/11,83384,27.50,28.10,27.50,27.85,-0.10,60,2328834
104/03/12,58100,28.15,28.40,28.10,28.20,+0.35,42,1640481
104/03/13,612411,28.80,30.15,28.80,30.15,+1.95,271,18323338
104/03/16,1796598,30.90,32.15,30.80,31.05,+0.90,1004,56499288
104/03/17,800217,32.00,32.15,31.20,31.25,+0.20,445,25420165
104/03/18,337352,31.50,31.70,30.60,31.20,-0.05,201,10574143
104/03/19,367810,31.30,32.00,31.30,31.50,+0.30,266,11624950
104/03/20,321569,31.50,31.50,30.60,30.65,-0.85,256,9977587
104/03/23,176010,30.90,30.95,30.65,30.90,+0.25,178,5419854
104/03/24,101242,31.25,31.25,30.40,30.70,-0.20,203,3103652
104/03/25,228431,31.25,31.25,30.00,30.10,-0.60,278,6918240
104/03/26,116939,29.50,30.40,29.50,30.20,+0.10,172,3508520
104/03/27,112692,30.10,30.10,29.70,29.90,-0.30,160,3368161
104/03/30,83016,29.90,30.05,29.70,29.80,-0.10,60,2478146
104/03/31,96354,29.90,30.00,29.55,29.55,-0.25,211,2862304
104/04/01,103107,29.75,29.90,29.25,29.25,-0.30,134,3044476
104/04/02,203070,29.40,29.60,29.15,29.55,+0.30,121,5959876
104/04/07,98957,29.95,29.95,29.50,29.80,+0.25,258,2940591
104/04/08,130873,29.90,29.90,29.50,29.75,-0.05,247,3887333
104/04/09,99050,29.80,29.80,29.05,29.10,-0.65,74,2905430
104/04/10,100327,29.15,29.20,28.90,28.90,-0.20,74,2914086
104/04/13,101022,29.00,29.10,28.60,29.10,+0.20,79,2907460
104/04/14,50102,29.05,29.40,29.00,29.40,+0.30,42,1464172
104/04/15,98012,29.40,29.55,28.95,29.00,-0.40,65,2856498
104/04/16,87337,29.00,29.10,28.85,28.95,-0.05,57,2529223
104/04/17,81000,28.95,29.35,28.95,28.95,0.00,46,2356200
104/04/20,65442,29.00,29.05,28.80,28.80,-0.15,56,1895139
104/04/21,62199,28.75,28.75,28.15,28.30,-0.50,55,1774168
104/04/22,59873,28.30,28.30,28.05,28.20,-0.10,48,1684979
104/04/23,111002,28.20,28.70,28.05,28.70,+0.50,64,3139156
104/04/24,36622,28.50,28.85,28.50,28.55,-0.15,33,1048933
104/04/27,24161,28.70,28.70,28.45,28.70,+0.15,31,690894
104/04/28,64099,28.70,28.70,28.25,28.50,-0.20,42,1823474
104/04/29,47002,28.50,28.50,28.15,28.50,0.00,30,1333706
104/04/30,42140,28.15,28.50,28.15,28.50,0.00,31,1191745
104/05/04,47357,28.50,28.60,28.15,28.15,-0.35,46,1343247
104/05/05,25003,28.20,28.40,28.20,28.35,+0.20,23,706734
104/05/06,38002,28.20,28.20,28.15,28.20,-0.15,31,1071606
104/05/07,38005,28.20,28.45,28.15,28.30,+0.10,30,1073741
104/05/08,35016,28.30,28.30,28.05,28.10,-0.20,33,987498
104/05/11,113036,28.05,28.40,26.80,27.00,-1.10,86,3072176
104/05/12,44595,26.50,27.00,26.50,26.70,-0.30,57,1188861
104/05/13,14056,26.70,27.25,26.70,27.25,+0.55,17,378862
104/05/14,27200,27.30,27.30,26.90,27.30,+0.05,29,737826
104/05/15,77009,27.45,28.10,27.45,28.00,+0.70,58,2144552
104/05/18,34054,27.65,27.90,27.50,27.90,-0.10,53,939729
104/05/19,20165,27.60,27.85,27.60,27.70,-0.20,63,558217
104/05/20,18150,27.60,27.80,27.50,27.60,-0.10,14,500488
104/05/21,18039,27.45,27.50,27.20,27.50,-0.10,19,493410
104/05/22,54349,27.60,27.95,27.30,27.50,0.00,29,1507242
104/05/25,43500,27.50,28.00,27.50,27.80,+0.30,20,1213049
104/05/26,23070,27.90,27.90,27.35,27.35,-0.45,18,634746
104/05/27,48432,28.10,28.10,27.40,27.40,+0.05,30,1330599
104/05/28,40000,28.00,28.00,27.40,27.50,+0.10,23,1100500
104/05/29,40011,27.60,27.85,27.40,27.45,-0.05,21,1099252
104/06/01,34045,27.45,27.50,27.30,27.30,-0.15,19,934485
104/06/02,44258,27.30,27.50,27.25,27.50,+0.20,23,1214793
104/06/03,72182,27.60,28.30,27.50,27.85,+0.35,47,2005671
104/06/04,94000,28.00,28.05,27.60,27.80,-0.05,52,2620250
104/06/05,77314,27.70,27.70,27.00,27.00,-0.80,41,2101033
104/06/08,59384,27.00,27.00,25.85,26.30,-0.70,37,1561210
104/06/09,170549,26.10,26.10,24.75,24.75,-1.55,105,4344855
104/06/10,76101,24.95,25.60,24.95,25.60,+0.85,44,1924960
104/06/11,32176,25.60,25.80,25.45,25.50,-0.10,25,821355
104/06/12,63385,25.50,26.05,25.50,26.05,+0.55,48,1631531
104/06/15,19002,26.00,26.10,25.80,26.05,0.00,14,493252
104/06/16,37797,26.00,26.00,25.80,25.80,-0.25,20,977140
104/06/17,38001,26.05,26.10,25.95,25.95,+0.15,18,988826
104/06/18,37001,26.00,26.70,26.00,26.50,+0.55,28,973476
104/06/22,32001,26.35,26.40,26.20,26.40,-0.10,17,842276
104/06/23,30000,26.40,26.65,26.40,26.60,+0.20,21,796500
104/06/24,39105,26.55,26.65,26.40,26.65,+0.05,27,1036852
104/06/25,45001,26.65,26.65,26.10,26.60,-0.05,23,1188076
104/06/26,18630,26.35,26.60,26.35,26.60,0.00,14,493817
104/06/29,8002,26.60,26.60,26.15,26.30,-0.30,10,210252
104/06/30,25119,26.50,26.60,26.30,26.50,+0.20,20,663081
104/07/01,73550,26.60,26.95,26.50,26.65,+0.15,35,1956397
104/07/02,19125,26.80,26.80,26.55,26.70,+0.05,19,509118
104/07/03,26070,26.60,26.85,26.50,26.85,+0.15,19,696310
104/07/06,28000,26.85,26.85,26.60,26.65,-0.20,21,748900
104/07/07,21004,26.85,26.85,26.70,26.80,+0.15,15,562104
104/07/08,22000,26.70,26.70,25.00,25.75,-1.05,18,572150
104/07/09,39017,25.05,25.75,25.05,25.70,-0.05,21,997436
104/07/13,13003,25.75,26.20,25.75,26.10,+0.40,14,337278
104/07/14,23073,26.10,26.10,25.80,25.80,-0.30,20,596260
104/07/15,17000,25.80,25.90,25.60,25.80,0.00,12,437050
104/07/16,12000,25.80,25.95,25.60,25.95,+0.15,9,308500
104/07/17,6559,25.95,25.95,25.70,25.70,-0.25,19,168647
104/07/20,13275,25.60,25.80,25.45,25.50,-0.20,15,340034
104/07/21,31316,25.50,25.95,25.30,25.95,+0.45,20,796519
104/07/22,18001,25.40,25.95,25.30,25.95,0.00,11,457275
104/07/23,31314,25.30,25.40,25.15,25.40,-0.55,31,790796
104/07/24,43005,25.30,25.35,25.05,25.35,-0.05,28,1085925
104/07/27,140341,25.10,25.10,24.10,24.10,-1.25,85,3406663
104/07/28,70419,24.00,24.10,23.40,23.70,-0.40,36,1667463
104/07/29,19001,24.00,24.00,23.75,24.00,+0.30,10,453274
104/07/30,30628,24.15,24.20,23.65,23.80,-0.20,31,733797
104/07/31,132606,23.80,24.00,23.60,23.70,-0.10,72,3149482
104/08/03,72007,21.55,21.60,20.90,21.00,,55,1518547
104/08/04,85090,20.50,21.00,19.10,19.10,-1.90,66,1716703
104/08/05,35000,19.35,20.20,19.30,20.20,+1.10,28,692050
104/08/06,12314,20.20,20.20,19.80,19.85,-0.35,18,245381
104/08/07,5447,20.00,20.20,19.75,20.05,+0.20,9,108840
104/08/10,31251,20.10,20.40,20.10,20.20,+0.15,24,630070
104/08/11,26000,20.20,20.20,19.95,19.95,-0.25,18,522550
104/08/12,22000,19.60,20.00,19.60,19.80,-0.15,13,435500
104/08/13,71055,19.35,19.50,19.20,19.30,-0.50,47,1374724
104/08/14,85000,19.20,19.25,19.00,19.10,-0.20,34,1622100
104/08/17,14000,19.00,19.20,19.00,19.20,+0.10,12,267700
104/08/18,50000,19.20,19.20,18.50,18.55,-0.65,29,946150
104/08/19,76003,18.50,18.50,17.75,17.80,-0.75,36,1370654
104/08/20,25070,17.80,19.10,17.80,18.15,+0.35,21,456169
104/08/21,76000,18.00,18.00,17.00,17.30,-0.85,54,1309500
104/08/24,225001,17.05,17.05,15.60,15.60,-1.70,93,3546067
104/08/25,43200,14.55,16.30,14.55,16.30,+0.70,33,670119
104/08/26,28000,15.45,16.40,15.45,16.35,+0.05,18,450650
104/08/27,26058,16.55,17.00,16.55,16.80,+0.45,26,437073
104/08/28,50524,17.00,17.65,17.00,17.25,+0.45,46,876309
104/08/31,6582,17.00,17.20,17.00,17.20,-0.05,10,112779
104/09/01,9206,17.20,17.60,17.20,17.30,+0.10,18,159041
104/09/02,28009,17.40,17.65,17.40,17.50,+0.20,21,489557
104/09/03,28003,17.55,18.40,17.55,18.00,+0.50,24,508504
104/09/04,28001,18.05,18.35,17.80,17.80,-0.20,19,508267
104/09/07,3001,17.55,18.15,17.55,18.15,+0.35,4,53368
104/09/08,42000,17.50,17.90,17.50,17.55,-0.60,26,742100
104/09/09,75600,17.80,18.10,17.70,18.10,+0.55,43,1351088
104/09/10,6628,17.70,18.15,17.70,18.15,+0.05,7,118404
104/09/11,77143,18.05,18.10,17.80,18.10,-0.05,37,1383474
104/09/14,15349,17.80,17.95,17.65,17.95,-0.15,22,271705
104/09/15,86000,17.90,18.10,17.60,18.10,+0.15,29,1540050
104/09/16,92108,18.10,18.30,18.10,18.30,+0.20,36,1673354
104/09/17,73001,18.30,18.35,18.20,18.25,-0.05,24,1332218
104/09/18,203120,19.30,19.80,19.30,19.75,+1.50,106,3964658
104/09/21,91135,19.10,19.65,19.00,19.50,-0.25,68,1756424
104/09/22,16003,19.50,19.50,19.20,19.50,0.00,15,310557
104/09/23,67430,19.00,19.00,18.80,18.90,-0.60,36,1273372
104/09/24,40384,18.90,18.90,18.30,18.40,-0.50,35,752880
104/09/25,29660,18.40,18.65,18.25,18.65,+0.25,18,543291
104/09/30,12005,18.65,18.65,18.40,18.55,-0.10,14,223140
104/10/01,42156,18.60,19.00,18.60,19.00,+0.45,26,788429
104/10/02,71166,19.10,19.50,18.80,19.50,+0.50,49,1359201
104/10/05,32238,19.35,19.80,19.10,19.80,+0.30,26,628011
104/10/06,62279,21.10,21.10,19.85,19.90,+0.10,43,1256999
104/10/07,62001,20.30,21.00,20.10,20.55,+0.65,37,1273070
104/10/08,61739,20.50,20.50,19.60,20.20,-0.35,32,1234449
104/10/12,47670,20.00,20.00,19.65,19.90,-0.30,36,947895
104/10/13,55070,19.90,19.90,19.55,19.60,-0.30,31,1082521
104/10/14,47300,21.15,21.15,19.45,19.75,+0.15,36,938319
104/10/15,146001,19.70,19.75,19.60,19.75,0.00,51,2872519
104/10/16,61470,20.00,20.10,19.60,19.60,-0.15,36,1223175
104/10/19,60000,19.70,19.75,19.65,19.70,+0.10,26,1181750
104/10/20,29004,19.80,19.80,19.50,19.50,-0.20,20,568626
104/10/21,40140,19.80,19.80,19.40,19.60,+0.10,29,784965
104/10/22,65341,19.80,19.80,19.45,19.60,0.00,43,1282948
104/10/23,88050,20.00,20.00,19.45,19.45,-0.15,56,1726534
104/10/26,65120,19.40,19.80,19.35,19.70,+0.25,51,1274058
104/10/27,21001,19.70,19.70,19.50,19.60,-0.10,15,411220
104/10/28,39006,19.60,19.60,19.35,19.35,-0.25,31,760326
104/10/29,25000,19.35,19.35,19.20,19.25,-0.10,16,482300
104/10/30,20000,19.10,19.10,18.75,19.00,-0.25,18,378600
104/11/02,53266,19.00,19.00,18.80,18.90,-0.10,44,1006804
104/11/03,132036,19.00,19.25,18.85,18.90,0.00,60,2502428
104/11/04,107314,19.10,19.50,19.05,19.45,+0.55,56,2076475
104/11/05,146314,19.45,19.55,19.00,19.05,-0.40,85,2802062
104/11/06,53035,19.00,19.00,18.80,18.80,-0.25,31,1004316
104/11/09,83109,18.80,18.85,18.45,18.45,-0.35,35,1541846
104/11/10,29035,18.20,18.40,18.20,18.30,-0.15,16,530640
104/11/11,32074,18.10,18.10,17.80,17.90,-0.40,32,574220
104/11/12,28051,17.50,17.85,17.50,17.85,-0.05,14,496628
104/11/13,53002,18.00,18.00,17.80,17.80,-0.05,24,947736
104/11/16,6159,17.70,17.75,17.50,17.50,-0.30,16,108428
104/11/17,24051,18.00,18.00,17.50,17.95,+0.45,20,428207
104/11/18,12140,17.50,17.80,17.50,17.80,-0.15,11,214070
104/11/19,53001,17.80,17.95,17.80,17.95,+0.15,24,946567
104/11/20,64035,17.40,17.85,17.40,17.45,-0.50,43,1120207
104/11/23,52325,17.5,18.15,17.5,18,0.55,42,934800
104/11/24,11007,17.75,17.90,17.65,17.65,-0.35,17,195369
104/11/25,31628,17.55,17.55,17.50,17.50,-0.15,22,553743
104/11/26,13035,17.30,17.40,17.30,17.40,-0.10,18,225656
104/11/27,12003,17.30,17.35,17.30,17.30,-0.10,11,207801
104/11/30,9012,17.15,17.20,17.10,17.10,-0.20,16,154554
104/12/01,52107,17.00,17.45,16.90,17.45,+0.35,42,889028
104/12/02,85562,17.50,18.10,17.50,17.80,+0.35,55,1528116
104/12/03,44570,17.95,18.75,17.95,18.20,+0.40,43,807622
104/12/04,21014,18.20,18.20,17.70,18.20,0.00,28,376902
104/12/07,38042,18.20,18.40,18.05,18.05,-0.15,26,693862
104/12/08,27558,17.95,17.95,17.80,17.80,-0.25,27,491863
104/12/09,12035,17.60,17.65,17.60,17.60,-0.20,13,211863
104/12/10,7004,17.35,17.50,17.10,17.50,-0.10,10,120568
104/12/11,23204,17.05,17.05,16.50,16.70,-0.80,25,391034
104/12/14,15011,16.60,16.60,16.50,16.50,-0.20,20,247876
104/12/15,15005,16.70,17.00,16.55,16.60,+0.10,18,250780
104/12/16,49495,18.25,18.25,17.20,17.30,+0.70,38,869338
104/12/17,30448,17.20,17.50,17.15,17.50,+0.20,28,527943
104/12/18,9004,17.35,17.80,17.35,17.35,-0.15,12,157518
104/12/21,24700,17.35,18.00,17.35,17.90,+0.55,35,435126
104/12/22,29004,17.40,17.50,17.40,17.50,-0.40,12,505468
104/12/23,16013,17.60,17.60,17.45,17.45,-0.05,23,280221
104/12/24,29007,17.45,17.60,17.40,17.45,0.00,18,507069
104/12/25,24005,17.40,17.50,17.20,17.50,+0.05,18,415085
104/12/28,23572,17.30,17.45,17.15,17.15,-0.35,34,405407
104/12/29,20257,17.30,17.50,17.25,17.25,+0.10,16,350331
104/12/30,16008,17.05,17.10,17.05,17.10,-0.15,13,273686
104/12/31,61957,17.15,17.50,17.10,17.25,+0.15,29,1069212
105/01/04,23019,17.30,17.50,17.05,17.15,-0.10,40,396673
105/01/05,57260,17.50,17.50,17.25,17.30,+0.15,30,997296
105/01/06,1834956,19.00,19.00,18.50,19.00,+1.70,654,34819364
105/01/07,935530,19.10,19.40,17.10,17.20,-1.80,598,17098788
105/01/08,308060,17.00,17.50,16.40,17.35,+0.15,188,5254940
105/01/11,257563,17.05,17.05,16.05,16.10,-1.25,170,4258245
105/01/12,130190,16.45,16.45,15.55,15.55,-0.55,104,2089421
105/01/13,96340,15.65,16.05,15.65,16.05,+0.50,87,1523204
105/01/14,41035,15.55,15.85,15.50,15.85,-0.20,54,645082
105/01/15,87068,16.00,16.05,15.40,15.60,-0.25,68,1373253
105/01/18,41040,15.20,16.15,15.20,16.15,+0.55,36,650990
105/01/19,43001,16.55,16.55,15.90,16.40,+0.25,27,693166
105/01/20,52002,15.95,16.15,15.75,15.75,-0.65,32,831630
105/01/21,10001,15.80,15.80,15.80,15.80,+0.05,9,158015
105/01/22,17004,15.85,15.85,15.75,15.85,+0.05,15,268660
105/01/25,69003,15.85,16.10,15.85,16.10,+0.25,23,1097048
105/01/26,3011,16.00,16.00,16.00,16.00,-0.10,14,48176
105/01/27,13008,15.50,15.90,15.50,15.70,-0.30,18,204220
105/01/28,35011,15.70,15.95,15.50,15.85,+0.15,35,550076
105/01/29,29005,16.20,16.20,15.90,15.90,+0.05,20,465730
105/01/30,62363,16.50,16.50,16.15,16.35,+0.45,45,1020839
105/02/01,8000,16.20,16.25,16.15,16.25,-0.10,7,129800
105/02/02,23070,16.25,16.40,16.00,16.40,+0.15,35,372498
105/02/03,17000,16.20,16.30,16.00,16.10,-0.30,14,273550
105/02/15,22070,16.10,16.30,16.00,16.30,+0.20,54,354424
105/02/16,99301,16.30,16.90,16.30,16.65,+0.35,81,1655701
105/02/17,75076,16.60,17.15,16.60,16.85,+0.20,68,1273142
105/02/18,49955,16.90,17.30,16.90,17.10,+0.25,107,856271
105/02/19,39011,17.00,17.50,17.00,17.20,+0.10,38,675237
105/02/22,36026,17.20,17.20,17.00,17.00,-0.20,47,613792
105/02/23,56060,17.05,17.35,16.95,17.35,+0.35,95,958121
105/02/24,37180,17.15,17.30,17.15,17.30,-0.05,145,640469
105/02/25,51314,17.30,17.50,17.20,17.50,+0.20,62,891324
105/02/26,49073,17.35,17.70,17.35,17.65,+0.15,52,864422
105/03/01,51192,17.75,17.75,17.50,17.70,+0.05,46,902710
105/03/02,40255,17.70,17.70,17.55,17.70,0.00,58,710544
105/03/03,49014,17.75,18.00,17.60,17.80,+0.10,51,871038
105/03/04,50056,17.85,18.20,17.80,17.95,+0.15,53,901458
105/03/07,47828,18.00,18.60,18.00,18.25,+0.30,90,874280
105/03/08,74034,18.25,18.30,18.00,18.10,-0.15,71,1340012
105/03/09,28558,18.10,18.25,18.10,18.25,+0.15,43,519746
105/03/10,55438,18.10,18.15,17.85,18.10,-0.15,72,999524
105/03/11,43035,18.00,18.30,18.00,18.15,+0.05,59,779431
105/03/14,109035,18.00,18.25,18.00,18.15,0.00,69,1970931
105/03/15,221046,18.20,19.00,18.00,18.50,+0.35,144,4029633
105/03/16,180868,18.30,18.75,18.30,18.70,+0.20,110,3365484
105/03/17,83043,18.70,18.70,18.45,18.60,-0.10,66,1543236
105/03/18,91700,18.60,18.80,18.45,18.60,0.00,62,1703438
105/03/21,58838,18.50,18.50,18.00,18.40,-0.20,75,1072841
105/03/22,77406,18.40,18.40,18.20,18.35,-0.05,61,1412310
105/03/23,21035,18.20,18.30,18.10,18.30,-0.05,39,383032
105/03/24,102105,18.10,18.40,18.00,18.30,0.00,70,1846796
105/03/25,146115,18.20,18.20,17.70,18.10,-0.20,57,2602730
105/03/28,28401,17.90,17.90,17.80,17.80,-0.30,53,507074
105/03/29,48540,17.80,17.80,17.10,17.30,-0.50,43,845982
105/03/30,30939,17.40,17.40,17.15,17.40,+0.10,34,534822
105/03/31,55724,17.45,17.50,17.30,17.30,-0.10,29,968128
105/04/01,32035,17.30,17.65,17.30,17.50,+0.20,34,559706
105/04/06,29023,18.15,18.15,17.20,17.30,-0.20,41,502491
105/04/07,308314,19.00,19.00,19.00,19.00,+1.70,98,5857966
105/04/08,1067000,20.55,20.90,20.15,20.90,+1.90,456,22094250
105/04/11,3104731,22.25,22.95,21.65,22.50,+1.60,1471,70072370
105/04/12,1121909,22.50,22.60,21.00,21.90,-0.60,662,24285713
105/04/13,1055062,22.20,22.20,20.40,21.50,-0.40,536,22327385
105/04/14,1013295,22.60,23.65,22.30,23.65,+2.15,489,23608971
105/04/15,2872885,25.00,25.50,23.30,23.80,+0.15,1618,70869315
105/04/18,788705,22.60,23.00,22.10,22.70,-1.10,468,17798291
105/04/19,461093,22.90,23.50,22.20,22.40,-0.30,277,10472267
105/04/20,426900,22.80,22.90,21.40,21.60,-0.80,254,9346849
105/04/21,315006,21.70,21.95,21.20,21.30,-0.30,166,6775726
105/04/22,511202,21.30,22.45,21.05,21.45,+0.15,310,11199414
105/04/25,173235,21.10,21.30,20.90,21.00,-0.45,111,3643907
105/04/26,132165,20.40,21.00,20.40,20.85,-0.15,94,2741343
105/04/27,1035062,20.45,22.90,20.45,22.90,+2.05,520,23112868
105/04/28,1026823,22.90,23.45,21.50,21.75,-1.15,536,23182722
105/04/29,311008,21.10,22.00,21.10,21.15,-0.60,188,6683968
105/05/03,131001,21.25,21.75,21.10,21.20,+0.05,102,2791821
105/05/04,464007,21.20,21.20,19.55,19.55,-1.65,254,9326686
105/05/05,207105,19.55,19.70,18.80,19.40,-0.15,116,3973320
105/05/06,84050,19.60,19.60,19.10,19.20,-0.20,60,1623717
105/05/09,146002,19.45,19.50,18.30,18.30,-0.90,89,2718136
105/05/10,91000,18.20,18.90,17.95,18.90,+0.60,50,1655450
105/05/11,113279,19.00,19.00,18.00,18.05,-0.85,76,2077135
105/05/12,119005,18.40,18.45,17.95,17.95,-0.10,82,2151940
105/05/13,433006,17.15,17.65,16.55,16.80,-1.15,200,7325900
105/05/16,65001,17.30,17.35,16.80,17.05,+0.25,48,1107267
105/05/17,38315,17.05,17.60,17.05,17.40,+0.35,32,661667
105/05/18,99414,17.15,17.50,17.00,17.40,0.00,64,1713870
105/05/19,260011,17.25,17.25,16.65,17.10,-0.30,108,4392289
105/05/20,115224,17.00,17.20,16.45,17.00,-0.10,75,1946034
105/05/23,89602,16.95,17.75,16.95,17.50,+0.50,65,1558611
105/05/24,113628,17.70,17.70,17.20,17.35,-0.15,69,1970701
105/05/25,120279,17.45,17.85,17.45,17.65,+0.30,79,2124079
105/05/26,69142,17.70,17.70,17.40,17.65,0.00,41,1216542
105/05/27,620035,17.75,19.40,17.75,19.40,+1.75,303,11792079
105/05/30,284041,19.30,19.30,18.80,19.10,-0.30,186,5433285
105/05/31,201005,19.00,19.15,18.30,18.50,-0.60,129,3752141
105/06/01,182173,18.40,19.30,18.40,18.95,+0.45,110,3436804
105/06/02,173588,18.65,18.80,17.90,18.15,,121,3168684
105/06/03,56105,18.10,18.45,18.10,18.30,+0.15,46,1025626
105/06/04,68001,18.35,18.40,18.20,18.40,+0.10,36,1240968
105/06/06,62006,18.40,18.40,18.00,18.40,0.00,47,1127058
105/06/07,133147,18.05,18.20,17.85,17.85,-0.55,83,2403396
105/06/08,54417,17.85,17.85,17.60,17.80,-0.05,46,962685
105/06/13,57335,17.80,17.80,17.10,17.30,-0.50,48,991426
105/06/14,31002,17.30,17.60,17.30,17.55,+0.25,20,541484
105/06/15,65183,17.45,17.65,17.25,17.65,+0.10,30,1136605
105/06/16,44008,17.90,17.90,17.50,17.50,-0.15,36,775436
105/06/17,65063,18.30,18.30,17.80,17.90,+0.40,49,1169475
105/06/20,57201,17.70,18.00,17.70,18.00,+0.10,36,1022777
105/06/21,44000,18.10,18.10,17.85,17.85,-0.15,27,791250
105/06/22,100001,17.85,18.45,17.80,18.30,+0.45,67,1817068
105/06/23,52144,18.30,18.55,17.85,18.15,-0.15,40,945012
105/06/24,81000,17.95,18.00,17.20,17.35,-0.80,52,1420950
105/06/27,80002,17.35,17.60,17.30,17.30,-0.05,49,1388384
105/06/28,61003,17.30,17.80,17.10,17.35,+0.05,49,1062801
105/06/29,38204,17.50,17.75,17.35,17.35,0.00,32,667868
105/06/30,47108,17.50,17.65,17.40,17.65,+0.30,30,825989
105/07/01,69000,17.65,17.80,17.35,17.65,0.00,37,1216550
105/07/04,615776,17.55,19.40,17.55,19.40,+1.75,289,11658854
105/07/05,1127004,19.90,20.35,19.40,19.80,+0.40,581,22388626
105/07/06,237101,19.60,19.60,18.80,18.80,-1.00,163,4532912
105/07/07,142314,18.80,19.45,18.80,19.00,+0.20,85,2710916
105/07/11,186489,19.30,19.60,18.85,19.50,+0.50,127,3593636
105/07/12,168000,19.50,19.80,19.20,19.60,+0.10,103,3287650
105/07/13,186250,19.70,19.70,18.85,18.85,-0.75,87,3569700
105/07/14,41035,18.90,19.15,18.90,19.00,+0.15,37,779404
105/07/15,189121,19.40,19.50,19.20,19.25,+0.25,108,3664860
105/07/18,171050,19.30,19.80,19.30,19.60,+0.35,87,3353937
105/07/19,566355,19.65,21.30,19.65,20.45,+0.85,385,11607120
105/07/20,152000,20.20,20.40,19.75,20.00,-0.45,96,3038350
105/07/21,163874,19.90,20.40,19.90,20.00,0.00,95,3289954
105/07/22,56001,20.15,20.30,19.75,19.75,-0.25,40,1118169
105/07/25,179108,19.80,20.00,19.25,19.25,-0.50,82,3492962
105/07/26,66607,19.30,19.45,19.15,19.45,+0.20,40,1282614
105/07/27,74011,19.55,19.60,19.25,19.35,-0.10,49,1437910
105/07/28,50306,19.35,19.35,19.15,19.25,-0.10,25,970188
105/07/29,40047,19.25,19.25,18.95,19.20,-0.05,30,767693
105/08/01,48977,18.90,19.35,18.90,19.20,0.00,32,938613
105/08/02,87017,19.20,19.45,18.70,19.45,+0.25,67,1659177
105/08/03,90058,19.45,19.65,19.30,19.55,+0.10,42,1752330
105/08/04,195022,19.60,19.70,19.45,19.50,-0.05,64,3803572
105/08/05,235007,19.95,20.70,19.65,20.00,+0.50,162,4698533
105/08/08,152310,20.05,20.05,19.45,19.55,-0.45,99,2989607
105/08/09,136354,19.50,19.90,19.10,19.30,-0.25,59,2652481
105/08/10,124279,19.80,19.80,19.10,19.35,+0.05,57,2391705
105/08/11,54020,19.30,19.50,18.90,19.30,-0.05,51,1032130
105/08/12,87105,19.30,19.60,19.05,19.15,-0.15,51,1672508
105/08/15,148840,19.20,19.50,19.05,19.15,0.00,72,2868610
105/08/16,103004,19.35,19.50,18.75,18.90,-0.25,54,1951122
105/08/17,75035,18.90,19.05,18.75,19.00,+0.10,45,1416805
105/08/18,79288,19.00,19.05,18.65,18.90,-0.10,36,1494648
105/08/19,98599,19.20,19.50,18.80,19.10,+0.20,59,1890013
105/08/22,41031,19.15,19.15,18.85,19.00,-0.10,58,778789
105/08/23,12442,19.00,19.00,18.80,18.80,-0.20,23,235298
105/08/24,19158,18.80,19.25,18.80,19.20,+0.40,40,366252
105/08/25,17032,19.30,19.30,19.05,19.05,-0.15,33,325608
105/08/26,45075,19.10,19.10,18.75,18.85,-0.20,48,854075
105/08/29,14070,18.90,19.20,18.65,19.20,+0.35,79,266280
105/08/30,20056,19.20,19.20,18.90,19.05,-0.15,65,381714
105/08/31,34314,18.85,19.05,18.80,19.00,-0.05,54,650523
105/09/01,61004,18.90,18.90,18.65,18.70,-0.30,32,1142524
105/09/02,130489,18.70,18.90,18.10,18.30,-0.40,82,2383399
105/09/05,64943,18.05,18.25,17.90,17.95,-0.35,58,1169531
105/09/06,113006,17.80,18.20,17.80,17.90,-0.05,57,2030058
105/09/07,95035,17.95,18.05,17.95,17.95,+0.05,57,1707818
105/09/08,127037,18.00,18.65,18.00,18.65,+0.70,70,2334733
105/09/09,207009,19.20,19.25,18.80,19.20,+0.55,137,3940771
105/09/10,107164,18.80,19.15,18.65,18.95,-0.25,76,2013081
105/09/12,13317,18.80,18.80,18.60,18.70,-0.25,20,248808
105/09/13,56001,18.70,18.80,18.50,18.60,-0.10,36,1041268
105/09/14,16006,18.40,18.55,18.35,18.35,-0.25,20,294958
105/09/19,109837,18.50,19.50,18.35,18.80,+0.45,61,2046766
105/09/20,31314,18.75,19.15,18.65,18.75,-0.05,22,587740
105/09/21,86733,18.65,18.80,18.50,18.75,0.00,44,1612882
105/09/22,32050,18.65,18.80,18.60,18.70,-0.05,15,598985
105/09/23,75525,18.70,18.75,18.55,18.70,0.00,41,1407613
105/09/26,112167,18.70,18.70,18.45,18.50,-0.20,44,2076372
105/09/29,20002,18.50,18.55,18.45,18.50,0.00,13,369636
105/09/30,41010,18.50,18.70,18.35,18.45,-0.05,17,758933
105/10/03,30001,18.60,18.90,18.60,18.85,+0.40,24,563018
105/10/04,55101,18.65,19.15,18.65,19.05,+0.20,45,1045019
105/10/05,36105,19.00,19.00,18.80,19.00,-0.05,27,683472
105/10/06,112865,19.30,19.50,19.00,19.00,0.00,77,2158735
105/10/07,60163,18.90,19.15,18.80,18.85,-0.15,65,1139864
105/10/11,122055,19.00,19.00,18.20,18.30,-0.55,66,2257711
105/10/12,159967,18.30,18.75,17.95,18.05,-0.25,99,2899356
105/10/13,32336,18.05,18.30,18.00,18.05,0.00,31,584148
105/10/14,106287,18.40,18.40,17.40,17.55,-0.50,78,1879367
105/10/17,45008,17.55,17.75,17.55,17.70,+0.15,38,795034
105/10/18,45285,17.70,18.15,17.60,17.85,+0.15,45,812091
105/10/19,33600,18.00,18.00,17.90,18.00,+0.15,28,599356
105/10/20,59001,17.90,18.00,17.85,17.90,-0.10,28,1057266
105/10/21,31146,18.00,18.05,17.85,17.85,-0.05,29,559852
105/10/24,36061,18.00,18.00,17.85,17.85,0.00,34,645733
105/10/25,102645,17.85,18.45,17.85,18.05,+0.20,50,1855459
105/10/26,45400,18.05,18.15,17.90,18.05,0.00,37,818007
105/10/27,36974,18.00,18.05,17.90,18.05,0.00,23,664780
105/10/28,103203,18.05,18.05,17.90,18.05,0.00,25,1858913
105/10/31,56798,18.15,18.40,18.00,18.30,+0.25,33,1034140
105/11/01,30800,18.25,18.25,17.95,18.15,-0.15,29,557700
105/11/02,90208,18.00,18.10,17.80,17.85,-0.30,45,1617144
105/11/03,122000,17.85,18.00,17.50,17.65,-0.20,44,2165849
105/11/04,52272,17.60,17.90,17.60,17.75,+0.10,28,927035
105/11/07,37034,17.75,17.85,17.75,17.75,0.00,34,659093
105/11/08,101604,17.75,17.75,17.20,17.40,-0.35,67,1770047
105/11/09,172254,17.40,17.40,16.70,16.90,-0.50,90,2915928
105/11/10,112250,17.15,17.15,16.75,17.10,+0.20,59,1907937
105/11/11,63195,16.90,16.90,16.70,16.70,-0.40,39,1057214
105/11/14,89011,16.70,16.70,16.40,16.50,-0.20,45,1477627
105/11/15,95337,16.20,16.60,16.20,16.30,-0.20,62,1560990
105/11/16,115251,16.50,16.70,16.20,16.40,+0.10,60,1887515
105/11/17,27600,16.45,16.45,16.25,16.25,-0.15,20,450159
105/11/18,183254,16.25,16.70,16.20,16.70,+0.45,89,3017537
105/11/21,66612,16.70,17.00,16.60,17.00,+0.30,67,1122437
105/11/22,102222,16.80,17.10,16.80,17.00,0.00,62,1731130
105/11/23,86602,17.00,17.00,16.70,16.90,-0.10,50,1467402
105/11/24,157925,16.80,16.80,16.40,16.50,-0.40,112,2604918
105/11/25,26156,16.35,16.60,16.35,16.55,+0.05,24,431907
105/11/28,46958,16.55,16.55,16.35,16.35,-0.20,41,771762
105/11/29,64511,16.35,16.45,16.20,16.35,0.00,63,1053076
105/11/30,112088,16.35,16.40,16.20,16.25,-0.10,61,1825158
105/12/01,62402,16.25,16.35,16.20,16.30,+0.05,44,1016701
105/12/02,42628,16.30,16.40,16.25,16.35,+0.05,34,695886
105/12/05,158479,16.40,16.45,16.20,16.40,+0.05,54,2579657
105/12/06,333540,17.20,17.30,16.90,16.90,+0.50,227,5687168
105/12/07,118138,16.80,17.05,16.75,16.85,-0.05,81,1996668
105/12/08,542408,17.55,18.25,17.10,17.65,+0.80,342,9638155
105/12/09,164821,17.85,18.00,17.50,17.65,0.00,91,2918645
105/12/12,99004,18.00,18.00,17.60,17.60,-0.05,48,1752268
105/12/13,76601,17.95,17.95,17.40,17.45,-0.15,58,1355466
105/12/14,52592,17.60,17.70,17.55,17.60,+0.15,32,925638
105/12/15,48093,17.60,17.65,17.50,17.65,+0.05,36,844724
105/12/16,107678,17.70,17.70,17.40,17.40,-0.25,68,1883927
105/12/19,57836,17.50,17.50,17.30,17.35,-0.05,38,1006570
105/12/20,104200,17.35,17.80,17.35,17.70,+0.35,57,1839648
105/12/21,35060,17.60,17.60,17.50,17.55,-0.15,19,615093
105/12/22,32811,17.50,17.55,17.40,17.45,-0.10,27,572327
105/12/23,32198,17.45,17.50,17.35,17.40,-0.05,29,561623
105/12/26,46008,17.25,17.40,17.20,17.35,-0.05,31,792586
105/12/27,73005,17.35,17.35,17.05,17.35,0.00,29,1258735
105/12/28,125400,17.25,17.40,17.05,17.30,-0.05,56,2156289
105/12/29,125000,17.20,17.20,17.00,17.05,-0.25,62,2133591
105/12/30,52804,17.10,17.35,17.10,17.35,+0.30,43,912016
106/01/03,60035,17.55,17.55,17.35,17.50,+0.15,37,1049852
106/01/04,102684,17.50,17.80,17.45,17.60,+0.10,71,1807748
106/01/05,28755,17.60,17.70,17.40,17.60,0.00,31,503582
106/01/06,76743,17.60,17.60,17.35,17.40,-0.20,62,1339536
106/01/09,209011,17.50,18.00,17.50,17.70,+0.30,149,3727838
106/01/10,76655,17.60,18.00,17.55,17.80,+0.10,62,1363639
106/01/11,68410,17.80,17.80,17.50,17.60,-0.20,47,1204990
106/01/12,192586,17.70,18.15,17.70,17.80,+0.20,108,3448211
106/01/13,75745,17.80,17.90,17.55,17.90,+0.10,38,1345930
106/01/16,58978,17.90,17.90,17.70,17.80,-0.10,38,1049447
106/01/17,52969,17.60,17.80,17.55,17.70,-0.10,49,934652
106/01/18,72100,17.70,17.90,17.65,17.85,+0.15,45,1281488
106/01/19,40609,17.70,17.85,17.70,17.85,0.00,33,721132
106/01/20,23226,17.80,17.80,17.70,17.80,-0.05,36,412409
106/01/23,83012,17.70,17.85,17.55,17.85,+0.05,52,1471053
106/01/24,41362,17.90,17.90,17.60,17.70,-0.15,29,731800
106/02/02,30427,17.80,17.80,17.60,17.70,0.00,44,538042
106/02/03,65632,17.70,17.75,17.60,17.70,0.00,45,1160504
106/02/06,75107,17.70,17.80,17.65,17.75,+0.05,67,1333883
106/02/07,1301669,18.30,19.50,18.20,19.50,+1.75,521,25167938
106/02/08,2529297,19.45,20.90,19.40,20.15,+0.65,1332,50852640
106/02/09,1058137,20.50,20.65,19.80,20.15,0.00,543,21468541
106/02/10,581341,20.20,20.50,19.95,20.10,-0.05,275,11731020
106/02/13,438112,20.45,20.45,19.80,19.90,-0.20,244,8773193
106/02/14,318825,19.85,20.00,19.50,19.55,-0.35,157,6270429
106/02/15,231917,19.55,19.70,19.35,19.35,-0.20,146,4529865
106/02/16,212409,19.40,19.60,19.30,19.30,-0.05,152,4121053
106/02/17,416837,19.25,19.35,19.05,19.20,-0.10,198,8007582
106/02/18,141430,19.20,19.40,19.10,19.10,-0.10,103,2706309
106/02/20,152748,19.30,19.45,19.25,19.25,+0.15,127,2949431
106/02/21,1123800,19.30,20.95,19.30,20.10,+0.85,635,22826189
106/02/22,635845,20.20,20.45,19.50,19.60,-0.50,360,12577885
106/02/23,274514,19.80,19.90,19.45,19.45,-0.15,170,5389112
106/02/24,121620,19.75,19.75,19.45,19.65,+0.20,110,2387971
106/03/01,123200,19.65,19.85,19.60,19.60,-0.05,170,2430725
106/03/02,164024,19.60,19.80,19.55,19.55,-0.05,107,3222160
106/03/03,113216,19.60,19.70,19.55,19.60,+0.05,86,2220594
106/03/06,250212,19.60,20.00,19.60,19.70,+0.10,188,4957006
106/03/07,324597,20.10,20.40,19.65,19.65,-0.05,197,6479375
106/03/08,168600,19.75,19.75,19.55,19.55,-0.10,158,3313039
106/03/09,82642,19.55,19.60,19.55,19.60,+0.05,94,1617227
106/03/10,160400,19.60,19.60,19.15,19.25,-0.35,144,3086150
106/03/13,107317,18.90,19.10,18.90,19.00,-0.25,161,2041873
106/03/14,253298,19.60,19.90,19.40,19.50,+0.50,191,4968174
106/03/15,120540,19.50,19.80,19.20,19.65,+0.15,110,2354098
106/03/16,158255,19.70,19.80,19.35,19.70,+0.05,130,3102228
106/03/17,118847,19.80,19.80,19.50,19.70,0.00,116,2341250
106/03/20,271130,19.70,19.95,19.60,19.85,+0.15,175,5347714
106/03/21,140106,19.90,19.90,19.50,19.50,-0.35,90,2759036
106/03/22,103600,19.30,19.45,19.20,19.45,-0.05,93,1996961
106/03/23,345549,19.70,20.10,19.40,19.70,+0.25,196,6858087
106/03/24,337837,19.60,19.70,19.45,19.45,-0.25,134,6607967
106/03/27,267231,19.80,19.90,19.40,19.50,+0.05,186,5248248
106/03/28,115699,19.30,19.65,19.30,19.45,-0.05,80,2245881
106/03/29,152836,19.25,19.65,19.20,19.25,-0.20,103,2945465
106/03/30,177243,19.25,19.65,19.10,19.40,+0.15,127,3405166
106/03/31,104022,19.20,19.40,19.20,19.30,-0.10,73,2001368
106/04/05,139024,19.20,19.50,19.20,19.45,+0.15,119,2696094
106/04/06,4586067,20.15,21.35,20.10,21.35,+1.90,1729,96578712
106/04/07,6900672,21.80,23.20,21.30,22.85,+1.50,3458,153430950
106/04/10,5071611,22.60,25.10,22.25,25.10,+2.25,1839,121543665
106/04/11,11039707,27.05,27.60,25.80,27.60,+2.50,5155,296706706
106/04/12,6794304,27.60,28.00,26.60,27.05,-0.55,3448,185246460
106/04/13,5818545,27.05,28.25,25.35,25.55,-1.50,3017,156431117
106/04/14,4993665,24.20,25.20,23.75,23.75,-1.80,2449,122048472
106/04/17,5351469,24.00,26.10,24.00,26.10,+2.35,2718,134939978
106/04/18,7899661,26.90,27.40,26.15,26.20,+0.10,4036,211463136
106/04/19,4244582,25.55,26.85,25.15,26.10,-0.10,2164,111177553
106/04/20,11413457,25.75,28.70,25.15,26.00,-0.10,5584,311747448
106/04/21,3098745,26.70,26.70,25.20,25.40,-0.60,1694,79820486
106/04/24,2555645,25.75,25.90,23.70,23.70,-1.70,1358,62307989
106/04/25,2767034,24.40,24.60,22.50,22.75,-0.95,1445,64815197
106/04/26,2173123,23.20,24.00,22.80,23.25,+0.50,1225,50708902
106/04/27,1874401,23.50,24.35,23.25,23.40,+0.15,945,44417940
106/04/28,2446275,23.60,24.50,23.60,23.80,+0.40,1195,58675250
106/05/02,2973958,24.50,25.30,24.10,24.35,+0.55,1512,73438228
106/05/03,1624189,25.00,25.10,23.50,23.85,-0.50,901,39135890
106/05/04,509781,24.20,24.20,23.65,23.80,-0.05,319,12145381
106/05/05,1646677,23.80,24.65,23.50,24.05,+0.25,917,39907414
106/05/08,1235400,24.00,24.15,22.65,22.80,-1.25,662,28727239
106/05/09,1864085,23.00,23.15,20.80,21.05,-1.75,967,40487066
106/05/10,978082,21.90,21.90,21.30,21.60,+0.55,446,21150251
106/05/11,476101,21.70,21.85,21.00,21.00,-0.60,281,10189591
106/05/12,765700,21.00,21.35,20.50,20.60,-0.40,369,15954419
106/05/15,866836,20.60,20.60,20.05,20.10,-0.50,476,17486278
106/05/16,429704,20.20,20.35,19.80,20.00,-0.10,271,8621880
106/05/17,397628,19.85,20.15,19.70,20.05,+0.05,226,7914725
106/05/18,1227505,20.15,21.45,19.70,21.25,+1.20,788,25690155
106/05/19,576179,21.10,21.25,20.70,20.80,-0.45,343,12039220
106/05/22,305803,21.00,21.10,20.50,20.50,-0.30,184,6351799
106/05/23,456020,20.60,20.95,20.20,20.30,-0.20,237,9351902
106/05/24,241801,20.30,20.60,20.30,20.35,+0.05,146,4946629
106/05/25,300600,20.40,20.55,20.20,20.20,-0.15,172,6106770
106/05/26,1418370,20.60,21.50,20.60,21.15,+0.95,759,29961374
106/05/31,2691003,21.45,22.40,21.45,22.25,+1.10,1348,59032265
106/06/01,2337223,22.60,22.95,22.00,22.10,-0.15,1228,52455626
106/06/02,756800,22.20,22.35,21.90,21.90,-0.20,395,16697967
106/06/03,612731,21.90,22.40,21.80,22.20,+0.30,394,13636582
106/06/05,476505,22.15,22.35,21.90,22.15,-0.05,283,10524430
106/06/06,2558498,23.20,24.00,23.00,23.00,+0.85,1453,59726122
106/06/07,1393650,23.30,23.60,22.50,22.50,-0.50,765,32137995
106/06/08,743902,22.70,22.95,22.25,22.45,-0.05,438,16791911
106/06/09,578200,22.25,22.60,21.90,22.00,-0.45,310,12805850
106/06/12,429238,21.40,21.65,21.25,21.40,-0.60,254,9202853
106/06/13,271719,21.70,21.85,21.50,21.60,+0.20,182,5877679
106/06/14,514602,22.15,22.15,21.00,21.40,-0.20,290,11021542
106/06/15,429036,21.25,21.30,20.80,20.95,-0.45,231,9004807
106/06/16,233106,21.05,21.45,21.05,21.10,+0.15,156,4951936
106/06/19,234037,21.25,21.45,20.95,21.30,+0.20,151,4957028
106/06/20,437035,21.50,21.70,21.10,21.15,-0.15,242,9333593
106/06/21,224001,21.20,21.25,20.90,21.10,-0.05,126,4712421
106/06/22,1656065,21.20,22.30,21.20,22.20,+1.10,839,36429630
106/06/23,740979,22.40,22.40,21.85,21.90,-0.30,350,16342186
106/06/26,467030,22.00,22.15,21.40,21.40,-0.50,236,10080586
106/06/27,191327,21.35,21.65,21.20,21.25,-0.15,116,4087516
106/06/28,259406,21.25,21.45,21.20,21.40,+0.15,164,5523345
106/06/29,288600,21.50,21.65,21.15,21.15,-0.25,141,6146990
106/06/30,307206,21.50,21.60,21.15,21.20,+0.05,192,6556666
106/07/03,170598,21.20,21.40,21.20,21.35,+0.15,95,3634227
106/07/04,186100,21.30,21.30,21.10,21.10,-0.25,88,3942160
106/07/05,552104,21.25,22.10,21.15,22.05,+0.95,336,11954571
106/07/06,703901,22.05,22.05,21.40,21.40,-0.65,359,15264130
106/07/07,224002,21.50,21.70,21.20,21.40,0.00,129,4807042
106/07/10,742544,21.65,22.05,21.45,21.45,+0.05,296,16162263
106/07/11,271635,21.50,21.70,21.30,21.30,-0.15,137,5837310
106/07/12,217073,21.50,21.50,21.10,21.20,-0.10,134,4608132
106/07/13,341615,21.60,21.65,21.25,21.25,+0.05,182,7319567
106/07/14,213829,21.30,21.35,21.15,21.20,-0.05,132,4541222
106/07/17,449402,21.50,21.60,21.10,21.25,+0.05,191,9609372
106/07/18,154314,21.20,21.45,21.20,21.20,-0.05,90,3278909
106/07/19,266520,21.40,21.50,21.20,21.20,0.00,177,5675796
106/07/20,1347071,21.40,22.30,21.40,21.65,+0.45,766,29515174
106/07/21,535603,21.70,21.70,21.20,21.25,-0.40,298,11440581
106/07/24,700001,21.25,21.30,20.35,20.45,-0.80,397,14401818
106/07/25,272628,20.50,20.60,20.40,20.45,0.00,166,5573429
106/07/26,261701,20.55,20.75,20.40,20.60,+0.15,168,5382230
106/07/27,206505,20.70,20.90,20.65,20.75,+0.15,119,4290427
106/07/28,348149,20.75,20.75,20.35,20.40,-0.35,170,7118365
106/07/31,154401,20.40,20.70,20.40,20.50,+0.10,107,3170169
106/08/01,297500,20.60,20.65,20.50,20.50,0.00,118,6119049
106/08/02,445638,20.55,20.80,20.50,20.80,+0.30,208,9198821
106/08/03,2197580,20.95,22.20,20.95,21.55,+0.75,1126,47562969
106/08/04,675502,21.50,21.80,21.15,21.20,-0.35,343,14461841
106/08/07,564957,21.20,21.65,21.00,21.60,+0.40,335,12074422
106/08/08,578512,21.70,21.75,21.25,21.30,-0.30,266,12418304
106/08/09,578603,21.35,21.70,21.30,21.35,+0.05,250,12430142
106/08/10,1441712,21.25,21.30,19.50,19.70,-1.65,635,28989274
106/08/11,553256,18.60,19.70,18.60,19.30,-0.40,281,10643440
106/08/14,1156126,19.30,19.30,18.00,18.05,-1.25,541,21236328
106/08/15,422593,18.25,18.80,18.20,18.25,+0.20,201,7758519
106/08/16,295800,18.25,18.70,18.25,18.50,+0.25,135,5477399
106/08/17,264400,18.70,19.25,18.65,19.10,+0.60,144,5024760
106/08/18,148055,18.65,19.05,18.65,18.90,-0.20,75,2803589
106/08/21,241501,18.80,19.05,18.80,18.90,0.00,119,4582092
106/08/22,142435,19.15,19.30,19.15,19.25,+0.35,83,2737808
106/08/23,341803,19.25,19.30,19.10,19.15,-0.10,149,6562366
106/08/24,499653,19.00,19.90,19.00,19.50,+0.35,253,9714583
106/08/25,571711,19.60,20.45,19.60,20.15,+0.65,355,11449881
106/08/28,321800,20.30,20.60,19.80,19.95,-0.20,185,6450488
106/08/29,263386,19.95,20.00,19.85,19.90,-0.05,121,5212679
106/08/30,268200,19.90,20.30,19.85,20.05,+0.15,152,5366250
106/08/31,220147,20.05,20.05,19.90,19.95,-0.10,130,4397628
106/09/01,177723,20.05,20.05,19.90,19.90,-0.05,107,3547233
106/09/04,164000,19.90,20.15,19.80,19.80,-0.10,80,3271050
106/09/05,345585,20.00,20.30,20.00,20.30,+0.50,173,6971216
106/09/06,1454400,20.00,21.25,19.75,20.20,-0.10,748,30009059
106/09/07,389400,20.20,20.45,19.80,19.95,-0.25,178,7842660
106/09/08,237371,19.95,20.1,19.95,20.05,0.1,128,4757070
106/09/11,359001,20.05,20.25,20.00,20.20,+0.15,155,7211120
106/09/12,1341850,20.30,21.20,20.30,21.10,+0.90,691,28095406
106/09/13,1685450,21.20,22.00,20.90,20.90,-0.20,880,36304832
106/09/14,418872,20.90,21.20,20.80,21.15,+0.25,206,8799712
106/09/15,291800,21.20,21.35,20.70,20.85,-0.30,172,6102210
106/09/18,278169,20.95,21.00,20.70,20.75,-0.10,160,5800186
106/09/19,252050,20.75,20.75,20.50,20.50,-0.25,132,5197575
106/09/20,207201,20.50,20.70,20.30,20.35,-0.15,109,4230550
106/09/21,212000,20.50,20.60,20.30,20.60,+0.25,117,4342000
106/09/22,274501,20.60,20.80,20.15,20.30,-0.30,147,5607093
106/09/25,278402,20.30,20.30,19.70,19.80,-0.50,153,5549916
106/09/26,3184710,20.30,21.75,20.25,21.35,+1.55,1402,68741101
106/09/27,1854850,21.70,21.95,21.05,21.50,+0.15,935,39947440
106/09/28,991266,21.70,21.75,20.85,21.00,-0.50,423,21080598
106/09/29,347137,21.30,21.30,20.60,20.80,-0.20,203,7226596
106/09/30,1419315,21.20,22.10,20.75,21.80,+1.00,750,30820516
106/10/02,1372455,22.10,22.80,21.65,21.80,0.00,765,30355177
106/10/03,292099,21.80,21.95,21.30,21.55,-0.25,198,6300688
106/10/05,251288,21.45,21.80,21.40,21.65,+0.10,161,5416604
106/10/06,412907,21.75,21.95,21.10,21.15,-0.50,207,8847985
106/10/11,347836,21.15,21.45,20.80,20.80,-0.35,173,7328353
106/10/12,206805,20.80,21.35,20.80,21.15,+0.35,131,4372355
106/10/13,238657,21.05,21.10,20.80,20.90,-0.25,147,4980927
106/10/16,315019,21.00,21.25,20.85,20.85,-0.05,181,6603588
106/10/17,214426,20.85,21.00,20.75,20.75,-0.10,120,4470346
106/10/18,214670,20.85,20.95,20.70,20.95,+0.20,110,4464735
106/10/19,808037,21.10,21.75,21.00,21.40,+0.45,388,17342137
106/10/20,294838,21.40,21.55,21.00,21.20,-0.20,129,6264138
106/10/23,233641,21.40,21.50,21.10,21.15,-0.05,108,4953742
106/10/24,223912,21.40,21.40,21.15,21.25,+0.10,125,4761737
106/10/25,3388231,21.50,23.30,21.30,22.70,+1.45,1821,76180095
106/10/26,1089554,22.50,22.50,22.00,22.10,-0.60,705,24193188
106/10/27,8297402,22.40,24.30,22.30,24.30,+2.20,3230,199590637
106/10/30,12915618,25.90,26.70,25.45,26.70,+2.40,5531,338740234
106/10/31,18747576,26.75,28.90,26.40,28.75,+2.05,8786,525288107
106/11/01,11996572,30.00,30.80,27.80,28.05,-0.70,6413,352401761
106/11/02,5174082,28.00,28.60,26.80,26.90,-1.15,2630,142327548
106/11/03,3930620,27.15,27.60,26.00,26.25,-0.65,1949,104316670
106/11/06,3425383,26.50,26.75,25.35,25.50,-0.75,1657,87961864
106/11/07,5893185,24.80,25.00,23.20,23.60,-1.90,2853,142039349
106/11/08,2101206,24.00,24.50,23.50,23.60,0.00,1217,50297629
106/11/09,1969302,23.80,24.10,22.60,22.60,-1.00,1115,45932882
106/11/10,1640494,23.00,23.45,22.15,22.80,+0.20,922,37648411
106/11/13,1198200,23.00,23.45,22.20,22.20,-0.60,633,27431569
106/11/14,1297637,22.50,23.25,22.35,22.90,+0.70,736,29572120
106/11/15,606240,22.90,22.95,22.45,22.90,0.00,335,13787896
106/11/16,1345664,23.00,23.75,22.80,23.05,+0.15,773,31414922
106/11/17,7374394,23.70,25.35,23.60,25.35,+2.30,3158,184126228
106/11/20,6127238,25.35,25.50,22.90,23.00,-2.35,3127,146343174
106/11/21,2340336,23.00,23.35,22.55,23.15,+0.15,1135,53772460
106/11/22,1410402,23.40,23.50,22.40,22.40,-0.75,735,32127802
106/11/23,1548213,22.45,23.50,22.45,22.95,+0.55,826,35746538
106/11/24,791550,22.85,23.25,22.80,23.00,+0.05,363,18184050
106/11/27,473420,23.15,23.20,22.80,22.90,-0.10,294,10884503
106/11/28,1015340,23.10,23.15,22.40,22.55,-0.35,463,22967263
106/11/29,495447,22.70,22.90,22.45,22.45,-0.10,275,11194557
106/11/30,807201,22.60,22.95,22.30,22.50,+0.05,390,18293372
106/12/01,1031311,22.85,22.85,21.10,21.50,-1.00,522,22328292
106/12/04,267968,21.60,22.00,21.60,21.85,+0.35,195,5844997
106/12/05,706451,22.10,22.50,21.50,21.55,-0.30,357,15525267
106/12/06,961438,21.55,21.80,20.55,20.65,-0.90,431,20189818
106/12/07,500305,20.70,20.95,20.25,20.25,-0.40,258,10262396
106/12/08,643235,20.30,20.65,19.85,20.15,-0.10,285,12957546
106/12/11,426112,20.25,20.75,20.00,20.65,+0.50,227,8707134
106/12/12,1882135,20.65,21.80,20.50,21.35,+0.70,682,40030510
106/12/13,371509,21.35,21.45,21.00,21.00,-0.35,212,7851287
106/12/14,225148,21.30,21.35,20.85,20.90,-0.10,149,4737938
106/12/15,293190,21.30,21.35,20.90,21.10,+0.20,150,6178026
106/12/18,201002,21.25,21.25,20.90,20.90,-0.20,108,4220096
106/12/19,187309,21.00,21.20,20.80,20.80,-0.10,118,3923789
106/12/20,2890121,20.80,22.85,20.80,22.85,+2.05,1573,64359662
106/12/21,2346832,23.05,23.40,22.40,22.85,0.00,1221,53474058
106/12/22,2534989,24.10,24.10,23.15,23.35,+0.50,1555,60177342
106/12/25,957937,23.50,23.95,23.00,23.05,-0.30,593,22391507
106/12/26,583206,23.60,23.60,22.70,22.75,-0.30,359,13432224
106/12/27,406278,22.75,23.30,22.70,23.10,+0.35,259,9336756
106/12/28,409602,23.45,23.50,22.90,22.90,-0.20,269,9473833
106/12/29,390580,23.25,23.35,22.80,23.15,+0.25,244,9009222
107/01/02,539374,23.20,23.35,22.80,23.00,-0.15,282,12384402
107/01/03,1331480,23.55,23.75,23.05,23.75,+0.75,752,31118994
107/01/04,1590676,24.35,24.50,23.55,23.65,-0.10,931,38223227
107/01/05,727458,23.65,23.75,23.20,23.50,-0.15,358,17038719
107/01/08,1630600,22.95,22.95,22.25,22.25,-1.25,693,36657909
107/01/09,332406,22.10,22.50,22.00,22.05,-0.20,213,7366371
107/01/10,325106,22.05,22.25,21.70,21.70,-0.35,177,7127948
107/01/11,257111,21.75,21.90,21.50,21.50,-0.20,147,5548079
107/01/12,287106,21.70,21.90,21.40,21.70,+0.20,179,6207683
107/01/15,282006,22.10,22.15,21.70,21.85,+0.15,165,6184726
107/01/16,327340,22.05,22.30,21.95,22.10,+0.25,189,7234928
107/01/17,209355,22.30,22.30,21.90,22.05,-0.05,132,4625171
107/01/18,1012833,22.25,22.70,22.00,22.00,-0.05,413,22611706
107/01/19,238441,22.10,22.15,21.70,21.70,-0.30,136,5225050
107/01/22,430390,21.70,21.85,21.40,21.40,-0.30,200,9261592
107/01/23,352501,21.50,22.20,21.40,21.75,+0.35,211,7696269
107/01/24,409516,21.75,22.30,21.75,21.80,+0.05,164,8989892
107/01/25,314003,21.95,22.25,21.70,21.85,+0.05,124,6893413
107/01/26,3074270,21.95,23.70,21.95,22.80,+0.95,1673,70746010
107/01/29,766548,23.00,23.20,22.40,22.40,-0.40,441,17456620
107/01/30,644453,22.80,22.85,21.95,21.95,-0.45,352,14302966
107/01/31,211208,21.70,22.10,21.70,21.95,0.00,126,4621906
107/02/01,416600,21.90,22.35,21.75,21.75,-0.20,199,9154166
107/02/02,284773,21.85,22.05,21.70,21.70,-0.05,137,6218206
107/02/05,395559,21.00,21.25,20.60,20.95,-0.75,202,8299856
107/02/06,1164253,20.30,20.40,18.90,19.10,-1.85,547,22539392
107/02/07,418551,19.50,19.75,19.50,19.60,+0.50,198,8202593
107/02/08,502499,19.50,20.00,19.50,19.85,+0.25,203,9979903
107/02/09,450042,18.00,18.95,18.00,18.95,-0.90,248,8344688
107/02/12,468485,18.95,19.45,18.90,19.45,+0.50,168,8971208
107/02/21,384366,19.50,20.20,19.50,20.10,+0.65,142,7704477
107/02/22,137279,20.05,20.25,19.75,20.10,0.00,108,2747110
107/02/23,169637,20.25,20.35,20.15,20.20,+0.10,106,3430620
107/02/26,116471,20.45,20.45,20.10,20.10,-0.10,107,2356112
107/02/27,219013,20.15,20.40,20.10,20.15,+0.05,104,4429460
107/03/01,134314,20.00,20.20,19.55,20.10,-0.05,94,2695705
107/03/02,171901,19.70,20.15,19.70,19.95,-0.15,120,3423825
107/03/05,205836,20.05,20.25,19.90,20.15,+0.20,133,4123520
107/03/06,1292252,20.45,21.85,20.20,21.45,+1.30,735,27594563
107/03/07,407809,21.20,21.55,21.00,21.55,+0.10,262,8703408
107/03/08,359401,21.50,21.70,21.40,21.50,-0.05,181,7740289
107/03/09,317003,21.60,21.70,21.45,21.45,-0.05,151,6829513
107/03/12,175100,21.55,21.60,21.45,21.60,+0.15,104,3769635
107/03/13,353105,21.60,22.35,21.60,21.90,+0.30,225,7769330
107/03/14,223006,21.85,22.10,21.75,22.00,+0.10,120,4889427
107/03/15,430602,22.00,23.00,22.00,22.00,0.00,275,9692846
107/03/16,238504,22.05,22.15,21.80,21.90,-0.10,129,5245333
107/03/19,133725,21.95,22.10,21.90,22.00,+0.10,104,2942663
107/03/20,156974,22.10,22.70,22.00,22.00,0.00,120,3483468
107/03/21,177067,22.05,22.45,21.95,22.00,0.00,125,3901324
107/03/22,185801,22.00,22.15,21.50,21.65,-0.35,123,4058762
107/03/23,616004,21.35,22.30,21.00,22.00,+0.35,282,13393284
107/03/26,475292,22.00,22.95,22.00,22.10,+0.10,318,10687887
107/03/27,201138,22.15,22.45,22.15,22.20,+0.10,164,4492302
107/03/28,141025,22.10,22.30,22.00,22.00,-0.20,129,3113650
107/03/29,246038,22.05,22.15,21.75,22.00,0.00,134,5407719
107/03/30,948284,22.00,22.95,22.00,22.60,+0.60,443,21437002
107/03/31,260898,22.60,22.95,22.05,22.15,-0.45,181,5843656
107/04/02,3272552,22.30,24.20,22.20,23.40,+1.25,1502,76264118
107/04/03,615747,23.65,23.65,22.60,22.95,-0.45,432,14248968
107/04/09,592923,22.25,22.80,22.10,22.50,-0.45,378,13225172
107/04/10,339529,22.50,22.50,21.95,22.00,-0.50,213,7496334
107/04/11,245637,22.00,22.20,21.85,22.05,+0.05,153,5403908
107/04/12,139764,22.05,22.20,21.95,22.05,0.00,90,3077474
107/04/13,148204,22.05,22.05,21.95,21.95,-0.10,91,3256902
107/04/16,187200,21.95,22.10,21.65,21.80,-0.15,119,4091012
107/04/17,141070,21.70,21.70,21.35,21.40,-0.40,96,3029147
107/04/18,102035,21.50,21.95,21.35,21.70,+0.30,60,2195551
107/04/19,100028,21.70,22.35,21.70,21.85,+0.15,98,2203646
107/04/20,164235,21.75,21.95,21.30,21.55,-0.30,110,3526311
107/04/23,120153,21.50,21.60,21.30,21.35,-0.20,64,2575194
107/04/24,352006,21.35,21.35,20.15,20.65,-0.70,145,7343070
107/04/25,117311,20.35,20.65,20.25,20.40,-0.25,61,2395694
107/04/26,274100,20.50,20.60,20.00,20.10,-0.30,119,5549750
107/04/27,154320,20.10,21.45,20.05,21.35,+1.25,105,3168699
107/04/30,112301,21.35,22.10,21.15,21.40,+0.05,68,2411411
107/05/02,66007,21.40,21.55,21.40,21.50,+0.10,49,1416747
107/05/03,64001,21.60,21.75,21.40,21.40,-0.10,46,1378521
107/05/04,135002,21.40,21.90,21.35,21.55,+0.15,71,2897442
107/05/07,81400,21.55,21.70,21.45,21.50,-0.05,54,1754258
107/05/08,169211,21.50,21.50,21.20,21.25,-0.25,76,3610651
107/05/09,81233,21.30,21.60,21.30,21.40,+0.15,62,1744461
107/05/10,99003,21.35,21.50,21.20,21.45,+0.05,75,2113763
107/05/11,77349,21.25,21.60,20.70,21.00,-0.45,62,1635021
107/05/14,106302,21.00,21.30,20.85,20.90,-0.10,52,2229175
107/05/15,146100,20.90,21.20,20.75,20.80,-0.10,70,3055773
107/05/16,143002,20.60,21.00,20.60,21.00,+0.20,71,2984740
107/05/17,171315,21.00,22.05,21.00,21.40,+0.40,124,3688009
107/05/18,280470,21.40,22.35,21.35,21.95,+0.55,195,6158095
107/05/21,2909459,21.95,24.00,21.55,21.70,-0.25,1459,67437290
107/05/22,581070,21.95,22.50,21.55,21.60,-0.10,370,12776019
107/05/23,177002,21.65,21.95,21.45,21.45,-0.15,117,3836442
107/05/24,139401,21.45,21.75,21.45,21.60,+0.15,83,3015770
107/05/25,137010,21.60,22.20,21.60,22.00,+0.40,89,3008068
107/05/28,658062,22.30,22.80,21.75,22.35,+0.35,288,14677727
107/05/29,6921189,22.35,24.55,22.30,24.55,+2.20,3309,165712931
107/05/30,7141152,24.55,25.60,24.20,24.85,+0.30,3578,178485546
107/05/31,3192286,24.90,25.35,23.55,23.65,-1.20,1743,77799055
107/06/01,1310278,23.85,24.15,22.80,23.15,-0.50,825,30431857
107/06/04,644000,23.15,23.80,22.80,23.25,+0.10,463,14978800
107/06/05,977505,23.45,24.20,23.00,23.00,-0.25,629,23139065
107/06/06,614235,23.20,23.75,23.10,23.30,+0.30,382,14402840
107/06/07,548300,23.85,23.85,22.90,22.90,-0.40,331,12699218
107/06/08,679000,23.20,23.20,22.20,22.30,-0.60,415,15321649
107/06/11,1021600,22.30,23.45,22.30,23.10,+0.80,504,23504200
107/06/12,901766,23.20,23.70,22.30,22.35,-0.75,533,20513203
107/06/13,530347,22.45,22.65,22.25,22.30,-0.05,324,11886785
107/06/14,1126818,22.30,23.25,21.75,23.00,+0.70,659,25195381
107/06/15,1974905,23.10,23.75,22.55,22.55,-0.45,853,46060204
107/06/19,577176,22.65,23.65,22.50,22.55,0.00,350,13237876
107/06/20,498300,22.70,23.00,21.80,22.00,-0.55,334,11042219
107/06/21,591676,22.25,23.00,21.80,22.50,+0.50,372,13337358
107/06/22,243229,22.60,22.80,22.25,22.45,-0.05,164,5474828
107/06/25,233031,22.50,22.50,22.10,22.20,-0.25,147,5197194
107/06/26,944769,22.20,23.05,21.90,22.25,+0.05,606,21359693
107/06/27,266231,22.25,22.75,22.10,22.10,-0.15,166,5947432
107/06/28,203114,22.10,22.40,21.95,21.95,-0.15,137,4487695
107/06/29,416349,22.05,22.25,21.40,21.45,-0.50,238,9063517
107/07/02,443780,21.60,21.75,21.00,21.00,-0.45,208,9501212
107/07/03,428130,21.00,21.30,20.05,20.20,-0.80,242,8825062
107/07/04,465056,20.30,20.30,19.80,19.95,-0.25,181,9301165
107/07/05,251340,20.00,20.30,19.70,19.90,-0.05,147,5003445
107/07/06,552033,19.85,19.85,18.65,18.95,-0.95,298,10590472
107/07/09,145002,19.65,19.65,19.20,19.20,+0.25,104,2807438
107/07/10,69565,19.30,19.30,19.15,19.25,+0.05,60,1337315
107/07/11,86001,19.00,19.55,19.00,19.10,-0.15,65,1653619
107/07/12,73001,19.35,19.50,19.25,19.25,+0.15,52,1415369
107/07/13,98001,19.30,19.75,19.30,19.50,+0.25,78,1911769
107/07/16,143001,19.60,20.00,19.60,19.90,+0.40,91,2842317
107/07/17,100801,19.90,20.00,19.35,19.40,-0.50,77,1975169
107/07/18,200037,19.55,19.55,18.95,19.10,-0.30,114,3840104
107/07/19,79016,19.10,19.40,19.10,19.15,+0.05,50,1517604
107/07/20,76002,19.20,19.25,19.10,19.25,+0.10,56,1458388
107/07/23,271031,19.20,19.20,18.80,18.90,-0.35,123,5128535
107/07/24,82200,18.95,19.10,18.90,19.10,+0.20,44,1558069
107/07/25,63499,19.10,19.40,19.05,19.10,0.00,52,1221679
107/07/26,70001,19.15,19.20,19.00,19.05,-0.05,39,1335719
107/07/27,127360,19.05,19.35,19.00,19.15,+0.10,80,2434140
107/07/30,81349,19.00,19.25,19.00,19.00,-0.15,63,1554311
107/07/31,40767,19.00,19.10,19.00,19.00,0.00,31,775573
107/08/01,70032,19.00,19.25,19.00,19.10,+0.10,49,1339853
107/08/02,143024,19.20,19.30,19.00,19.10,0.00,77,2741358
107/08/03,41071,19.10,19.25,19.10,19.15,+0.05,32,787756
107/08/06,185129,19.30,19.80,19.25,19.40,+0.25,123,3610302
107/08/07,66000,19.75,19.75,19.40,19.40,0.00,46,1289150
107/08/08,99088,19.50,19.50,19.10,19.10,-0.30,59,1906763
107/08/09,41326,19.10,19.30,19.00,19.15,+0.05,35,791594
107/08/10,355100,19.10,19.50,19.00,19.15,0.00,118,6843155
107/08/13,480235,19.10,19.10,17.30,17.35,-1.80,270,8649261
107/08/14,90114,17.75,17.75,17.35,17.65,+0.30,67,1583507
107/08/15,517110,17.60,17.70,16.60,16.65,-1.00,224,8791658
107/08/16,389012,16.30,16.30,15.95,16.00,-0.65,206,6252845
107/08/17,73835,16.05,16.25,16.05,16.15,+0.15,62,1193160
107/08/20,136122,16.20,16.25,15.70,16.00,-0.15,92,2177752
107/08/21,66600,16.05,16.30,16.05,16.25,+0.25,45,1078510
107/08/22,164002,16.20,16.40,15.75,16.25,0.00,93,2643382
107/08/23,25509,16.25,16.35,16.15,16.35,+0.10,20,414497
107/08/24,493448,16.35,16.65,15.95,16.35,0.00,176,8105142
107/08/27,171001,16.45,16.45,16.10,16.45,+0.10,103,2771666
107/08/28,50900,16.40,16.45,16.25,16.40,-0.05,41,830873
107/08/29,97000,16.60,16.70,16.25,16.70,+0.30,70,1595300
107/08/30,82100,16.60,16.60,16.35,16.45,-0.25,50,1350850
107/08/31,98001,16.50,16.75,16.50,16.65,+0.20,65,1626316
107/09/03,67101,16.80,16.80,16.50,16.75,+0.10,50,1120125
107/09/04,145000,16.75,17.25,16.65,17.10,+0.35,96,2465000
107/09/05,45093,16.90,17.10,16.90,17.10,0.00,33,766270
107/09/06,95007,16.90,16.90,16.45,16.75,-0.35,73,1579312
107/09/07,103001,16.60,16.60,16.10,16.15,-0.60,76,1683716
107/09/10,434727,15.55,15.75,14.60,15.30,-0.85,273,6611617
107/09/11,460625,14.85,15.45,14.85,15.20,-0.10,173,7016936
107/09/12,87051,15.20,15.20,14.95,15.10,-0.10,68,1309345
107/09/13,77001,15.45,15.45,15.10,15.20,+0.10,60,1171215
107/09/14,797349,15.20,15.50,15.00,15.30,+0.10,223,12174586
107/09/17,83012,15.15,15.45,15.15,15.40,+0.10,62,1274532
107/09/18,40466,15.30,15.50,15.25,15.30,-0.10,40,619909
107/09/19,40005,15.50,15.50,15.30,15.40,+0.10,32,613675
107/09/20,69188,15.30,15.30,15.15,15.15,-0.25,39,1051029
107/09/21,73228,15.15,15.20,15.00,15.20,+0.05,55,1105542
107/09/25,97403,15.30,15.30,15.05,15.10,-0.10,37,1474804
107/09/26,22324,15.20,15.25,15.10,15.20,+0.10,21,339542
107/09/27,55075,15.35,15.35,15.10,15.10,-0.10,22,838782
107/09/28,79065,15.30,15.30,15.00,15.10,0.00,38,1193415
107/10/01,79862,15.10,15.30,15.05,15.25,+0.15,37,1210714
107/10/02,30001,15.30,15.30,15.15,15.15,-0.10,25,457515
107/10/03,155802,15.20,15.85,15.10,15.50,+0.35,95,2420709
107/10/04,46000,15.55,15.55,15.20,15.20,-0.30,31,705550
107/10/05,291754,15.10,15.10,14.30,14.55,-0.65,151,4292943
107/10/08,328477,14.85,14.85,13.50,13.50,-1.05,178,4565037
107/10/09,648101,13.20,13.40,12.70,12.90,-0.60,272,8401463
107/10/11,524885,12.50,12.50,11.65,11.65,-1.25,231,6123193
107/10/12,273349,10.85,11.50,10.85,11.25,-0.40,150,3061730
107/10/15,123000,11.30,11.80,11.30,11.40,+0.15,71,1407500
107/10/16,99000,11.30,11.85,11.30,11.60,+0.20,60,1153450
107/10/17,153870,11.75,12.00,11.60,11.70,+0.10,93,1815692
107/10/18,96819,11.70,11.75,11.40,11.50,-0.20,59,1122212
107/10/19,52114,11.40,11.55,11.30,11.55,+0.05,28,595488
107/10/22,68390,11.30,11.65,11.30,11.55,0.00,54,785252
107/10/23,80001,11.45,11.50,11.30,11.35,-0.20,44,910511
107/10/24,28600,11.35,11.55,11.30,11.50,+0.15,30,328539
107/10/25,139100,11.20,11.20,10.90,11.00,-0.50,94,1535319
107/10/26,323350,11.05,11.30,10.65,11.00,0.00,81,3550900
107/10/29,116043,11.00,11.00,10.85,10.90,-0.10,62,1264966
107/10/30,98712,10.90,11.00,10.85,10.95,+0.05,52,1077794
107/10/31,45000,11.10,11.20,11.10,11.15,+0.20,30,500700
107/11/01,225200,11.15,11.90,11.15,11.50,+0.35,121,2618898
107/11/02,132000,11.70,12.05,11.70,11.75,+0.25,76,1561000
107/11/08,89035,12.00,12.15,11.90,11.95,+0.10,62,1068877
107/11/09,28000,11.95,12.10,11.90,11.90,-0.05,19,336850
107/11/12,13001,11.65,11.95,11.65,11.80,-0.10,9,154112
107/11/16,63205,12.60,12.95,12.55,12.95,+0.35,51,807023
107/11/19,98700,13.10,13.20,12.85,12.90,-0.05,66,1281459
107/11/20,67206,12.70,12.80,12.60,12.70,-0.20,45,852695
107/11/21,40426,12.65,12.65,12.50,12.65,-0.05,40,508724
107/11/22,72840,12.65,12.70,12.50,12.60,-0.05,44,918350
107/11/23,54016,12.65,12.75,12.45,12.50,-0.10,38,677649
107/11/26,41124,12.25,12.60,12.25,12.45,-0.05,47,513399
107/11/27,80000,12.55,12.75,12.55,12.70,+0.25,56,1011300
107/11/28,56000,12.70,13.05,12.70,12.85,+0.15,37,719850
107/11/29,131100,13.20,13.55,13.10,13.35,+0.50,85,1745943
107/11/30,49868,13.30,13.45,13.25,13.40,+0.05,39,665593
107/12/03,139796,13.50,14.20,13.50,13.95,+0.55,112,1942275
107/12/04,1149201,13.90,15.30,13.90,15.30,+1.35,486,17356771
107/12/05,1305068,16.80,16.80,16.80,16.80,+1.50,383,21925139
107/12/06,238122,18.45,18.45,18.45,18.45,+1.65,112,4393345
107/12/07,154695,20.25,20.25,20.25,20.25,+1.80,87,3132573
107/12/10,2574900,22.25,22.25,22.25,22.25,+2.00,797,57291505
107/12/11,7876039,22.75,22.85,22.75,22.80,+0.55,1822,179488508
107/12/12,2284405,22.85,22.85,22.80,22.85,+0.05,728,52118759
107/12/13,1069341,22.85,22.85,22.85,22.85,0.00,405,24434420
107/12/14,565449,22.85,22.85,22.85,22.85,0.00,152,12920505
107/12/17,1424992,22.85,22.90,22.85,22.85,0.00,352,32561462
107/12/18,780244,22.85,22.85,22.85,22.85,0.00,241,17828566
107/12/19,152205,22.85,22.90,22.85,22.85,0.00,117,3478081
107/12/20,241100,22.85,22.90,22.85,22.85,0.00,106,5509383
107/12/21,478777,22.85,22.85,22.85,22.85,0.00,190,10940052
107/12/22,205175,22.90,22.90,22.85,22.90,+0.05,109,4689147
107/12/24,466722,22.90,22.90,22.85,22.90,0.00,89,10673346
107/12/25,226960,22.85,22.90,22.85,22.90,0.00,69,5189585
107/12/26,133900,22.90,22.90,22.85,22.85,-0.05,62,3060111
107/12/27,318175,22.90,22.90,22.85,22.85,0.00,148,7274442
107/12/28,432329,22.90,22.90,22.85,22.90,+0.05,149,9882502
108/01/02,539042,22.85,22.90,22.85,22.85,-0.05,222,12318185
108/01/03,412358,22.90,22.90,22.85,22.85,0.00,195,9426165
108/01/04,591055,22.90,22.90,22.85,22.85,0.00,220,13514986
108/01/07,888482,22.90,22.95,22.85,22.90,+0.05,224,20329572
108/01/08,481642,22.90,22.95,22.90,22.90,0.00,165,11029838
108/01/09,389525,22.50,22.70,22.05,22.45,-0.45,233,8688548
108/01/10,208103,22.20,22.45,22.20,22.40,-0.05,124,4655163
108/01/11,68070,22.30,22.60,22.30,22.55,+0.15,55,1531518
108/01/14,99440,22.50,22.80,22.45,22.80,+0.25,55,2256733
108/01/15,406119,22.90,24.60,22.85,23.35,+0.55,225,9509837
108/01/16,43480,23.35,23.35,22.40,22.60,-0.75,45,984598
108/01/17,63987,23.00,23.00,22.40,22.60,0.00,51,1442750
108/01/18,16932,22.75,22.75,22.60,22.60,0.00,18,382909
108/01/21,12600,22.60,22.60,22.55,22.55,-0.05,15,284305
108/01/22,23702,22.55,22.60,22.50,22.55,0.00,23,534662
108/01/23,51401,22.55,22.70,22.55,22.65,+0.10,26,1159780
108/01/28,73072,22.75,22.90,22.65,22.75,+0.05,53,1665521
108/01/29,62175,22.75,22.95,22.75,22.80,+0.05,37,1421981
108/01/30,21800,22.80,22.85,22.75,22.80,0.00,21,496889
108/02/11,20010,22.80,22.90,22.55,22.75,-0.05,26,454670
108/02/12,167035,22.80,22.85,22.75,22.80,+0.05,54,3808440
108/02/13,141800,22.80,23.00,22.75,22.80,0.00,64,3241682
108/02/14,134540,22.80,22.80,22.65,22.65,-0.15,45,3059300
108/02/15,31078,22.65,22.80,22.65,22.80,+0.15,25,708024
108/02/18,136580,22.80,22.85,22.75,22.80,0.00,36,3113618
108/02/19,50800,22.80,22.80,22.70,22.80,0.00,26,1157884
108/02/20,59652,22.80,22.85,22.60,22.80,0.00,34,1357309
108/02/21,78800,22.80,22.80,22.65,22.80,0.00,44,1795632
108/02/22,63436,22.80,22.80,22.65,22.80,0.00,39,1445832
108/02/25,71503,22.80,22.85,22.70,22.80,0.00,48,1629507
108/02/26,35200,22.80,22.80,22.70,22.75,-0.05,33,802300
108/02/27,51961,22.80,22.85,22.70,22.80,+0.05,35,1183055
108/03/04,100534,22.80,22.85,22.75,22.75,-0.05,72,2291694
108/03/05,83017,22.80,22.85,22.70,22.80,+0.05,50,1891524
108/03/06,34435,22.80,22.85,22.70,22.80,0.00,66,785057
108/03/07,72013,22.80,22.80,22.75,22.80,0.00,47,1641776
108/03/08,80517,22.75,22.85,22.65,22.65,-0.15,45,1834871
108/03/11,52255,22.80,22.85,22.80,22.80,+0.15,102,1191462
108/03/12,63400,22.80,22.80,22.75,22.75,-0.05,46,1444569
108/03/13,43228,22.75,22.85,22.70,22.75,0.00,67,984823
108/03/14,113034,22.75,23.20,22.75,22.80,+0.05,93,2605482
108/03/15,88428,22.80,23.10,22.75,23.00,+0.20,70,2021906
108/03/18,47835,23.20,23.20,22.80,22.80,-0.20,129,1100599
108/03/19,17676,22.80,22.95,22.80,22.90,+0.10,40,403742
108/03/20,27210,22.90,22.90,22.80,22.90,0.00,51,622443
108/03/21,70850,22.85,23.00,22.50,22.60,-0.30,53,1609498
108/03/22,83208,22.50,22.50,21.60,21.65,-0.95,72,1825038
108/03/25,29570,21.50,21.50,21.35,21.35,-0.30,38,633207
108/03/26,38385,21.35,21.40,21.10,21.10,-0.25,35,817602
108/03/27,37505,21.10,21.10,20.85,20.90,-0.20,31,786126
108/03/28,58286,20.90,20.90,20.05,20.40,-0.50,61,1179651
108/03/29,21100,20.60,20.60,20.25,20.40,0.00,34,430184
108/04/01,15801,20.25,20.30,20.20,20.25,-0.15,28,319648
108/04/02,25070,20.40,20.95,20.20,20.95,+0.70,32,509145
108/04/03,40016,20.85,21.60,20.80,21.55,+0.60,40,854387
108/04/08,32702,21.45,21.90,21.45,21.90,+0.35,33,714072
108/04/09,55650,21.90,22.25,21.65,22.10,+0.20,41,1221777
108/04/10,5005,22.10,22.10,22.10,22.10,0.00,10,110610
108/04/11,25219,22.00,22.10,21.75,22.00,-0.10,24,554270
108/04/12,25010,22.00,22.00,20.95,21.70,-0.30,19,544764
108/04/15,7900,21.70,22.00,21.70,22.00,+0.30,19,172763
108/04/16,49770,22.00,22.20,21.55,22.10,+0.10,41,1087761
108/04/17,7800,21.90,22.10,21.80,22.10,0.00,9,171208
108/04/18,11798,22.00,22.10,21.80,22.10,0.00,13,258772
108/04/19,17208,21.95,22.00,21.75,21.95,-0.15,23,376638
108/04/22,27035,21.95,21.95,21.40,21.70,-0.25,25,587850
108/04/23,3010,21.60,21.70,21.60,21.70,0.00,12,65110
108/04/24,15450,21.45,21.45,21.25,21.25,-0.45,14,330034
108/04/25,18002,21.10,21.10,20.70,20.70,-0.55,16,373890
108/04/26,14050,20.50,20.55,20.50,20.55,-0.15,16,288071
108/04/29,19001,20.50,20.55,20.35,20.35,-0.20,15,389070
108/04/30,106002,20.35,20.45,20.35,20.45,+0.10,7,2167440
108/05/02,18801,20.70,20.70,20.20,20.45,0.00,23,386437
108/05/03,22106,20.45,20.95,20.35,20.95,+0.50,26,457476
108/05/06,232001,20.75,22.05,20.75,21.30,+0.35,85,4994321
108/05/07,47600,21.75,22.00,21.40,21.60,+0.30,26,1037589
108/05/08,2002,21.60,21.60,21.55,21.55,-0.05,4,43192
108/05/09,12021,21.20,21.20,20.85,20.85,-0.70,17,252681
108/05/10,17041,20.85,20.90,20.60,20.90,+0.05,16,352099
108/05/13,24038,20.50,20.80,20.40,20.50,-0.40,16,495574
108/05/14,79195,20.20,20.55,20.00,20.20,-0.30,52,1605587
108/05/15,95802,20.45,21.40,20.45,21.00,+0.80,39,2003092
108/05/16,128116,21.00,21.60,21.00,21.50,+0.50,71,2741743
108/05/17,26038,21.20,21.20,20.55,20.55,-0.95,21,540082
108/05/20,69041,20.75,20.90,20.70,20.85,+0.30,21,1438953
108/05/21,10002,20.70,20.80,20.60,20.75,-0.10,11,207090
108/05/22,21204,20.75,20.75,20.55,20.75,0.00,21,437732
108/05/23,44039,20.95,20.95,20.65,20.80,+0.05,17,917060
108/05/24,8801,20.90,20.90,20.55,20.80,0.00,10,182810
108/05/27,15700,20.90,20.95,20.80,20.95,+0.15,19,328113
108/05/28,2000,20.95,20.95,20.95,20.95,0.00,2,41900
108/05/29,10802,21.25,21.25,20.75,20.75,-0.20,11,225330
108/05/30,3181,20.80,20.80,20.80,20.80,+0.05,5,66164
108/05/31,5002,20.85,20.95,20.85,20.95,+0.15,7,104640
108/06/03,18151,20.80,21.10,20.65,21.00,+0.05,14,379021
108/06/04,47001,20.90,21.05,20.60,21.05,+0.05,17,981170
108/06/05,44202,21.05,21.40,21.05,21.40,+0.35,29,940651
108/06/06,6000,21.20,21.20,21.20,21.20,-0.20,5,127200
108/06/10,3087,21.20,21.20,21.20,21.20,0.00,7,65430
108/06/11,572,---,---,---,---,---,5,12039
108/06/12,14023,20.85,20.95,20.85,20.95,-0.15,13,293077
108/06/13,15603,21.00,21.00,20.75,20.90,-0.05,14,325311
108/06/14,22001,21.15,21.15,20.85,20.85,-0.05,5,464720
108/06/17,6000,20.75,20.80,20.75,20.80,-0.05,5,124650
108/06/18,21001,20.70,20.70,18.75,20.45,-0.35,14,399370
108/06/19,26001,20.55,20.85,20.50,20.85,+0.40,16,537320
108/06/20,34949,20.65,21.00,20.65,21.00,+0.15,23,730735
108/06/21,13001,21.00,21.00,20.80,21.00,0.00,11,271370
108/06/24,18100,20.95,21.00,20.90,21.00,0.00,11,379550
108/06/25,12000,21.00,21.00,21.00,21.00,0.00,5,252000
108/06/26,28400,21.00,21.00,20.80,21.00,0.00,14,594540
108/06/27,24149,21.00,21.45,21.00,21.45,+0.45,14,509823
108/06/28,25800,21.10,21.50,21.00,21.50,+0.05,15,547480
108/07/01,34806,21.50,21.80,21.40,21.80,+0.30,26,752498
108/07/02,147800,21.80,22.20,21.75,22.15,+0.35,35,3232650
108/07/03,100846,22.15,22.50,22.00,22.45,+0.30,55,2252415
108/07/04,29200,22.30,22.50,22.30,22.50,+0.05,18,655670
108/07/05,491617,22.50,24.65,22.50,23.50,+1.00,222,11536904
108/07/08,516638,23.65,23.95,23.30,23.90,+0.40,88,12212450
108/07/09,60176,23.80,23.80,23.00,23.40,-0.50,39,1402700
108/07/10,36141,23.20,23.20,22.90,23.20,-0.20,29,834599
108/07/11,42237,22.70,23.65,22.65,23.30,+0.10,36,986822
108/07/12,28342,23.20,23.40,23.10,23.40,+0.10,22,658583
108/07/15,34105,23.10,23.20,23.05,23.20,-0.20,12,790065
108/07/16,16035,23.00,23.20,23.00,23.20,0.00,13,371055
108/07/17,21622,23.00,23.35,22.90,23.35,+0.15,15,500948
108/07/18,62314,23.50,23.50,22.95,23.40,+0.05,32,1444434
108/07/19,25619,22.95,23.30,22.85,23.30,-0.10,23,587746
108/07/22,22325,23.25,23.35,23.05,23.30,0.00,18,519707
108/07/23,20011,23.00,23.30,22.95,23.30,0.00,20,461804
108/07/24,17000,22.90,23.30,22.90,23.30,0.00,12,395450
108/07/25,50141,23.30,23.35,22.85,22.85,-0.45,27,1161514
108/07/26,11000,23.00,23.20,23.00,23.00,+0.15,10,253600
108/07/29,20004,23.20,23.40,23.20,23.20,+0.20,18,465942
108/07/30,11001,23.20,23.20,23.00,23.00,-0.20,12,253922
108/07/31,13004,23.00,23.00,23.00,23.00,0.00,8,299090
108/08/01,42382,22.95,23.35,22.90,23.35,+0.35,20,976441
108/08/02,57800,22.50,23.35,22.50,23.30,-0.05,42,1336679
108/08/05,231110,23.00,23.25,22.50,23.25,-0.05,69,5252935
108/08/06,65035,22.60,22.85,22.55,22.75,-0.50,46,1470589
108/08/07,122002,22.90,23.05,22.90,22.90,+0.15,43,2805796
108/08/08,104710,22.55,23.05,22.55,23.05,+0.15,91,2389805
108/08/12,611000,23.10,23.10,22.80,23.00,-0.05,98,14056350
108/08/13,42101,22.80,22.90,22.60,22.90,-0.10,22,959741
108/08/14,22602,22.90,22.90,22.65,22.85,-0.05,17,514665
108/08/15,13038,22.60,22.80,22.45,22.80,-0.05,16,294507
108/08/16,168514,22.75,23.50,22.65,23.10,+0.30,91,3926068
108/08/19,1004148,23.20,25.40,23.20,25.40,+2.30,507,24980554
108/08/20,814091,27.00,27.90,26.50,27.90,+2.50,499,22460383
108/08/21,2857133,29.00,30.65,28.50,29.55,+1.65,1887,85122804
108/08/22,1631720,29.40,30.20,28.65,30.00,+0.45,1015,48472344
108/08/23,692680,30.00,30.00,28.85,29.45,-0.55,471,20443538
108/08/26,586604,29.00,29.00,27.70,28.00,-1.45,374,16540040
108/08/27,1605001,28.00,30.80,28.00,30.80,+2.80,1062,47956973
108/08/28,3332717,31.90,33.85,31.80,33.85,+3.05,2229,110288449
108/08/29,1788099,33.60,33.65,32.05,32.10,-1.75,1225,58572824
108/08/30,1444678,32.25,33.40,29.70,30.10,-2.00,1053,46126206
108/09/02,1186058,30.40,30.60,28.55,29.20,-0.90,675,34535441
108/09/03,458457,29.20,29.50,28.80,28.80,-0.40,285,13378760
108/09/04,1876334,29.15,31.65,28.90,31.65,+2.85,1029,58182216
108/09/05,3004889,31.65,33.75,29.85,30.15,-1.50,2147,96020510
108/09/06,602104,30.50,30.85,29.20,29.60,-0.55,432,18031649
108/09/09,344983,29.40,30.35,29.40,29.60,0.00,256,10284145
108/09/10,214703,29.80,29.80,29.10,29.20,-0.40,168,6285851
108/09/11,219122,29.40,29.50,29.05,29.05,-0.15,146,6399674
108/09/12,491400,29.20,30.50,29.15,29.55,+0.50,378,14690040
108/09/16,214054,29.65,30.30,29.20,29.20,-0.35,188,6375683
108/09/17,237500,29.30,29.45,28.90,29.10,-0.10,169,6911050
108/09/18,592314,29.20,29.60,29.00,29.10,0.00,238,17375873
108/09/19,177201,29.40,29.70,29.05,29.05,-0.05,150,5191707
108/09/20,224300,29.05,29.85,29.00,29.15,+0.10,169,6594429
108/09/23,144500,29.25,29.65,29.00,29.00,-0.15,93,4229500
108/09/24,183325,29.05,29.70,29.05,29.10,+0.10,140,5391656
108/09/25,547487,29.05,29.15,27.10,27.30,-1.80,397,15276291
108/09/26,310315,27.70,27.95,27.10,27.10,-0.20,202,8561637
108/09/27,252134,27.10,27.30,26.00,26.00,-1.10,195,6609412
108/10/01,189472,26.00,26.75,25.90,26.05,+0.05,133,4952822
108/10/02,115871,26.20,26.60,26.05,26.35,+0.30,94,3056575
108/10/03,121551,26.20,27.05,26.20,26.90,+0.55,105,3254977
108/10/04,200191,27.20,27.65,26.90,26.90,0.00,163,5462357
108/10/07,151360,27.00,27.00,26.50,26.50,-0.40,87,4033067
108/10/08,172000,26.40,26.45,25.40,25.55,-0.95,116,4470500
108/10/09,161057,25.80,26.60,25.65,25.70,+0.15,136,4191876
108/10/14,160953,25.70,25.90,25.15,25.20,-0.50,94,4083358
108/10/15,100319,25.15,25.50,25.15,25.30,+0.10,74,2536569
108/10/16,157142,25.45,25.75,25.15,25.15,-0.15,78,4022200
108/10/17,26600,25.35,25.60,25.35,25.60,+0.45,25,677800
108/10/18,277252,25.80,27.35,25.80,27.05,+1.45,203,7363987
108/10/21,216203,27.35,27.65,26.65,26.65,-0.40,156,5887138
108/10/22,65115,26.65,26.65,26.35,26.40,-0.25,58,1720535
108/10/23,74584,26.40,26.85,26.40,26.60,+0.20,57,1989316
108/10/24,619985,26.60,29.25,26.60,29.25,+2.65,391,17831557
108/10/25,3210394,30.60,31.75,30.05,30.50,+1.25,2239,99386411
108/10/28,1760303,30.25,32.70,30.10,30.80,+0.30,1345,55699221
108/10/29,674100,30.90,31.45,29.25,29.35,-1.45,436,20388048
108/10/30,290114,29.20,29.85,28.90,28.90,-0.45,201,8443356
108/10/31,311005,29.40,29.40,27.10,27.65,-1.25,231,8741140
108/11/01,967231,27.55,30.40,27.55,30.40,+2.75,637,28902569
108/11/04,3138000,30.80,32.85,30.80,31.10,+0.70,2196,100333350
108/11/05,722414,30.80,31.70,30.45,31.10,0.00,526,22390413
108/11/06,485550,31.15,31.15,29.85,30.00,-1.10,336,14733750
108/11/07,253256,30.80,30.80,29.60,29.90,-0.10,175,7594452
108/11/08,220200,29.90,30.40,29.90,30.20,+0.30,135,6645389
108/11/11,224699,30.20,30.20,28.80,28.80,-1.40,161,6525515
108/11/12,137154,28.25,29.75,28.25,29.50,+0.70,105,4022976
108/11/13,86003,29.15,29.95,29.15,29.20,-0.30,73,2539837
108/11/14,182074,29.20,29.95,29.05,29.80,+0.60,150,5374561
108/11/15,1769300,30.80,32.65,30.30,31.10,+1.30,1276,56347700
108/11/18,2563950,31.10,33.70,30.90,31.80,+0.70,1615,83607259
108/11/19,761825,31.25,32.50,31.20,32.50,+0.70,487,24370536
108/11/20,1877835,33.00,35.75,32.60,35.75,+3.25,989,65924837
108/11/21,10492446,37.00,37.45,33.60,34.80,-0.95,5935,380337279
108/11/22,1674064,34.40,35.40,34.10,34.60,-0.20,1016,58334651
108/11/25,3440300,34.20,37.25,34.20,36.00,+1.40,2368,124724600
108/11/26,1611593,36.00,36.85,35.05,35.45,-0.55,1116,57522038
108/11/27,805505,35.30,35.75,34.30,34.90,-0.55,561,28097394
108/11/28,737535,34.55,35.90,34.25,34.25,-0.65,567,25717840
108/11/29,598279,34.60,34.75,32.65,33.20,-1.05,456,20091447
108/12/02,510011,33.05,33.50,32.15,32.40,-0.80,361,16629153
108/12/03,346202,32.10,33.30,32.05,32.65,+0.25,288,11332714
108/12/04,628030,32.65,34.30,32.65,33.25,+0.60,497,21082847
108/12/05,191465,33.70,33.90,33.00,33.00,-0.25,176,6370395
108/12/06,196030,33.00,33.80,33.00,33.10,+0.10,162,6545440
108/12/09,495413,33.10,34.70,33.10,33.70,+0.60,350,16821332
108/12/10,3160938,35.20,36.95,34.80,36.70,+3.00,2243,114735067
108/12/11,7724068,36.85,40.35,36.35,39.50,+2.80,5053,301706961
108/12/12,3157785,39.50,40.35,38.40,38.65,-0.85,2142,123806579
108/12/13,6483467,38.65,42.50,38.65,42.50,+3.85,4294,267919036
108/12/16,9921398,44.20,44.30,41.00,42.60,+0.10,5738,424921847
108/12/17,1302998,42.75,42.75,41.65,42.15,-0.45,944,54823266
108/12/18,6886590,43.90,46.05,43.90,44.50,+2.35,4759,311172130
108/12/19,2880104,44.00,45.90,43.05,45.10,+0.60,2215,128025003
108/12/20,3132573,46.10,46.40,42.55,42.70,-2.40,2299,138609661
108/12/23,1624770,42.40,42.40,40.90,41.30,-1.40,1108,67569647
108/12/24,1108077,41.65,42.55,40.80,41.15,-0.15,849,46126113
108/12/25,765315,41.15,41.60,40.55,40.90,-0.25,550,31290202
108/12/26,1157069,41.00,41.95,41.00,41.65,+0.75,792,48163704
108/12/27,614538,41.50,42.00,40.30,40.30,-1.35,469,25292288
108/12/30,540493,40.20,41.40,40.10,41.40,+1.10,416,22025958
108/12/31,477800,41.00,41.85,40.80,40.80,-0.60,366,19724229
109/01/02,1323468,41.00,42.80,40.70,42.50,+1.70,1001,55877838
109/01/03,825746,43.00,43.30,41.15,41.40,-1.10,617,34648531
109/01/06,956422,40.60,41.10,39.15,39.20,-2.20,699,37989788
109/01/07,1503902,39.10,39.90,35.70,37.80,-1.40,1095,56163693
109/01/08,481836,37.90,38.50,37.10,37.10,-0.70,382,18222163
109/01/09,380801,37.60,38.30,37.00,37.30,+0.20,302,14349076
109/01/10,1728115,37.60,39.80,37.60,38.65,+1.35,1400,67514510
109/01/13,423001,38.55,39.25,38.50,38.80,+0.15,342,16405888
109/01/14,316800,39.40,39.75,38.80,38.85,+0.05,248,12401739
109/01/15,435074,39.30,39.35,38.00,38.45,-0.40,336,16729891
109/01/16,328274,39.00,39.10,37.45,38.50,+0.05,261,12591855
109/01/17,466521,39.00,39.15,38.10,39.15,+0.65,302,18095219
109/01/20,3082261,40.75,42.70,40.40,41.50,+2.35,2236,128859164
109/01/30,896437,37.40,38.65,37.35,37.35,-4.15,605,33606521
109/01/31,660603,37.10,37.70,34.10,36.60,-0.75,517,23709557
109/02/03,850660,35.05,35.75,32.95,33.35,-3.25,596,28584957
109/02/04,419001,34.40,35.35,33.80,35.25,+1.90,340,14579335
109/02/05,571060,35.70,36.40,34.00,34.00,-1.25,455,20189140
109/02/06,1219098,35.00,37.40,34.80,37.40,+3.40,896,44622713
109/02/07,3017727,38.00,39.80,36.50,37.50,+0.10,2349,115930860
109/02/10,1104100,36.20,38.45,35.55,37.90,+0.40,841,40923959
109/02/11,852516,38.50,38.80,37.50,37.90,0.00,696,32508399
109/02/12,956613,38.20,39.05,37.80,38.20,+0.30,683,36751665
109/02/13,875393,38.45,38.80,36.65,36.65,-1.55,652,32833550
109/02/14,543142,37.00,37.80,36.65,37.00,+0.35,444,20192354
109/02/17,222095,36.70,37.50,36.70,37.15,+0.15,188,8238378
109/02/18,457247,37.50,38.30,37.20,37.20,+0.05,369,17214538
109/02/19,374263,37.80,38.25,37.35,37.35,+0.15,286,14107119
109/02/20,502105,37.65,38.50,37.35,37.45,+0.10,370,19038920
109/02/21,299007,37.80,38.10,37.45,37.45,0.00,227,11291709
109/02/24,785396,37.40,38.40,36.40,38.40,+0.95,567,29484000
109/02/25,1454407,38.00,38.80,37.45,37.50,-0.90,1111,55614407
109/02/26,632751,37.50,38.15,36.75,36.80,-0.70,458,23606445
109/02/27,836004,37.15,37.50,34.00,34.30,-2.50,563,29527036
109/03/02,379002,33.20,34.25,32.35,33.20,-1.10,287,12689466
109/03/03,346435,34.50,34.50,33.40,33.50,+0.30,269,11769970
109/03/04,416591,33.00,33.15,32.20,32.90,-0.60,314,13605370
109/03/05,251089,33.50,33.85,33.50,33.65,+0.75,198,8454594
109/03/06,179011,33.00,33.35,33.00,33.05,-0.60,136,5936663
109/03/09,506143,32.65,33.20,30.50,30.50,-2.55,350,15954507
109/03/10,596396,29.80,30.45,28.60,30.45,-0.05,444,17551418
109/03/11,616321,31.30,31.30,29.80,30.00,-0.45,443,18808413
109/03/12,3406271,29.70,33.00,29.50,29.85,-0.15,2411,107866589
109/03/13,1294014,27.95,27.95,26.90,26.90,-2.95,738,35016228
109/03/16,848426,26.90,27.50,24.25,24.25,-2.65,561,21614827
109/03/17,909737,21.85,23.80,21.85,21.85,-2.40,520,20085293
109/03/18,656361,22.60,22.70,21.10,21.35,-0.50,355,14224170
109/03/19,1049111,20.30,20.55,19.25,19.40,-1.95,503,20605838
109/03/20,330586,20.40,21.30,20.10,21.30,+1.90,208,6980030
109/03/23,525306,19.60,22.00,19.60,21.30,0.00,192,11144566
109/03/24,466994,22.80,23.20,22.20,23.00,+1.70,257,10698756
109/03/25,313040,24.20,24.70,23.15,23.50,+0.50,233,7532085
109/03/26,204301,23.05,23.90,23.00,23.55,+0.05,139,4800621
109/03/27,367509,24.60,24.75,22.80,22.95,-0.60,254,8694155
109/03/30,200621,22.15,23.40,22.15,23.00,+0.05,153,4621033
109/03/31,280002,23.30,23.95,22.80,22.90,-0.10,162,6536144
109/04/01,213013,22.65,23.40,22.65,23.00,+0.10,123,4922199
109/04/06,429447,23.60,24.15,23.10,23.95,+0.95,286,10158851
109/04/07,716036,24.50,26.30,24.35,26.30,+2.35,461,18292096
109/04/08,886023,26.30,28.15,26.10,27.00,+0.70,638,24012312
109/04/09,408001,27.40,27.40,26.40,26.60,-0.40,271,10977829
109/04/10,1358006,27.80,29.20,27.50,27.60,+1.00,916,38331175
109/04/13,623229,27.80,28.80,27.55,27.55,-0.05,447,17496696
109/04/14,804135,28.10,28.90,27.90,28.10,+0.55,422,22722942
109/04/15,962001,28.65,29.60,28.10,28.90,+0.80,650,27769130
109/04/16,3413001,30.55,31.75,29.85,30.30,+1.40,2081,105406525
109/04/17,1198000,30.50,31.30,29.30,29.50,-0.80,783,36248000
109/04/20,696206,29.55,30.75,29.40,29.75,+0.25,498,20788873
109/04/21,414157,29.55,30.10,29.00,29.00,-0.75,265,12180153
109/04/22,297851,28.50,29.45,28.15,29.20,+0.20,220,8589079
109/04/23,397648,29.35,29.80,28.90,29.05,-0.15,246,11637594
109/04/24,336019,29.30,29.55,28.85,29.10,+0.05,217,9833250
109/04/27,601873,29.35,30.55,29.35,29.80,+0.70,415,18086561
109/04/28,535461,30.30,31.30,30.25,30.30,+0.50,397,16372268
109/04/29,365502,30.80,30.90,30.40,30.40,+0.10,240,11206710
109/04/30,442141,31.15,31.15,30.50,30.80,+0.40,270,13584656
109/05/04,323206,30.50,31.05,30.00,30.60,-0.20,229,9876351
109/05/05,1105854,30.90,32.50,30.85,31.45,+0.85,685,34840803
109/05/06,511846,31.80,31.90,30.80,31.00,-0.45,354,16072945
109/05/07,690491,31.45,32.80,31.30,32.50,+1.50,471,22198731
109/05/08,839479,32.50,32.50,31.00,31.00,-1.50,536,26428349
109/05/11,284436,30.60,31.00,30.60,30.60,-0.40,207,8738531
109/05/12,263001,30.60,31.40,30.60,30.85,+0.25,162,8157680
109/05/13,215000,30.60,31.50,30.60,31.00,+0.15,150,6689650
109/05/14,413420,31.00,31.50,29.05,29.30,-1.70,260,12546039
109/05/15,309002,29.65,30.40,29.05,29.40,+0.10,198,9108458
109/05/18,176991,29.85,30.00,29.25,29.30,-0.10,129,5220287
109/05/19,270005,29.95,30.40,29.35,30.30,+1.00,190,8075000
109/05/20,3732884,30.80,33.30,30.80,33.30,+3.00,2223,122478384
109/05/21,1681004,33.40,33.40,32.20,32.95,-0.35,1255,55294225
109/05/22,2410619,33.20,35.75,32.70,33.70,+0.75,1717,82943315
109/05/25,1176683,33.80,35.35,33.80,34.15,+0.45,810,40574735
109/05/26,835693,34.20,34.50,33.15,33.30,-0.85,567,28157586
109/05/27,2530808,33.60,36.20,33.40,34.90,+1.60,1744,88944225
109/05/28,1257736,35.10,35.60,34.05,34.35,-0.55,852,44012652
109/05/29,954140,34.85,35.40,34.50,34.55,+0.20,624,33362235
109/06/01,825200,34.95,35.55,34.45,35.20,+0.65,524,28828968
109/06/02,804046,35.55,35.55,33.60,33.60,-1.60,525,27651436
109/06/03,650001,34.15,34.20,33.10,33.40,-0.20,382,21797833
109/06/04,319001,33.65,33.90,33.30,33.60,+0.20,209,10703583
109/06/05,362492,34.15,34.80,33.85,34.25,+0.65,258,12464546
109/06/08,364400,34.75,34.75,34.05,34.15,-0.10,206,12482047
109/06/09,362100,34.60,34.60,33.50,33.75,-0.40,217,12327570
109/06/10,412002,33.55,34.10,33.00,33.00,-0.75,220,13790966
109/06/11,1093501,33.00,33.00,30.55,30.70,-2.30,708,34487752
109/06/12,456617,29.80,31.45,29.20,31.45,+0.75,270,13773760
109/06/15,293537,31.70,31.70,30.50,30.85,-0.60,189,9085534
109/06/16,166001,31.50,31.70,31.00,31.35,+0.50,115,5224431
109/06/17,147272,31.40,31.60,31.15,31.25,-0.10,115,4610294
109/06/18,317327,31.25,32.25,31.25,32.20,+0.95,204,10130364
109/06/19,237036,32.30,32.75,32.00,32.00,-0.20,130,7657295
109/06/22,169225,32.05,32.25,31.55,31.80,-0.20,120,5406927
109/06/23,119401,31.90,32.25,31.65,32.10,+0.30,105,3816469
109/06/24,1530507,32.15,34.50,32.15,33.15,+1.05,1051,51607743
109/06/29,373124,33.15,33.35,32.00,32.20,-0.95,267,12175891
109/06/30,175037,32.50,32.65,32.25,32.60,+0.40,122,5688944
109/07/01,778194,32.90,34.50,32.65,33.60,+1.00,528,26345987
109/07/02,274070,34.25,34.45,33.50,34.00,+0.40,214,9292712
109/07/03,554308,34.40,34.90,33.75,34.10,+0.10,381,18981503
109/07/06,1246731,34.35,36.20,34.25,35.65,+1.55,790,44005920
109/07/07,661388,36.00,36.20,34.00,34.35,-1.30,454,23204788
109/07/08,2638222,34.85,37.75,34.35,37.05,+2.70,1387,97826656
109/07/09,1305506,36.80,37.40,35.80,36.00,-1.05,771,47742464
109/07/10,594465,36.60,36.60,34.00,34.30,-1.70,442,20624386
109/07/13,317601,34.70,35.35,34.35,35.00,+0.70,205,11068933
109/07/14,347188,35.50,35.50,33.55,33.85,-1.15,247,11927935
109/07/15,488331,33.95,35.20,33.60,33.80,-0.05,286,16797821
109/07/16,161339,33.85,34.20,33.65,33.75,-0.05,119,5459055
109/07/17,283300,34.25,34.25,32.65,32.65,-1.10,180,9456263
109/07/20,649628,32.85,33.00,31.75,32.65,0.00,200,21141165
109/07/21,249576,32.70,33.85,32.70,33.65,+1.00,170,8338769
109/07/22,120589,34.20,34.25,33.50,33.80,+0.15,104,4075896
109/07/23,130103,34.10,34.20,33.50,33.60,-0.20,103,4378638
109/07/24,276200,33.30,33.75,31.75,32.00,-1.60,211,9011900
109/07/27,279019,32.30,32.75,30.90,30.90,-1.10,200,8789920
109/07/28,306686,31.00,31.60,29.80,29.90,-1.00,210,9384157
109/07/29,224051,29.75,31.25,29.75,30.60,+0.70,158,6807490
109/07/30,164316,30.75,31.10,30.40,31.05,+0.45,104,5056411
109/07/31,70103,30.75,30.95,30.55,30.95,-0.10,65,2156484
109/08/03,112004,31.10,31.70,30.95,31.20,+0.25,84,3496874
109/08/04,112081,31.20,31.45,31.10,31.20,0.00,75,3499567
109/08/05,110266,31.20,31.75,31.20,31.65,+0.45,86,3468379
109/08/06,196481,31.70,32.40,31.30,31.40,-0.25,147,6274297
109/08/07,250007,32.10,32.75,31.90,32.20,+0.80,196,8071871
109/08/10,94678,32.05,32.50,31.95,32.00,-0.20,73,3037808
109/08/11,121813,32.05,32.10,31.50,31.50,-0.50,89,3873602
109/08/12,63603,31.20,31.35,30.95,31.30,-0.20,47,1977302
109/08/13,79154,32.10,32.10,31.40,31.65,+0.35,63,2516569
109/08/14,106150,31.65,32.00,31.05,31.85,+0.20,92,3356621
109/08/17,146221,31.55,31.70,31.40,31.40,-0.45,126,4605295
109/08/18,122430,32.40,32.40,31.50,31.50,+0.10,103,3887639
109/08/19,86400,31.55,31.55,31.00,31.00,-0.50,68,2696368
109/08/20,337106,30.50,30.75,28.25,29.00,-2.00,202,9958424
109/08/21,84298,30.00,30.00,29.15,29.60,+0.60,83,2491214
109/08/24,78741,29.20,29.95,29.20,29.55,-0.05,89,2331276
109/08/25,197657,30.00,30.50,29.70,30.20,+0.65,114,5982338
109/08/26,174682,30.30,31.60,30.30,31.05,+0.85,130,5435742
109/08/27,211432,31.50,31.70,30.55,30.80,-0.25,162,6572214
109/08/28,155527,30.65,30.90,30.30,30.50,-0.30,178,4762632
109/08/31,161556,30.50,31.20,29.95,29.95,-0.55,162,4907553
109/09/01,182044,30.00,30.45,29.80,29.95,0.00,158,5460370
109/09/02,377865,30.00,30.80,29.90,30.20,+0.25,245,11414061
109/09/14,206600,37.75,39.80,37.60,38.00,-0.85,198,7978464
109/09/15,192817,37.70,39.90,37.70,39.60,+1.60,180,7497731
109/09/16,785181,40.60,43.55,39.70,43.55,+3.95,531,33010286
109/09/17,1664554,45.00,47.85,45.00,45.45,+1.90,1301,77244420
109/09/18,817417,44.80,47.80,44.55,45.90,+0.45,706,37910256
109/09/21,325956,46.35,46.45,44.00,44.10,-1.80,306,14614814
109/09/22,1463641,44.40,48.50,43.00,48.50,+4.40,925,69271823
109/09/23,6136370,50.10,52.80,46.75,46.75,-1.75,4393,308982093
109/09/24,2226908,45.35,49.20,45.30,49.00,+2.25,1731,106115837
109/09/25,2061070,48.50,50.80,44.15,44.80,-4.20,1643,98629667
109/09/28,734707,45.95,48.10,45.30,45.80,+1.00,645,34244527
109/09/29,344100,46.35,46.95,44.80,45.15,-0.65,290,15751970
109/09/30,222180,44.80,46.85,44.60,46.45,+1.30,220,10223386
109/10/05,242710,46.95,47.45,45.60,45.70,-0.75,218,11246711
109/10/06,305656,46.50,47.25,45.80,46.30,+0.60,265,14210065
109/10/07,464867,46.90,48.20,46.00,47.30,+1.00,361,21978879
109/10/08,291781,47.55,47.60,46.40,46.40,-0.90,265,13713204
109/10/12,196157,47.25,47.25,45.60,45.60,-0.80,179,9063253
109/10/13,156689,45.60,45.60,45.05,45.05,-0.55,136,7086735
109/10/14,990352,45.15,48.35,45.15,47.25,+2.20,683,47174924
109/10/15,645283,47.35,48.80,46.30,46.55,-0.70,495,30785119
109/10/16,426350,47.10,47.90,45.15,45.50,-1.05,346,19943504
109/10/19,164662,45.40,46.60,45.40,45.65,+0.15,142,7552016
109/10/20,122203,45.60,46.25,45.60,45.65,0.00,106,5595463
109/10/21,210995,46.05,46.10,45.25,45.95,+0.30,138,9656920
109/10/22,123113,46.05,46.85,45.20,45.40,-0.55,109,5606330
109/10/23,74900,46.25,46.25,45.40,45.65,+0.25,72,3412350
109/10/26,138356,46.05,46.05,44.05,44.50,-1.15,113,6189527
109/10/27,335570,43.80,46.30,43.80,46.25,+1.75,301,15242613
109/10/28,350484,46.25,46.25,44.50,44.50,-1.75,290,15868087
109/10/29,91600,43.90,44.90,43.80,44.45,-0.05,88,4061229
109/10/30,112384,44.60,45.10,44.20,44.70,+0.25,110,5018837
109/11/02,180243,45.05,45.05,43.95,44.40,-0.30,104,7996119
109/11/03,77161,45.00,45.00,44.35,44.35,-0.05,80,3433632
109/11/04,101757,44.40,44.55,43.90,44.40,+0.05,91,4499173
109/11/05,63541,44.15,44.40,43.90,44.00,-0.40,60,2799987
109/11/06,398281,44.10,46.55,44.10,44.90,+0.90,290,18126779
109/11/09,312812,45.15,46.50,45.15,45.90,+1.00,253,14381779
109/11/10,137711,45.90,45.95,44.80,44.85,-1.05,132,6220665
109/11/11,1105847,44.90,49.30,44.85,49.30,+4.45,859,53183963
109/11/12,4879204,50.40,53.80,49.40,51.50,+2.20,3675,251225505
109/11/13,4106911,51.50,55.50,51.40,53.30,+1.80,3004,220335433
109/11/16,1571607,53.30,55.50,53.30,54.70,+1.40,1279,85681340
109/11/17,1378121,54.70,54.80,50.60,51.20,-3.50,1122,72126525
109/11/18,503750,51.00,52.70,51.00,51.50,+0.30,391,26092178
109/11/19,458212,51.70,52.90,51.30,51.80,+0.30,362,23883963
109/11/20,315892,51.90,52.90,51.50,52.50,+0.70,287,16526914
109/11/23,2918567,53.00,57.70,52.50,57.50,+5.00,2049,164650021
109/11/24,4355296,58.40,61.50,53.70,54.10,-3.40,3188,250552071
109/11/25,858125,54.60,56.00,53.10,53.80,-0.30,698,46741772
109/11/26,462687,54.70,55.90,54.10,54.60,+0.80,407,25405613
109/11/27,438169,55.50,55.50,53.50,53.80,-0.80,366,23706531
109/11/30,352748,54.40,55.10,53.10,53.40,-0.40,312,19107907
109/12/01,706060,53.90,55.40,52.20,54.00,+0.60,574,38129919
109/12/02,380392,54.60,54.70,53.00,53.60,-0.40,309,20423199
109/12/03,938379,54.50,57.10,53.80,54.30,+0.70,702,51997161
109/12/04,308441,54.20,54.90,53.50,54.00,-0.30,256,16670088
109/12/07,388800,54.90,55.00,53.00,53.60,-0.40,327,20968605
109/12/08,523699,54.80,55.90,54.40,55.30,+1.70,447,28794472
109/12/09,352681,55.80,55.80,54.20,54.50,-0.80,331,19256583
109/12/10,364246,54.60,54.80,53.40,53.60,-0.90,282,19603979
109/12/11,293920,53.90,54.00,51.50,52.00,-1.60,287,15486192
109/12/14,283645,51.20,52.80,51.00,52.00,0.00,207,14735727
109/12/15,350093,52.50,52.50,49.70,49.75,-2.25,257,17748033
109/12/16,534229,50.90,54.00,50.20,52.10,+2.35,399,27933802
109/12/17,170798,52.70,52.70,51.00,51.20,-0.90,147,8829987
109/12/18,384787,51.10,53.50,51.10,51.20,0.00,323,20071460
109/12/21,198139,51.00,51.70,50.20,50.30,-0.90,179,10022738
109/12/22,219511,50.40,50.90,48.50,49.30,-1.00,174,10953492
109/12/23,162463,48.95,50.40,48.95,49.65,+0.35,147,8084952
109/12/24,207018,49.80,50.90,49.80,50.20,+0.55,119,10417645
109/12/25,240143,50.90,52.50,50.90,51.80,+1.60,217,12445275
109/12/28,432103,52.20,53.70,52.00,52.40,+0.60,385,22906688
109/12/29,148311,52.70,53.80,51.90,52.00,-0.40,121,7784876
109/12/30,138752,52.90,53.00,52.00,52.50,+0.50,126,7294000
109/12/31,135249,52.50,52.90,51.80,52.20,-0.30,110,7077394
110/01/04,232467,52.20,53.30,51.70,53.00,+0.80,184,12307192
110/01/05,811755,53.50,56.00,52.70,56.00,+3.00,648,44667874
110/01/06,1710881,57.00,58.30,53.00,54.40,-1.60,1321,96345729
110/01/07,390991,55.00,55.10,52.50,52.80,-1.60,315,20905308
110/01/08,311620,53.10,53.10,51.10,51.80,-1.00,246,16158258
110/01/11,142087,51.20,52.00,50.70,51.70,-0.10,152,7313838
110/01/12,189259,51.70,52.50,50.60,50.80,-0.90,162,9715906
110/01/13,162935,50.90,52.10,50.80,50.80,0.00,139,8360545
110/01/14,122484,50.80,51.90,50.70,51.20,+0.40,120,6286771
110/01/15,1032080,51.50,55.00,51.50,52.20,+1.00,862,54894901
110/01/18,331402,52.70,53.00,48.50,50.80,-1.40,272,16835589
110/01/19,203748,50.90,51.30,49.95,50.10,-0.70,182,10273152
110/01/20,335775,50.60,50.60,47.50,47.90,-2.20,287,16358750
110/01/21,155428,47.85,48.95,47.05,47.20,-0.70,135,7451267
110/01/22,266726,46.85,49.60,46.85,49.10,+1.90,263,13019446
110/01/25,130622,49.20,50.50,48.20,49.15,+0.05,144,6453136
110/01/26,1475459,50.50,54.00,49.60,49.60,+0.45,1060,76937371
110/01/27,268387,49.65,51.50,49.60,50.50,+0.90,311,13537079
110/01/28,99598,50.00,50.10,49.60,49.70,-0.80,125,4961848
110/01/29,150243,51.00,51.00,49.10,49.10,-0.60,145,7483679
110/02/01,99286,49.00,49.00,46.50,48.00,-1.10,107,4742076
110/02/02,68138,49.00,49.00,48.10,48.40,+0.40,90,3308437
110/02/03,61672,49.05,49.15,48.40,48.50,+0.10,65,3009339
110/02/04,117210,48.25,48.55,47.35,47.40,-1.10,120,5597269
110/02/05,888817,49.35,52.10,49.35,49.60,+2.20,662,45022152
110/02/17,381329,51.60,52.90,51.00,51.50,+1.90,344,19776780
110/02/18,241807,51.60,52.50,51.50,52.30,+0.80,230,12568718
110/02/19,807688,52.20,55.00,52.10,52.80,+0.50,606,43341731
110/02/22,482308,53.60,54.90,52.80,53.80,+1.00,448,26007165
110/02/23,565224,53.60,56.60,53.00,56.00,+2.20,487,30964652
110/02/24,2563258,58.30,61.50,56.10,56.30,+0.30,2079,152428776
110/02/25,637931,57.10,57.50,54.90,55.50,-0.80,498,35646884
110/02/26,497918,54.60,58.10,54.50,57.70,+2.20,436,28270609
110/03/02,3609635,58.50,63.40,58.00,63.40,+5.70,2657,225277999
110/03/03,4663378,64.70,66.20,57.60,59.80,-3.60,3461,288112770
110/03/04,1000615,59.80,59.80,57.50,57.50,-2.30,795,58256177
110/03/05,623455,56.50,57.00,55.50,55.50,-2.00,519,34953999
110/03/08,433209,56.40,56.50,54.50,54.50,-1.00,348,23945143
110/03/09,515290,54.70,57.70,54.60,56.70,+2.20,470,28983045
110/03/10,421120,58.40,58.40,56.20,57.00,+0.30,321,23974011
110/03/11,279731,57.40,58.10,56.60,57.70,+0.70,233,16042874
110/03/12,1909990,58.20,63.40,57.20,63.40,+5.70,1522,117866071
110/03/15,6486581,66.00,69.70,65.00,68.30,+4.90,3913,445074417
110/03/16,3096424,66.60,67.60,62.70,65.00,-3.30,2313,202506670
110/03/17,4085692,65.20,71.50,65.20,71.50,+6.50,2954,283294372
110/03/18,5179663,75.50,77.90,72.60,74.80,+3.30,3857,386830123
110/03/19,1926437,73.90,75.00,72.30,72.80,-2.00,1335,141429322
110/03/22,2791542,74.00,80.00,73.50,80.00,+7.20,1968,219437476
110/03/23,3603375,83.00,84.80,72.10,72.20,-7.80,2921,281333858
110/03/24,1304221,72.20,75.40,72.10,72.40,+0.20,1096,96109755
110/03/25,1179768,72.70,74.00,69.90,69.90,-2.50,951,83988315
110/03/26,1390284,70.90,74.10,70.70,71.50,+1.60,1069,100944254
110/03/29,1069453,72.30,74.50,72.10,73.50,+2.00,894,78462543
110/03/30,1495918,74.30,75.80,72.50,74.70,+1.20,1193,111139239
110/03/31,5883268,75.80,82.10,75.20,82.10,+7.40,3979,474981636
110/04/01,8616770,81.00,89.00,81.00,83.40,+1.30,6611,732773145
110/04/06,3970202,83.40,89.60,82.00,86.40,+3.00,3079,343110470
110/04/07,2629705,86.60,90.80,86.60,88.90,+2.50,2118,232444695
110/04/08,2695258,90.00,93.50,88.00,90.10,+1.20,2200,245086498
110/04/09,1863668,92.70,92.70,86.00,86.00,-4.10,1477,164999432
110/04/12,1442127,87.90,88.60,82.00,82.70,-3.30,1203,121695934
110/04/13,929706,83.40,84.90,81.60,81.60,-1.10,695,77307118
110/04/14,1304904,82.40,83.20,74.00,79.70,-1.90,1033,101936815
110/04/15,1087641,80.00,86.40,78.90,86.40,+6.70,937,90479560
110/04/16,1713212,85.60,89.50,84.60,87.30,+0.90,1489,149120578
110/04/19,967631,87.30,87.90,82.50,82.50,-4.80,766,81904428
110/04/20,883273,83.00,87.80,82.90,85.40,+2.90,756,75900649
110/04/21,2764740,87.60,91.70,86.70,87.20,+1.80,2231,245545010
110/04/22,1310374,87.40,88.50,82.00,82.00,-5.20,1051,111336231
110/04/23,778566,82.50,86.50,81.90,86.00,+4.00,664,65929352
110/04/26,832219,87.40,88.50,85.60,87.00,+1.00,620,72619264
110/04/27,2145933,92.80,93.60,87.60,88.00,+1.00,1612,194232628
110/04/28,772515,87.00,88.90,85.10,85.30,-2.70,576,67136221
110/04/29,610859,85.50,86.30,82.90,83.20,-2.10,494,51235086
110/05/03,834747,82.00,82.00,75.50,75.50,-7.70,677,65141367
110/05/04,657605,75.50,77.40,68.50,73.50,-2.00,553,47579930
110/05/05,245626,73.30,76.40,72.10,72.20,-1.30,238,18154189
110/05/06,331088,72.00,75.10,71.50,72.00,-0.20,263,24242506
110/05/07,619120,73.10,78.70,73.00,78.00,+6.00,509,47522288
110/05/10,414892,79.50,79.50,74.20,76.00,-2.00,460,31444553
110/05/11,418903,75.00,75.00,69.00,70.50,-5.50,343,29910501
110/05/12,853112,70.10,72.80,63.50,65.30,-5.20,602,57129791
110/05/13,824766,64.40,70.90,63.40,68.60,+3.30,625,56230948
110/05/14,535087,70.40,72.70,67.30,68.00,-0.60,423,37364210
110/05/17,427914,61.80,69.00,61.70,63.70,-4.30,349,27965232
110/05/18,359636,67.40,69.80,65.10,69.80,+6.10,267,24622618
110/05/19,308168,69.80,71.80,67.60,69.00,-0.80,264,21321083
110/05/20,189166,70.00,70.00,67.20,67.30,-1.70,147,12933772
110/05/21,172640,68.90,70.50,68.10,69.20,+1.90,156,11932438
110/05/24,203020,68.00,70.90,68.00,69.50,+0.30,155,14170391
110/05/25,481230,71.00,75.00,70.20,72.90,+3.40,400,35145836
110/05/26,173260,73.00,73.60,71.60,72.50,-0.40,159,12527166
110/05/27,214807,72.50,72.80,70.50,71.60,-0.90,177,15390906
110/05/28,248081,73.00,75.30,72.20,73.70,+2.10,218,18359754
110/05/31,486091,76.50,78.50,74.10,78.00,+4.30,392,37319685
110/06/01,589284,80.60,81.00,78.00,78.50,+0.50,464,46879291
110/06/02,314552,80.40,80.40,75.00,76.50,-2.00,250,24199398
110/06/03,169151,77.50,77.70,76.00,76.40,-0.10,142,13035813
110/06/04,185022,76.10,76.90,74.70,74.80,-1.60,139,13963939
110/06/07,203807,74.00,75.60,71.80,73.70,-1.10,165,14978050
110/06/08,116374,74.20,75.20,74.00,74.60,+0.90,98,8693430
110/06/09,458323,74.10,78.40,74.10,78.10,+3.50,382,35256876
110/06/10,2088982,81.00,85.70,79.50,81.40,+3.30,1718,173490034
110/06/11,531148,81.80,82.90,79.10,80.40,-1.00,458,42944441
110/06/15,260194,82.00,82.00,79.00,80.60,+0.20,231,20957457
110/06/16,1144418,82.30,84.70,80.90,80.90,+0.30,918,94869018
110/06/17,434158,80.90,83.00,80.80,82.40,+1.50,302,35655939
110/06/18,332482,82.70,83.20,80.20,80.80,-1.60,304,27127570
110/06/21,305111,78.50,79.80,78.30,78.40,-2.40,268,24049647
110/06/22,200532,80.00,80.00,77.40,77.40,-1.00,161,15714131
110/06/23,181160,78.00,79.50,77.00,78.90,+1.50,160,14262328
110/06/24,295231,79.60,81.20,78.20,79.40,+0.50,227,23492947
110/06/25,281058,81.30,81.80,79.40,79.40,0.00,251,22601752
110/06/28,293517,80.00,82.00,79.00,80.10,+0.70,240,23588183
110/06/29,569675,81.50,82.50,78.00,78.00,-2.10,496,45519186
110/06/30,137465,78.60,79.20,78.10,79.20,+1.20,125,10817868
110/07/01,274668,79.90,79.90,75.70,75.90,-3.30,253,21354642
110/07/02,319585,76.80,78.60,76.30,76.80,+0.90,237,24686094
110/07/05,469234,77.60,80.80,77.60,79.60,+2.80,371,37238264
110/07/06,347585,79.40,80.40,76.80,76.80,-2.80,286,27051184
110/07/07,263603,76.60,78.70,76.50,77.00,+0.20,209,20359273
110/07/08,399609,77.90,79.20,77.00,79.00,+2.00,303,31282405
110/07/09,2379292,81.60,84.90,80.30,81.00,+2.00,1847,196731960
110/07/12,1300272,81.80,84.50,80.80,82.10,+1.10,1026,107121198
110/07/13,2877565,84.00,90.00,83.00,83.50,+1.40,2219,248485528
110/07/14,3658571,88.20,91.80,83.70,91.80,+8.30,2020,325367732
110/07/15,7151006,99.50,99.50,89.40,90.50,-1.30,4867,667923004
110/07/16,2917938,90.90,93.50,88.60,90.10,-0.40,1913,267748775
110/07/19,3509378,90.10,99.10,89.60,99.10,+9.00,2696,333342808
110/07/20,8354837,99.70,109.00,96.50,108.50,+9.40,5371,886457569
110/07/21,8988218,105.00,114.00,102.00,109.00,+0.50,6832,973016316
110/07/22,8175780,111.50,119.50,107.00,109.50,+0.50,5418,939731998
110/07/23,4169639,109.50,111.50,99.80,101.50,-8.00,3258,436069148
110/07/26,2433139,103.50,109.00,102.50,103.50,+2.00,1797,256131616
110/07/27,2093891,104.50,108.00,99.00,103.00,-0.50,1532,215429224
110/07/28,2005754,101.00,103.00,92.70,92.80,-10.20,1592,189984529
110/07/29,1286512,95.20,98.70,91.50,97.00,+4.20,1067,122949552
110/07/30,1453789,98.70,101.50,96.20,97.60,+0.60,1212,143272934
110/08/02,2181773,98.50,105.00,96.80,101.00,,1707,220058203
110/08/03,888740,100.50,103.00,99.60,100.00,-1.00,762,89830484
110/08/04,963805,102.50,103.50,100.00,101.50,+1.50,794,98108121
110/08/05,4970443,104.50,111.50,104.00,111.50,+10.00,2765,547806409
110/08/06,6212117,113.00,114.00,100.50,101.00,-10.50,4702,662173704
110/08/09,1657111,97.60,99.60,92.60,92.90,-8.10,1561,158052903
110/08/10,1305915,92.10,94.80,89.90,90.50,-2.40,1112,119729669
110/08/11,1178613,90.50,91.40,83.70,86.10,-4.40,907,103686462
110/08/12,1072514,85.20,90.70,85.20,89.30,+3.20,888,95232033
110/08/13,1843006,89.50,94.20,88.10,89.00,-0.30,1496,167413197
110/08/16,842104,87.20,89.60,83.90,85.00,-4.00,728,72382057
110/08/17,1099477,85.80,89.50,82.20,82.30,-2.70,937,95115663
110/08/18,1015003,80.30,86.50,79.70,85.90,+3.60,794,84461328
110/08/19,561213,85.80,87.60,82.50,82.50,-3.40,476,47555304
110/08/20,562985,83.50,85.70,82.00,84.00,+1.50,477,47379443
110/08/23,555537,86.00,88.80,85.60,88.00,+4.00,466,48568744
110/08/24,654929,89.50,89.70,85.00,85.50,-2.50,567,56886200
110/08/25,1195137,86.50,90.50,85.60,88.90,+3.40,879,106111002
110/08/26,590992,89.40,89.50,86.80,88.60,-0.30,502,51992193
110/08/27,589692,86.90,89.70,85.60,85.80,-2.80,501,51377797
110/08/30,243620,87.00,87.40,85.90,86.00,+0.20,201,21078869
110/08/31,573529,86.70,89.80,86.00,88.80,+2.80,454,50479131
110/09/01,2383468,89.40,96.00,89.00,94.30,+5.50,1941,223173274
110/09/02,5973967,95.60,103.50,93.00,93.50,-0.80,4416,589730914
110/09/03,2282598,95.80,98.80,94.00,96.30,+2.80,1788,220170579
110/09/06,1097526,96.30,96.30,90.00,90.70,-5.60,953,101940145
110/09/07,1057199,89.60,90.60,83.20,85.40,-5.30,960,90596451
110/09/08,519576,84.70,86.40,82.60,83.10,-2.30,460,43661255
110/09/09,363631,82.30,85.40,82.30,85.30,+2.20,330,30684345
110/09/10,428027,86.90,86.90,83.50,84.90,-0.40,384,36313088
110/09/13,190225,84.90,86.00,84.20,84.20,-0.70,168,16127021
110/09/14,196042,85.60,85.60,83.50,83.90,-0.30,171,16523462
110/09/15,242565,84.50,84.50,81.10,81.90,-2.00,236,19914439
110/09/16,232838,82.20,83.50,82.10,82.90,+1.00,270,19259238
110/09/17,159281,83.60,83.60,82.00,83.40,+0.50,180,13211085
110/09/22,424950,77.00,80.00,77.00,78.20,-5.20,752,33438433
110/09/23,229865,79.10,80.30,78.60,78.60,+0.40,235,18239157
110/09/24,311158,79.30,81.60,79.30,81.10,+2.50,274,25105838
110/09/27,268281,81.30,83.70,81.30,83.00,+1.90,221,22187627
110/09/28,231698,83.00,85.00,81.80,85.00,+2.00,203,19323487
110/09/29,477402,82.70,84.00,79.80,79.80,-5.20,426,38862121
110/09/30,276732,79.80,81.70,79.00,80.30,+0.50,202,22266793
110/10/01,459912,80.00,81.50,76.90,76.90,-3.40,374,36266906
110/10/04,638510,77.70,77.70,69.80,69.80,-7.10,660,46432954
110/10/05,449901,69.20,74.30,67.60,74.00,+4.20,465,32256761
110/10/06,253180,74.50,75.50,71.10,73.50,-0.50,227,18588441
110/10/07,257868,73.90,77.40,73.90,76.90,+3.40,283,19633259
110/10/08,219677,77.00,79.40,77.00,77.30,+0.40,521,17123844
110/10/12,216537,77.30,78.50,76.60,77.30,0.00,262,16791548
110/10/13,332332,77.80,78.20,71.50,72.80,-4.50,385,24590018
110/10/14,221068,74.00,74.50,70.80,72.30,-0.50,225,16009255
110/10/15,262762,74.50,75.30,73.00,74.60,+2.30,240,19576724
110/10/18,301600,75.90,78.20,73.50,77.50,+2.90,444,23133963
110/10/19,539487,78.50,81.20,78.50,79.60,+2.10,501,43082163
110/10/20,266407,79.60,81.60,79.20,80.80,+1.20,246,21446189
110/10/21,293858,81.20,82.50,80.10,80.30,-0.50,271,23900496
110/10/22,533140,81.10,84.00,80.40,83.70,+3.40,449,44053921
110/10/25,236708,83.70,84.20,82.00,83.90,+0.20,234,19679238
110/10/26,292967,84.80,86.00,81.60,82.60,-1.30,279,24424714
110/10/27,178925,82.70,83.70,81.70,83.20,+0.60,167,14859874
110/10/28,244442,83.20,84.70,83.20,84.00,+0.80,261,20505459
110/10/29,235620,85.50,85.50,82.20,82.70,-1.30,285,19706148
110/11/01,732196,83.20,88.50,83.20,88.30,+5.60,610,63211510
110/11/02,443935,88.60,88.60,83.60,83.60,-4.70,636,38013418
110/11/03,195298,83.50,84.50,81.80,82.90,-0.70,235,16198971
110/11/04,118251,84.00,84.30,82.40,82.50,-0.40,160,9831343
110/11/05,113772,82.80,82.80,81.00,82.00,-0.50,118,9331376
110/11/08,91343,82.00,83.00,81.50,81.50,-0.50,112,7483799
110/11/09,131926,81.50,83.90,81.40,83.10,+1.60,343,10964398
110/11/10,172077,84.20,84.20,81.00,82.10,-1.00,179,14110164
110/11/11,600236,81.50,86.90,81.30,85.50,+3.40,506,50911231
110/11/12,2787367,87.70,92.80,86.90,89.00,+3.50,2292,250598105
110/11/15,1069571,90.10,92.10,89.50,89.60,+0.60,1033,97207769
110/11/16,2644440,93.00,98.00,91.40,94.50,+4.90,2236,252282547
110/11/17,1480721,95.80,98.70,94.50,97.00,+2.50,1351,143727973
110/11/18,894711,98.00,99.50,94.10,94.50,-2.50,1323,85923501
110/11/19,578357,96.50,97.00,92.20,92.60,-1.90,752,54422609
110/11/22,1188364,92.80,97.40,91.00,94.90,+2.30,902,112778725
110/11/23,1963968,96.10,97.50,88.90,89.50,-5.40,1524,184688403
110/11/24,257286,90.40,91.80,88.80,90.40,+0.90,303,23169600
110/11/25,385190,91.40,91.40,87.80,88.10,-2.30,257,34257202
110/11/26,400301,87.30,88.00,84.50,85.60,-2.50,320,34421682
110/11/29,327767,84.70,87.30,81.90,86.50,+0.90,325,27890459
110/11/30,250339,88.30,89.20,86.80,86.80,+0.30,276,21953644
110/12/01,467273,86.00,89.70,84.50,89.10,+2.30,396,41004417
110/12/02,367395,88.70,89.50,86.10,86.10,-3.00,306,32038894
110/12/03,272484,87.80,88.60,86.80,87.50,+1.40,255,23945501
110/12/06,926580,87.30,92.40,85.50,91.70,+4.20,769,83380091
110/12/07,1888168,94.00,95.90,92.40,92.40,+0.70,1749,176964826
110/12/08,424799,93.60,93.80,91.20,91.20,-1.20,481,39059652
110/12/09,264727,92.00,92.70,89.80,89.80,-1.40,259,24112226
110/12/10,198527,90.00,90.60,89.00,89.30,-0.50,279,17806735
110/12/13,260513,89.10,89.50,87.10,87.30,-2.00,509,22901961
110/12/14,220854,87.60,87.60,84.30,84.70,-2.60,623,18823838
110/12/15,157241,84.70,86.80,84.70,85.60,+0.90,200,13523159
110/12/16,205016,86.80,87.60,85.50,86.50,+0.90,221,17699824
110/12/17,194039,85.80,86.00,84.20,84.60,-1.90,286,16476743
110/12/20,128507,83.50,85.60,83.50,84.10,-0.50,242,10850456
110/12/21,82031,84.80,85.00,84.30,84.60,+0.50,203,6940904
110/12/22,180828,85.50,86.80,84.90,85.70,+1.10,326,15517758
110/12/23,190185,86.30,86.80,85.00,85.20,-0.50,247,16328410
110/12/24,148525,87.00,87.00,84.50,85.00,-0.20,279,12657139
110/12/27,980119,84.60,91.20,84.60,90.20,+5.20,803,87439370
110/12/28,2223019,92.00,94.50,91.80,92.00,+1.80,2480,206786053
110/12/29,386800,89.00,91.70,89.00,90.10,-1.90,496,34863845
110/12/30,218043,90.60,90.90,89.40,90.00,-0.10,212,19654093
111/01/03,313382,90.00,92.10,90.00,90.50,+0.50,412,28593675
111/01/04,215716,92.00,92.00,88.50,89.80,-0.70,324,19395087
111/01/05,302879,90.00,90.00,86.30,86.40,-3.40,485,26456353
111/01/06,177504,87.20,88.00,85.90,86.10,-0.30,189,15387407
111/01/07,396466,87.30,87.30,80.00,82.00,-4.10,986,32925864
111/01/10,108739,80.00,82.60,80.00,81.70,-0.30,108,8875813
111/01/11,316325,81.70,81.70,79.20,79.60,-2.10,265,25362263
111/01/12,173071,80.40,81.80,79.00,79.50,-0.10,161,13851686
111/01/13,227904,79.60,79.60,77.00,78.10,-1.40,254,17786579
111/01/14,205065,77.30,77.40,75.80,76.90,-1.20,183,15697486
111/01/17,118349,77.30,78.90,77.00,78.60,+1.70,119,9266680
111/01/18,95700,79.00,80.00,78.60,78.90,+0.30,180,7592053
111/01/19,73584,78.00,78.90,77.60,77.90,-1.00,94,5743199
111/01/20,126796,77.90,78.00,76.40,77.00,-0.90,238,9751165
111/01/21,158380,76.20,77.90,76.20,76.30,-0.70,131,12193609
111/01/24,72795,76.30,76.30,73.70,75.80,-0.50,81,5457715
111/01/25,124813,75.60,75.70,74.00,74.00,-1.80,270,9297369
111/01/26,111347,74.00,74.70,72.70,72.80,-1.20,107,8171903
111/02/07,98219,75.20,75.20,73.50,74.30,+1.50,194,7295785
111/02/08,166973,74.70,77.50,74.20,77.00,+2.70,233,12710543
111/02/09,197317,78.00,79.70,76.30,79.70,+2.70,210,15372892
111/02/10,201021,79.40,79.40,77.20,77.20,-2.50,576,15617564
111/02/11,78532,75.40,77.60,75.40,77.00,-0.20,71,6046428
111/02/14,137762,76.50,76.50,73.20,74.40,-2.60,152,10299671
111/02/15,71934,74.40,76.10,74.40,74.50,+0.10,82,5417096
111/02/16,85567,76.10,76.80,75.80,75.90,+1.40,203,6531819
111/02/17,253216,76.00,79.70,75.30,77.20,+1.30,241,19647251
111/02/18,149044,76.10,76.10,75.10,76.00,-1.20,139,11304443
111/02/21,71103,76.00,76.00,75.50,75.50,-0.50,71,5385934
111/02/22,142602,75.00,75.00,72.60,73.00,-2.50,417,10465849
111/02/23,56799,73.00,74.70,73.00,73.40,+0.40,53,4189469
111/02/24,219137,73.00,73.00,70.10,70.60,-2.80,234,15667889
111/02/25,111549,70.80,72.00,70.70,70.80,+0.20,102,7926889
111/03/01,100065,71.50,72.70,71.00,71.80,+1.00,87,7208904
111/03/02,190239,71.80,74.20,70.50,73.50,+1.70,160,13848420
111/03/03,689290,75.30,78.00,74.70,77.00,+3.50,607,52940996
111/03/04,232821,76.10,76.80,75.00,75.20,-1.80,202,17646509
111/03/07,160235,74.50,74.50,71.30,71.40,-3.80,160,11555961
111/03/08,268435,70.20,73.20,70.00,70.10,-1.30,217,19036164
111/03/09,112231,71.00,71.50,70.30,70.60,+0.50,107,7945925
111/03/10,138085,71.90,72.60,71.00,71.00,+0.40,127,9905579
111/03/11,72888,70.60,71.30,70.20,70.70,-0.30,93,5145540
111/03/14,84481,70.00,71.20,70.00,70.50,-0.20,88,5950005
111/03/15,171921,70.50,70.50,68.00,68.10,-2.40,145,11855288
111/03/16,97649,68.50,69.40,68.00,68.40,+0.30,120,6679609
111/03/17,178750,69.60,71.50,69.60,71.30,+2.90,173,12631845
111/03/18,381331,74.00,74.60,72.00,72.40,+1.10,685,27941334
111/03/21,126798,73.00,73.50,71.80,72.10,-0.30,206,9162716
111/03/22,110121,72.00,72.80,71.60,72.40,+0.30,100,7954372
111/03/23,974099,74.70,79.30,74.00,77.00,+4.60,818,74747596
111/03/24,201869,76.90,76.90,75.30,76.20,-0.80,216,15336171
111/03/25,184921,78.00,78.00,75.20,75.20,-1.00,261,14039626
111/03/28,85442,75.20,75.20,73.40,74.60,-0.60,78,6331818
111/03/29,259755,75.70,77.70,74.40,76.80,+2.20,222,19716837
111/03/30,660821,78.50,80.50,78.00,78.00,+1.20,613,52244218
111/03/31,212465,79.50,79.50,76.50,76.80,-1.20,211,16431802
111/04/01,114496,75.40,77.80,75.40,76.90,+0.10,118,8823957
111/04/06,147761,77.30,77.30,74.50,74.80,-2.10,176,11152357
111/04/07,158416,75.60,75.60,73.50,74.10,-0.70,147,11787432
111/04/08,425011,77.00,78.00,75.00,75.20,+1.10,376,32417049
111/04/11,142394,74.80,75.70,72.80,73.00,-2.20,176,10477884
111/04/12,205297,72.50,75.00,71.70,74.50,+1.50,177,15112722
111/04/13,323021,75.90,76.30,74.70,75.00,+0.50,282,24337178
111/04/14,176358,76.80,76.80,73.30,73.30,-1.70,310,13053791
111/04/15,195525,72.10,72.80,71.50,71.70,-1.60,162,14085279
111/04/18,126514,72.40,72.40,70.40,70.50,-1.20,132,8955670
111/04/19,86741,71.70,71.70,70.20,70.50,0.00,87,6139880
111/04/20,126221,70.60,71.20,70.30,70.30,-0.20,218,8913551
111/04/21,159881,70.20,70.60,69.60,70.40,+0.10,196,11213016
111/04/22,142752,70.00,70.00,68.60,69.00,-1.40,140,9869691
111/04/25,197860,67.80,67.80,64.50,66.10,-2.90,180,12946564
111/04/26,80573,66.10,66.30,65.00,65.50,-0.60,74,5288498
111/04/27,149001,63.00,63.70,62.00,62.90,-2.60,150,9365774
111/04/28,95271,63.00,63.40,62.10,62.60,-0.30,106,5988924
111/04/29,148608,63.10,64.60,62.10,62.30,-0.30,160,9352343
111/05/03,123800,62.50,62.70,61.50,62.00,-0.30,70,7664925
111/05/04,53267,62.60,63.00,62.20,62.90,+0.90,60,3343665
111/05/05,331352,63.50,67.50,63.50,67.30,+4.40,277,21852034
111/05/06,161439,65.60,67.70,65.00,67.30,0.00,143,10686033
111/05/09,260521,67.60,67.60,65.00,65.10,-2.20,369,17185023
111/05/10,166730,65.00,66.90,64.10,66.00,+0.90,151,10957028
111/05/11,110440,66.80,66.80,65.00,65.00,-1.00,100,7259717
111/05/12,154010,65.80,66.70,64.10,64.20,-0.80,155,10053386
111/05/13,314056,65.80,67.70,64.60,67.10,+2.90,248,20851238
111/05/16,798280,68.90,70.30,67.80,67.80,+0.70,763,54891198
111/05/17,243853,68.10,69.80,67.80,69.50,+1.70,212,16803870
111/05/18,190290,70.00,70.30,68.50,68.50,-1.00,173,13146165
111/05/19,128560,65.80,67.70,65.80,67.50,-1.00,121,8608605
111/05/20,81788,67.00,67.50,66.80,67.00,-0.50,93,5486568
111/05/23,90338,67.70,68.30,66.40,66.70,-0.30,90,6064936
111/05/24,122433,66.50,66.50,64.30,65.00,-1.70,138,7974228
111/05/25,77701,64.30,65.60,64.30,64.90,-0.10,77,5053984
111/05/26,84648,65.20,65.20,63.60,63.60,-1.30,84,5421034
111/05/27,47111,65.60,65.60,63.90,64.00,+0.40,49,3024868
111/05/30,128074,65.30,65.80,64.90,65.80,+1.80,106,8386283
111/05/31,125000,65.90,67.30,65.40,66.50,+0.70,111,8307300
111/06/01,296281,66.50,70.30,66.50,69.00,+2.50,254,20327096
111/06/02,560838,69.80,71.40,69.80,70.10,+1.10,683,39533489
111/06/06,1145383,71.20,75.50,70.50,74.10,+4.00,1120,84316600
111/06/07,466087,74.20,74.50,72.40,72.90,-1.20,444,34209624
111/06/08,276398,74.00,74.30,72.10,72.30,-0.60,309,20185130
111/06/09,183662,72.90,72.90,71.00,71.20,-1.10,179,13161755
111/06/10,306449,70.50,70.50,68.70,68.70,-2.50,260,21301078
111/06/13,197728,68.00,68.00,66.10,66.60,-2.10,170,13185112
111/06/14,156015,66.60,66.80,65.40,66.80,+0.20,116,10334197
111/06/15,99050,66.50,68.00,66.50,66.70,-0.10,84,6634460
111/06/16,173007,66.90,68.10,64.50,64.50,-2.20,129,11429360
111/06/17,152526,63.40,64.50,63.30,63.30,-1.20,117,9720755
111/06/20,234767,63.20,63.30,58.30,58.30,-5.00,217,14230437
111/06/21,87477,58.50,60.80,58.50,60.30,+2.00,88,5237287
111/06/22,238767,60.60,60.60,55.40,55.40,-4.90,235,13617112
111/06/23,366813,53.40,55.40,50.60,52.90,-2.50,284,19493155
111/06/24,123950,54.90,55.20,54.00,54.30,+1.40,122,6769295
111/06/27,157543,56.90,57.60,56.00,57.40,+3.10,149,8974197
111/06/28,95736,58.20,58.20,54.00,55.70,-1.70,89,5366960
111/06/29,185767,55.70,55.70,53.50,53.80,-1.90,149,10066103
111/06/30,238913,50.20,50.30,47.20,48.20,,211,11562080
111/07/01,239342,49.00,49.00,44.05,44.60,-3.60,204,11071937
111/07/04,92745,44.60,45.55,43.25,44.10,-0.50,94,4122127
111/07/05,202760,47.95,48.50,47.30,48.50,+4.40,150,9812654
111/07/06,716043,50.40,51.00,46.65,46.70,-1.80,578,35362695
111/07/07,270036,46.70,48.20,46.05,47.60,+0.90,217,12781816
111/07/08,183504,48.10,49.00,47.05,47.50,-0.10,172,8835936
111/07/11,119465,47.60,47.80,45.20,45.55,-1.95,128,5509820
111/07/12,148792,45.00,45.00,42.05,42.35,-3.20,152,6404350
111/07/13,118555,44.20,45.20,43.65,44.70,+2.35,109,5286509
111/07/14,105069,44.70,46.20,43.30,45.85,+1.15,99,4771417
111/07/15,76640,45.90,47.40,45.90,47.15,+1.30,83,3590936
111/07/18,218032,47.80,49.65,47.60,49.50,+2.35,169,10628524
111/07/19,164296,48.80,50.10,48.80,50.10,+0.60,161,8152630
111/07/20,392244,50.80,51.50,49.30,50.10,0.00,323,19798845
111/07/21,1268693,51.10,55.10,51.00,55.10,+5.00,790,68699130
111/07/22,1848447,56.10,57.40,54.50,54.60,-0.50,1397,103659127
111/07/25,324002,54.00,54.40,53.20,53.50,-1.10,263,17328108
111/07/26,273123,53.50,54.80,52.60,52.60,-0.90,236,14647535
111/07/27,178372,53.20,53.20,51.70,52.50,-0.10,166,9341857
111/07/28,297493,51.90,54.40,51.90,52.00,-0.50,255,15791681
111/07/29,171738,52.30,53.70,52.00,52.00,0.00,185,9030639
111/08/01,124579,52.10,52.30,51.30,51.30,-0.70,114,6436440
111/08/02,143462,51.30,51.30,49.60,49.85,-1.45,130,7184209
111/08/03,121103,50.80,51.00,49.05,49.10,-0.75,104,6013246
111/08/04,114062,49.10,49.90,47.80,48.85,-0.25,99,5565620
111/08/05,127488,49.50,50.80,49.40,50.20,+1.35,113,6401052
111/08/08,154313,50.30,51.60,49.05,50.10,-0.10,138,7779351
111/08/09,130850,49.50,50.80,49.10,50.10,0.00,103,6570779
111/08/10,355773,49.50,51.80,48.60,50.30,+0.20,262,17927718
111/08/11,678795,52.60,53.20,51.90,52.00,+1.70,553,35597339
111/08/12,296571,52.80,53.90,52.00,53.10,+1.10,252,15754042
111/08/15,348869,53.90,55.60,53.10,54.10,+1.00,301,19004879
111/08/16,162653,54.90,54.90,53.00,53.00,-1.10,169,8706724
111/08/17,161075,52.90,53.40,52.00,52.60,-0.40,124,8472636
111/08/18,146150,52.20,53.50,52.20,53.30,+0.70,115,7767724
111/08/19,250386,54.50,54.80,53.10,53.40,+0.10,204,13498350
111/08/22,108133,52.60,53.20,52.30,52.30,-1.10,95,5690316
111/08/23,64060,51.60,52.20,51.50,51.70,-0.60,52,3317432
111/08/24,62001,51.90,52.30,51.60,51.70,0.00,55,3214351
111/08/25,119724,51.80,53.00,51.80,52.40,+0.70,90,6289292
111/08/26,63180,52.60,53.00,52.40,52.40,0.00,58,3325775
111/08/29,110122,50.10,50.70,49.80,50.40,-2.00,89,5536124
111/08/30,66194,52.50,52.50,50.80,50.80,+0.40,70,3390859
111/08/31,102621,50.90,51.50,50.60,51.30,+0.50,93,5246645
111/09/01,99263,50.30,51.00,50.30,50.30,-1.00,85,5016287
111/09/02,42000,50.40,50.70,50.20,50.40,+0.10,38,2117300
111/09/05,143272,50.40,50.40,48.80,48.80,-1.60,132,7079963
111/09/06,116453,48.85,48.85,47.00,47.00,-1.80,95,5561764
111/09/07,95258,46.15,47.00,45.60,45.90,-1.10,93,4396106
111/09/08,58201,46.20,47.70,46.20,46.65,+0.75,55,2739923
111/09/12,104604,47.10,48.75,47.10,48.00,+1.35,81,5058160
111/09/13,53302,48.10,49.35,48.10,48.10,+0.10,83,2592769
111/09/14,103511,47.50,47.90,47.40,47.55,-0.55,115,4927625
111/09/15,359229,47.65,51.00,47.65,50.30,+2.75,303,17939671
111/09/16,859709,50.60,53.10,50.20,50.30,0.00,714,44217980
111/09/19,295155,50.30,50.30,46.45,46.45,-3.85,195,14302176
111/09/20,145480,47.75,47.75,46.50,46.80,+0.35,124,6848698
111/09/21,110120,46.65,46.65,46.00,46.00,-0.80,92,5092703
111/09/22,225153,46.00,47.65,45.90,47.60,+1.60,160,10630114
111/09/23,398593,46.80,50.40,46.50,49.30,+1.70,322,19450731
111/09/26,363765,49.10,49.10,46.30,46.30,-3.00,324,17238042
111/09/27,465045,47.20,48.60,46.50,48.30,+2.00,350,22028066
111/09/28,958752,48.50,50.70,47.00,47.00,-1.30,787,47133654
111/09/29,345252,47.95,48.65,47.15,47.25,+0.25,287,16464958
111/09/30,213115,46.00,46.85,45.60,46.60,-0.65,186,9849582
111/10/03,179182,46.90,47.00,45.20,45.20,-1.40,162,8287526
111/10/04,146902,46.45,46.60,45.60,46.00,+0.80,134,6758379
111/10/05,237216,46.80,48.25,46.55,46.60,+0.60,214,11264862
111/10/06,495240,47.35,49.85,46.90,49.05,+2.45,419,24166581
111/10/07,441722,49.05,50.40,47.40,49.85,+0.80,369,21638384
111/10/11,291828,49.40,49.40,47.70,47.90,-1.95,260,14181403
111/10/12,312426,49.00,49.00,47.35,48.00,+0.10,265,15049289
111/10/13,626840,48.55,49.95,44.05,44.20,-3.80,539,29651617
111/10/14,194798,47.40,47.45,45.60,45.85,+1.65,180,9056754
111/10/17,196329,45.45,45.45,43.80,45.10,-0.75,208,8752937
111/10/18,115379,45.90,46.10,44.65,45.15,+0.05,121,5214508
111/10/19,78360,45.65,45.70,44.60,44.60,-0.55,80,3528861
111/10/20,123051,44.10,44.10,43.15,43.80,-0.80,107,5359199
111/10/21,88003,45.95,45.95,43.20,43.20,-0.60,74,3871433
111/10/24,151510,43.85,45.70,43.85,44.70,+1.50,135,6818068
111/10/25,559869,45.85,47.35,44.40,44.40,-0.30,524,25749611
111/10/26,125843,44.85,44.90,43.30,43.70,-0.70,125,5560730
111/10/27,86186,43.75,45.30,43.75,45.10,+1.40,84,3861649
111/10/28,196529,45.05,46.30,44.45,45.55,+0.45,166,8938695
111/10/31,338351,46.95,47.50,46.10,46.15,+0.60,285,15878697
111/11/01,108625,46.15,46.60,45.80,46.15,0.00,158,5018683
111/11/02,129544,46.60,47.50,46.50,46.95,+0.80,118,6091816
111/11/03,161299,46.90,47.95,46.70,47.70,+0.75,142,7629584
111/11/04,816592,48.00,52.40,47.90,52.40,+4.70,710,41383057
111/11/07,1932116,53.80,54.30,52.70,53.30,+0.90,1234,103270077
111/11/08,598961,53.40,54.20,52.10,52.10,-1.20,494,31926361
111/11/09,370465,53.10,54.10,52.50,53.00,+0.90,293,19716247
111/11/10,1110377,53.70,55.80,53.00,53.50,+0.50,954,60062339
111/11/11,815224,55.80,55.80,51.90,51.90,-1.60,630,43999370
111/11/14,258033,52.40,52.90,51.50,51.90,0.00,228,13457115
111/11/15,272460,51.90,53.50,51.50,51.50,-0.40,233,14214675
111/11/16,258759,51.90,52.40,50.00,52.00,+0.50,222,13289365
111/11/17,209318,51.60,52.80,50.20,52.70,+0.70,168,10917204
111/11/18,320057,53.40,54.10,52.50,53.20,+0.50,299,17103297
111/11/21,641463,54.50,54.50,52.90,52.90,-0.30,519,34433856
111/11/22,135269,52.90,53.40,52.40,52.40,-0.50,112,7132925
111/11/23,115462,53.30,54.20,52.30,52.30,-0.10,106,6093507
111/11/24,190184,52.50,53.80,52.40,53.10,+0.80,129,10104856
111/11/25,162426,53.00,53.30,51.30,51.50,-1.60,192,8453441
111/11/28,149213,51.00,52.70,50.60,51.60,+0.10,121,7698775
111/11/29,71011,51.40,51.90,51.00,51.60,0.00,59,3656967
111/11/30,399033,51.60,54.70,51.60,52.90,+1.30,314,21341116
111/12/01,179829,54.40,54.50,53.10,53.60,+0.70,166,9663835
111/12/02,331339,53.80,55.40,53.80,54.20,+0.60,256,18112860
111/12/05,191024,54.20,55.20,53.80,53.90,-0.30,213,10362391
111/12/06,573470,53.80,55.50,52.70,55.30,+1.40,458,31291849
111/12/07,611782,55.00,55.40,54.00,54.40,-0.90,601,33501357
111/12/09,321272,55.00,56.00,53.70,53.70,-1.80,259,17482796
111/12/12,163546,53.20,53.20,52.30,52.50,-1.20,155,8601157
111/12/13,185651,53.20,53.20,51.80,51.80,-0.70,126,9690624
111/12/14,101325,51.70,52.50,51.00,52.40,+0.60,85,5256460
111/12/15,261230,52.40,55.00,51.90,53.50,+1.10,194,14018420
111/12/16,104011,53.00,53.00,52.00,52.00,-1.50,88,5436877
111/12/19,60384,51.30,52.40,51.30,51.70,-0.30,56,3126590
111/12/20,174254,51.70,52.50,50.00,50.00,-1.70,155,8874484
111/12/21,718443,50.30,54.70,50.30,54.20,+4.20,473,38247949
111/12/22,587465,54.50,55.40,52.50,53.80,-0.40,429,31631972
111/12/23,236006,53.40,54.30,53.20,53.40,-0.40,170,12659228
111/12/26,112046,53.40,54.10,52.50,52.70,-0.70,87,5942979
111/12/27,538699,52.90,55.00,52.80,54.90,+2.20,391,29250987
111/12/28,469596,54.90,55.50,53.80,53.90,-1.00,383,25623500
111/12/29,460391,54.00,55.80,53.40,55.50,+1.60,364,25253408
111/12/30,332613,56.00,56.50,54.10,54.10,-1.40,276,18234878
112/01/03,184272,54.10,55.10,53.30,54.10,0.00,156,10005470
112/01/04,102247,54.30,54.60,53.60,54.10,0.00,87,5527922
112/01/05,126890,54.60,54.60,53.80,54.10,0.00,123,6857220
112/01/06,369611,54.20,55.70,54.20,54.90,+0.80,330,20346401
112/01/09,315317,56.00,56.00,54.70,54.70,-0.20,247,17410990
112/01/10,204459,54.50,55.70,53.90,54.20,-0.50,203,11182476
112/01/11,509186,54.80,55.80,54.20,55.20,+1.00,426,28147377
112/01/12,249948,55.70,55.70,54.30,54.30,-0.90,181,13700277
112/01/13,172207,54.30,54.50,53.60,53.80,-0.50,132,9297067
112/01/16,67485,53.80,54.80,53.70,53.70,-0.10,71,3639744
112/01/17,94920,53.80,54.60,53.50,54.10,+0.40,75,5126820
112/01/30,205676,55.00,55.50,54.50,54.70,+0.60,131,11299044
112/01/31,317829,55.00,56.30,54.90,55.70,+1.00,241,17730980
112/02/01,481465,56.70,57.60,55.70,55.70,0.00,448,27181161
112/02/02,742657,56.30,58.80,55.90,58.10,+2.40,649,42881609
112/02/03,322751,58.70,58.70,56.80,56.80,-1.30,311,18484322
112/02/06,234722,56.80,58.00,56.20,56.80,0.00,197,13437999
112/02/07,218623,56.80,57.00,55.60,55.60,-1.20,261,12259427
112/02/08,433533,56.30,58.00,55.80,57.80,+2.20,343,24840627
112/02/09,199481,58.30,58.30,56.40,56.40,-1.40,235,11371169
112/02/10,681745,57.00,59.00,54.50,58.40,+2.00,570,38850043
112/02/13,798791,58.80,58.90,56.30,56.60,-1.80,747,45874665
112/02/14,1738942,58.00,62.20,57.10,62.20,+5.60,1125,105830356
112/02/15,2034514,62.20,62.20,58.50,58.50,-3.70,1532,121774410
112/02/16,862652,59.00,61.80,59.00,60.30,+1.80,700,51978163
112/02/17,395036,59.60,61.40,59.40,59.90,-0.40,357,23786214
112/02/20,321437,59.90,60.60,59.60,59.80,-0.10,263,19241726
112/02/21,364852,59.90,60.80,59.60,59.60,-0.20,278,21955141
112/02/22,401656,59.20,59.90,57.70,58.00,-1.60,307,23498986
112/02/23,337956,58.50,60.30,58.30,59.30,+1.30,288,20078637
112/02/24,138961,60.00,60.00,58.30,58.40,-0.90,155,8175782
112/03/01,556878,58.00,61.00,57.70,60.40,+2.00,447,33346826
112/03/02,1005522,61.00,62.10,60.60,60.90,+0.50,946,61625223
112/03/03,270305,60.40,61.70,60.40,61.10,+0.20,260,16453845
112/03/06,257088,61.10,61.60,60.90,60.90,-0.20,216,15732334
112/03/07,148101,60.90,61.60,60.50,60.70,-0.20,135,9025963
112/03/08,228785,60.60,61.80,60.40,61.30,+0.60,212,14017941
112/03/09,242130,61.00,62.40,61.00,61.30,0.00,204,14936075
112/03/10,294004,61.10,61.10,58.10,58.80,-2.50,282,17481168
112/03/13,617087,58.30,61.80,57.20,61.20,+2.40,465,37077579
112/03/14,630825,61.30,61.80,60.90,61.00,-0.20,448,38711199
112/03/15,175887,61.70,61.90,61.00,61.00,0.00,181,10791337
112/03/16,287823,60.60,61.50,58.50,59.00,-2.00,227,17193147
112/03/17,522499,59.00,61.10,59.00,60.60,+1.60,341,31540156
112/03/20,1171829,61.60,64.20,61.50,62.70,+2.10,1024,73347002
112/03/21,287781,63.40,63.40,62.10,62.20,-0.50,296,18042789
112/03/22,349710,62.60,63.50,62.40,63.00,+0.80,353,22085938
112/03/23,150518,63.00,63.60,62.50,63.30,+0.30,185,9478031
112/03/24,938843,64.80,68.00,63.30,65.90,+2.60,838,61566857
112/03/27,1314911,68.60,68.90,66.00,66.10,+0.20,1289,88531928
112/03/28,565194,66.20,68.30,65.90,67.00,+0.90,455,37920764
112/03/29,540472,67.90,68.40,63.70,63.70,-3.30,493,35527795
112/03/30,328709,63.70,65.10,63.70,63.70,0.00,289,21100546
112/03/31,249316,64.30,64.30,62.50,63.10,-0.60,210,15742723
112/04/06,105603,63.20,63.20,61.90,62.50,-0.60,112,6597347
112/04/07,172196,62.60,63.00,62.30,62.30,-0.20,130,10779960
112/04/10,164792,62.70,62.80,62.00,62.20,-0.10,146,10264547
112/04/11,225938,62.20,63.30,62.00,62.30,+0.10,197,14161559
112/04/12,163015,62.30,63.20,62.30,62.80,+0.50,152,10231024
112/04/13,478686,62.60,62.60,60.90,61.00,-1.80,370,29472005
112/04/14,138428,61.60,61.90,61.00,61.00,0.00,122,8475011
112/04/17,220321,61.00,62.20,60.70,61.30,+0.30,154,13507906
112/04/18,319514,61.80,62.90,61.60,61.80,+0.50,265,19895124
112/04/19,204221,62.60,62.60,60.80,61.00,-0.80,160,12569474
112/04/20,352773,61.00,61.20,58.50,58.50,-2.50,289,21031623
112/04/21,398367,59.00,59.40,55.50,57.40,-1.10,275,22834622
112/04/24,63410,56.20,57.50,56.20,57.00,-0.40,67,3614868
112/04/25,331847,57.00,57.10,53.50,53.90,-3.10,257,18174638
112/04/26,91421,53.30,54.20,53.10,54.10,+0.20,88,4901603
112/04/27,338457,54.10,56.50,53.10,54.20,+0.10,297,18542362
112/04/28,515772,54.50,58.20,54.50,57.80,+3.60,420,29144244
112/05/02,1161583,60.20,61.50,58.70,60.30,+2.50,955,70045097
112/05/03,207864,60.20,61.20,59.50,60.00,-0.30,198,12521809
112/05/04,149802,60.60,60.60,59.50,59.60,-0.40,144,8969407
112/05/05,124314,59.50,60.60,59.40,59.70,+0.10,109,7432450
112/05/08,59764,60.30,60.50,59.10,59.10,-0.60,73,3569227
112/05/09,140721,59.70,59.70,57.60,57.90,-1.20,132,8193612
112/05/10,92372,57.40,58.10,57.20,57.60,-0.30,65,5316781
112/05/11,104270,58.30,58.30,55.60,56.40,-1.20,98,5913874
112/05/12,172092,56.80,58.80,55.40,56.80,+0.40,158,9866642
112/05/15,85825,56.80,57.80,55.50,55.50,-1.30,84,4811361
112/05/16,246637,56.30,58.40,56.30,58.30,+2.80,214,14211305
112/05/17,1082839,59.00,63.00,58.80,59.70,+1.40,876,65913111
112/05/18,181884,60.00,60.10,59.00,59.20,-0.50,166,10800723
112/05/19,434903,59.00,61.90,59.00,61.70,+2.50,374,26484410
112/05/22,1819512,63.00,66.80,62.50,65.20,+3.50,1496,118333224
112/05/23,915570,65.40,68.10,64.20,66.40,+1.20,797,61060920
112/05/24,441613,65.30,67.00,64.30,64.60,-1.80,544,28873499
112/05/25,881745,64.60,67.00,63.70,65.40,+0.80,710,57737246
112/05/26,1429115,68.10,68.90,66.30,66.80,+1.40,1409,96759697
112/05/29,585952,68.30,68.30,65.80,66.90,+0.10,638,39090045
112/05/30,361553,67.00,68.50,66.00,66.00,-0.90,339,24263724
112/05/31,286663,66.80,67.80,65.90,66.30,+0.30,357,19130907
112/06/01,250276,67.00,67.00,65.20,65.70,-0.60,261,16476341
112/06/02,419570,65.10,66.60,63.80,64.20,-1.50,474,27155073
112/06/05,1680574,64.20,70.60,64.10,70.40,+6.20,1265,116286652
112/06/06,3615667,73.10,75.00,71.60,72.10,+1.70,2708,264217027
112/06/07,1074230,71.60,73.80,70.70,71.50,-0.60,840,77901540
112/06/08,806386,72.20,72.50,68.40,68.50,-3.00,701,56566283
112/06/09,346714,69.30,70.10,69.00,69.00,+0.50,306,24086534
112/06/12,1501660,69.40,73.30,67.50,73.00,+4.00,1145,107448291
112/06/13,1379810,72.90,73.80,71.80,72.30,-0.70,1351,100553240
112/06/14,345243,72.80,73.10,71.20,71.20,-1.10,327,24852339
112/06/15,347895,72.20,72.20,70.10,70.10,-1.10,336,24593502
112/06/16,281034,70.10,70.60,69.00,69.20,-0.90,250,19514401
112/06/19,324385,69.50,72.00,69.50,70.80,+1.60,293,23075625
112/06/20,300586,70.80,71.00,68.30,68.90,-1.90,288,20860418
112/06/21,194799,69.00,70.90,68.90,70.00,+1.10,197,13624689
112/06/26,106595,69.10,70.00,69.00,69.20,-0.80,101,7392534
112/06/27,239584,69.80,70.40,67.70,67.80,-1.40,352,16433317
112/06/28,121969,69.00,69.20,67.20,67.40,-0.40,235,8301352
112/06/29,95298,68.40,68.60,67.60,67.90,+0.50,116,6487382
112/06/30,93270,67.80,69.20,67.60,68.70,+0.80,95,6393240
112/07/03,167528,69.50,70.50,69.20,69.70,+1.00,164,11700479
112/07/04,704804,69.70,72.80,68.30,72.20,+2.50,540,50527326
112/07/05,990302,74.80,74.80,71.80,72.10,-0.10,702,72502012
112/07/06,280387,71.30,72.90,70.60,71.30,-0.80,209,20063526
112/07/07,241024,71.30,71.30,69.60,70.60,-0.70,198,16929499
112/07/10,247472,70.60,71.90,68.50,68.50,-2.10,243,17169165
112/07/11,189055,70.00,70.00,67.20,67.70,-0.80,192,12858711
112/07/12,735001,68.10,71.90,66.20,71.00,+3.30,585,51522154
112/07/13,956366,70.60,72.60,70.10,70.80,,699,68093633
112/07/14,912921,71.50,74.20,71.00,72.20,+1.40,685,66545545
112/07/17,390227,71.50,71.60,70.40,70.50,-1.70,445,27636855
112/07/18,431658,71.00,71.40,68.10,68.30,-2.20,544,29852968
112/07/19,246879,69.20,69.60,67.40,67.50,-0.80,395,16833631
112/07/20,136299,68.00,69.00,67.90,67.90,+0.40,128,9316944
112/07/21,151196,67.00,68.90,66.30,68.80,+0.90,136,10238184
112/07/24,254969,69.00,69.00,66.20,66.30,-2.50,526,17054705
112/07/25,173644,67.50,67.50,66.10,66.10,-0.20,158,11532818
112/07/26,412222,66.00,66.00,62.40,63.00,-3.10,402,26228547
112/07/27,171936,62.50,64.20,62.20,63.00,0.00,161,10895088
112/07/28,130676,63.00,64.60,62.80,63.60,+0.60,161,8337671
112/07/31,585960,64.50,68.50,63.60,67.30,+3.70,549,39309347
112/08/01,555097,68.20,69.00,66.20,66.50,-0.80,569,37513335
112/08/02,217116,65.70,66.00,63.80,63.90,-2.60,260,14058054
112/08/04,70570,63.90,65.60,63.50,65.10,+1.20,128,4580550
112/08/07,51181,65.10,65.10,64.50,65.00,-0.10,60,3314704
112/08/08,56128,64.30,64.60,64.10,64.30,-0.70,61,3616952
112/08/09,565869,64.30,67.00,62.90,63.10,-1.20,594,36481977
112/08/10,128589,63.20,63.70,62.30,62.30,-0.80,138,8079752
112/08/11,70631,62.50,62.80,62.20,62.30,0.00,135,4416095
112/08/14,90613,62.80,62.80,60.10,60.60,-1.70,125,5531843
112/08/15,63914,60.80,62.10,60.80,61.20,+0.60,71,3920432
112/08/16,38513,61.20,61.50,60.30,61.10,-0.10,57,2351694
112/08/17,85206,60.90,62.30,60.50,61.90,+0.80,129,5262968
112/08/18,48654,62.00,62.00,60.80,61.40,-0.50,128,2986056
112/08/21,45541,61.40,62.40,61.30,61.60,+0.20,47,2810770
112/08/22,67383,61.70,62.50,60.90,60.90,-0.70,98,4137529
112/08/23,203231,60.90,63.80,60.80,62.40,+1.50,228,12704490
112/08/24,111035,62.40,63.40,61.70,61.80,-0.60,104,6934499
112/08/25,35177,61.80,62.30,61.20,61.50,-0.30,41,2163142
112/08/28,57803,62.60,62.60,60.40,61.30,-0.20,101,3514694
112/08/29,292511,60.80,63.90,60.70,63.10,+1.80,255,18427942
112/08/30,300969,63.70,65.00,62.80,63.80,+0.70,283,19154387
112/08/31,462950,64.30,65.60,64.00,64.30,+0.50,497,29984948
112/09/01,413337,64.30,66.50,64.10,66.30,+2.00,348,27155599
112/09/04,110616,67.00,67.00,65.30,65.60,-0.70,137,7276873
112/09/05,167308,66.60,66.80,65.60,66.30,+0.70,155,11088470
112/09/06,159390,66.60,67.20,66.20,66.20,-0.10,174,10630989
112/09/07,83432,66.90,66.90,65.50,65.80,-0.40,99,5518155
112/09/08,388958,65.80,68.70,65.30,68.00,+2.20,406,26263684
112/09/11,526716,68.80,69.30,65.00,65.00,-3.00,818,35265718
112/09/12,68536,65.00,65.80,65.00,65.10,+0.10,110,4483822
112/09/13,582468,65.20,70.10,65.10,68.90,+3.80,572,39829822
112/09/14,215143,69.20,69.20,67.50,68.00,-0.90,202,14691707
112/09/15,99324,68.60,68.60,67.00,67.10,-0.90,108,6710236
112/09/18,304885,67.20,69.70,67.20,68.70,+1.60,316,21020140
112/09/19,366812,69.40,70.10,68.30,68.30,-0.40,359,25396565
112/09/20,142515,68.80,69.50,68.30,69.10,+0.80,140,9823586
112/09/21,352065,69.10,70.60,68.30,68.50,-0.60,468,24431890
112/09/22,1843148,69.90,74.70,68.80,74.50,+6.00,1651,134233512
112/09/25,870002,73.70,75.90,72.50,72.50,-2.00,1215,64141072
112/09/26,367889,72.10,73.90,71.00,71.00,-1.50,532,26437169
112/09/27,374376,70.50,72.40,70.10,70.30,-0.70,346,26482212
112/09/28,203565,70.90,71.80,70.30,70.40,+0.10,350,14409339
112/10/02,260378,71.70,71.70,69.60,70.50,+0.10,392,18341975
112/10/03,153004,71.60,72.20,70.40,70.50,0.00,207,10855554
112/10/04,220264,70.30,71.30,69.00,69.00,-1.50,210,15375672
112/10/05,1086735,69.70,74.70,69.10,74.70,+5.70,1024,79853038
112/10/06,1767859,75.90,77.50,73.80,74.70,0.00,1589,133138764
112/10/11,565607,73.30,73.50,69.90,69.90,-4.80,649,40409358
112/10/13,170617,71.20,72.00,70.50,70.80,-0.60,135,12134459
112/10/16,234156,70.30,70.70,68.80,69.00,-1.80,186,16247877
112/10/17,218410,70.90,72.20,69.90,69.90,+0.90,225,15484025
112/10/18,219483,70.60,70.60,67.00,67.20,-2.70,242,14985860
112/10/19,516049,67.10,72.00,67.10,70.80,+3.60,485,36501532
112/10/20,222051,70.50,70.60,68.90,69.10,-1.70,417,15414153
112/10/23,350589,69.10,71.30,68.60,69.40,+0.30,358,24504196
112/10/24,342177,69.60,71.80,69.10,69.30,-0.10,391,24006872
112/10/25,170499,70.50,71.00,69.40,69.40,+0.10,169,11957222
112/10/26,629937,69.10,71.90,68.20,71.50,+2.10,583,44632582
112/10/27,1189591,71.80,74.20,71.20,72.30,+0.80,1020,86407009
112/10/30,5059602,73.90,79.50,73.60,76.10,+3.80,3324,397996287
112/10/31,1830902,75.90,76.00,71.30,71.50,-4.60,1459,134884007
112/11/01,869215,72.10,72.90,69.60,69.80,-1.70,862,61470782
112/11/02,712226,73.00,73.00,69.90,70.30,+0.50,709,50340872
112/11/03,355018,71.00,71.90,69.70,69.80,-0.50,364,25086758
112/11/06,386695,70.80,71.90,70.20,70.90,+1.10,323,27402328
112/11/07,165656,71.20,71.40,70.20,70.20,-0.70,211,11694160
112/11/08,395603,71.40,72.50,70.10,70.10,-0.10,399,28108785
112/11/09,489457,69.60,71.50,68.10,68.10,-2.00,447,33646780
112/11/10,334622,67.70,68.60,66.90,66.90,-1.20,313,22519824
112/11/13,176314,67.10,67.80,66.20,67.50,+0.60,171,11844852
112/11/14,1757182,67.50,73.00,67.50,72.10,+4.60,1355,125027354
112/11/15,1236449,73.60,74.20,71.00,72.50,+0.40,993,89954506
112/11/16,450284,71.90,73.20,71.50,71.50,-1.00,376,32521989
112/11/17,431295,72.30,72.70,70.60,71.00,-0.50,467,30808590
112/11/20,404963,72.40,72.40,70.30,70.90,-0.10,302,28899122
112/11/21,958903,72.10,73.60,70.90,73.00,+2.10,717,69732284
112/11/22,2862400,73.50,76.60,73.40,75.60,+2.60,2244,214577805
112/11/23,921873,74.40,75.50,73.10,73.60,-2.00,785,68391346
112/11/24,569878,73.50,75.20,72.90,72.90,-0.70,476,42129888
112/11/27,365566,73.10,73.20,71.00,71.30,-1.60,386,26269552
112/11/28,632484,71.90,74.30,71.50,73.60,+2.30,536,46347679
112/11/29,406194,73.20,74.50,72.90,73.90,+0.30,624,29940331
112/11/30,368928,74.00,74.60,73.30,73.30,-0.60,558,27215669
112/12/01,296410,73.80,74.50,73.00,73.00,-0.30,286,21825596
112/12/04,462907,73.30,73.30,70.80,71.10,-1.90,491,33232250
112/12/05,226014,71.10,71.50,70.30,70.40,-0.70,222,15986879
112/12/06,290668,70.50,72.50,70.30,71.00,+0.60,310,20741876
112/12/07,303241,71.00,71.20,69.60,69.60,-1.40,330,21275872
112/12/08,1990994,70.10,74.40,69.50,73.00,+3.40,1340,145070521
112/12/11,6038451,75.70,77.50,72.80,73.00,0.00,4448,451356464
112/12/12,1322005,72.30,74.40,71.20,72.00,-1.00,1126,95701153
112/12/13,421755,72.40,73.20,71.80,72.40,+0.40,396,30493416
112/12/14,941988,73.50,74.50,70.90,70.90,-1.50,787,68536848
112/12/15,518155,72.00,72.30,70.20,70.60,-0.30,469,36855318
112/12/18,334128,70.60,71.00,69.60,69.90,-0.70,329,23417654
112/12/19,327491,70.50,70.50,68.80,69.40,-0.50,295,22671265
112/12/20,255025,69.70,70.20,69.00,69.00,-0.40,228,17691408
112/12/21,935651,68.20,72.30,67.30,71.70,+2.70,837,65875616
112/12/22,1572589,72.20,73.40,71.00,71.00,-0.70,1327,114073887
112/12/25,393706,71.00,72.60,70.40,70.60,-0.40,374,28082466
112/12/26,2153210,71.30,75.50,70.60,75.40,+4.80,1669,159383669
112/12/27,5361946,77.00,81.80,75.40,79.60,+4.20,4307,421134031
112/12/28,5187746,82.30,87.00,81.00,81.90,+2.30,4481,435141528
112/12/29,2261653,82.90,84.50,80.10,82.40,+0.50,2098,186485983
113/01/02,3367409,84.00,88.60,80.40,81.20,-1.20,3195,280943469
113/01/03,1486627,80.40,82.10,78.30,78.40,-2.80,1294,118846574
113/01/04,1482397,77.80,79.40,76.00,76.00,-2.40,1152,114837593
113/01/05,1054120,77.00,79.70,76.50,77.00,+1.00,895,82316079
113/01/08,1043815,77.40,78.60,74.60,74.90,-2.10,859,79345297
113/01/09,552613,75.90,75.90,73.00,73.00,-1.90,612,40905142
113/01/10,583574,73.10,74.20,71.50,71.60,-1.40,514,42353843
113/01/11,1060643,72.10,75.60,71.50,74.40,+2.80,1040,78472739
113/01/12,2742338,75.30,77.80,73.10,73.10,-1.30,2396,206917629
113/01/15,651863,73.50,74.90,73.20,73.70,+0.60,750,48238156
113/01/16,597624,74.00,75.50,73.20,73.80,+0.10,641,44283261
113/01/17,526535,73.80,74.40,71.80,72.80,-1.00,483,38341702
113/01/18,293297,72.70,73.90,72.20,72.30,-0.50,277,21364784
113/01/19,271653,73.50,73.60,72.00,72.60,+0.30,281,19745003
113/01/22,321987,72.80,74.20,72.70,73.50,+0.90,401,23661874
113/01/23,1254900,74.00,77.20,73.60,75.50,+2.00,1007,95331773
113/01/24,994560,76.50,77.50,74.60,74.60,-0.90,896,75712807
113/01/25,395549,75.70,75.70,73.60,73.80,-0.80,359,29342275
113/01/26,1674185,73.90,77.70,73.30,77.10,+3.30,1335,128228708
113/01/29,1665291,77.50,78.80,76.20,78.00,+0.90,1545,128687659
113/01/30,2039235,79.50,80.70,76.60,76.90,-1.10,1969,160802516
113/01/31,742478,76.90,78.60,76.00,77.50,+0.60,642,57649260
113/02/01,870480,76.30,79.50,76.30,77.00,-0.50,782,67724565
113/02/02,714957,77.60,78.10,76.30,76.70,-0.30,585,55078746
113/02/05,588262,77.30,77.30,74.60,74.60,-2.10,564,44238302
113/02/15,482787,75.30,76.80,74.60,76.00,+1.40,389,36540017
113/02/16,1441675,75.50,79.70,75.50,79.10,+3.10,1177,113529869
113/02/19,2091986,79.50,83.00,78.10,81.50,+2.40,1901,169722530
113/02/20,2751245,82.20,83.70,80.10,82.70,+1.20,2428,226158439
113/02/21,2903567,82.70,86.40,82.70,84.40,+1.70,2659,246083915
113/02/22,1219538,84.90,85.80,84.00,84.10,-0.30,1313,103328584
113/02/23,1225299,84.50,85.30,82.80,82.80,-1.30,1736,102565194
113/02/26,734830,83.00,84.70,82.10,83.10,+0.30,983,61464428
113/02/27,935042,83.50,85.00,80.70,80.70,-2.40,889,76674109
113/02/29,1244788,81.00,85.50,80.70,85.00,+4.30,1066,104527359
113/03/01,1091769,85.00,86.00,84.10,84.90,-0.10,1194,92933907
113/03/04,1880628,87.00,88.00,85.30,87.00,+2.10,1635,163299768
113/03/05,972231,86.60,87.90,85.40,85.60,-1.40,979,84014167
113/03/06,739361,85.10,87.80,84.20,84.40,-1.20,848,63215173
113/03/07,705998,84.80,85.40,82.10,82.60,-1.80,680,58676411
113/03/08,852133,83.40,84.10,78.60,79.60,-3.00,726,68909967
113/03/11,298094,80.00,82.00,80.00,81.20,+1.60,257,24240497
113/03/12,858881,81.90,85.20,81.00,84.60,+3.40,688,72135153
113/03/13,1119450,85.10,85.60,83.40,84.50,-0.10,967,94708238
113/03/14,4455284,85.00,92.90,84.70,92.90,+8.40,2996,401798426
113/03/15,11599559,95.00,102.00,86.00,86.60,-6.30,9158,1079386769
113/03/18,3323985,85.10,92.30,84.60,90.30,+3.70,2870,296877766
113/03/19,3045573,91.20,93.80,89.50,90.00,-0.30,3137,278934401
113/03/20,2229248,90.40,93.50,89.80,90.50,+0.50,2001,204467779
113/03/21,1198440,91.80,91.80,88.60,88.70,-1.80,1268,107638964
113/03/22,817264,89.60,89.60,88.10,89.10,+0.40,766,72692419
113/03/25,2006745,90.80,93.50,90.00,93.50,+4.40,1912,184494381
113/03/26,1669945,94.20,94.60,90.00,90.00,-3.50,1706,154330355
113/03/27,652917,91.80,91.80,88.00,88.00,-2.00,856,58301684
113/03/28,891514,88.10,88.90,85.60,85.60,-2.40,1220,77429841
113/03/29,469667,84.20,86.60,84.20,85.10,-0.50,594,40197868
113/04/01,288485,85.90,86.30,85.00,85.00,-0.10,410,24626607
113/04/02,611686,85.30,85.60,83.20,83.50,-1.50,584,51512146
113/04/03,389684,83.50,83.50,81.70,82.00,-1.50,400,32056224
