﻿連展投控,	3710
日期,成交股數,開盤價,最高價,最低價,收盤價,漲跌價差,成交筆數,成交金額
107/06/01,87687,6.94,7.06,6.90,6.98,+0.03,40,609122
107/06/04,320665,6.98,7.14,6.98,7.07,+0.09,108,2257804
107/06/05,176493,7.05,7.07,7.00,7.05,-0.02,62,1240824
107/06/06,140640,7.05,7.07,7.00,7.05,0.00,65,988693
107/06/07,542255,7.05,7.20,7.00,7.15,+0.10,129,3869676
107/06/08,279972,7.17,7.29,7.13,7.13,-0.02,98,2014500
107/06/11,281000,7.13,7.23,7.00,7.07,-0.06,96,1986440
107/06/12,330021,7.10,7.13,6.99,7.03,-0.04,94,2326597
107/06/13,163626,7.03,7.09,6.92,6.92,-0.11,85,1144389
107/06/14,51124,7.02,7.06,6.94,6.99,+0.07,30,356726
107/06/15,165516,6.93,7.03,6.91,6.92,-0.07,59,1148934
107/06/19,127332,6.90,6.94,6.87,6.88,-0.04,59,877476
107/06/20,471077,6.96,7.05,6.80,6.89,+0.01,116,3268242
107/06/21,495893,6.95,7.16,6.90,6.98,+0.09,90,3498569
107/06/22,117482,6.94,6.97,6.87,6.88,-0.10,59,809815
107/06/25,105373,6.91,6.96,6.90,6.95,+0.07,40,730949
107/06/26,167614,6.90,6.93,6.70,6.78,-0.17,67,1137091
107/06/27,109301,6.78,6.88,6.72,6.81,+0.03,43,740065
107/06/28,111685,6.74,6.81,6.72,6.79,-0.02,50,753185
107/06/29,156361,6.90,6.90,6.72,6.80,+0.01,63,1056635
107/07/02,102002,6.81,6.82,6.70,6.70,-0.10,43,685403
107/07/03,296091,6.71,6.75,6.60,6.70,0.00,69,1980821
107/07/04,112001,6.74,6.74,6.61,6.70,0.00,51,745216
107/07/05,204127,6.74,6.74,6.60,6.62,-0.08,61,1349931
107/07/06,265183,6.62,6.69,6.50,6.60,-0.02,86,1735893
107/07/09,69270,6.66,6.67,6.56,6.65,+0.05,41,459215
107/07/10,177310,6.65,6.74,6.65,6.72,+0.07,48,1185443
107/07/11,141059,6.72,6.72,6.66,6.69,-0.03,36,945908
107/07/12,92430,6.64,6.70,6.60,6.65,-0.04,39,612657
107/07/13,196004,6.68,6.73,6.61,6.63,-0.02,68,1302474
107/07/16,66375,6.69,6.69,6.61,6.66,+0.03,41,440068
107/07/17,69001,6.66,6.66,6.62,6.65,-0.01,25,457156
107/07/18,118349,6.66,6.66,6.60,6.61,-0.04,49,784326
107/07/19,100340,6.59,6.61,6.53,6.53,-0.08,37,660591
107/07/20,98120,6.55,6.60,6.50,6.57,+0.04,53,640419
107/07/23,331699,6.45,6.53,6.38,6.40,-0.17,83,2126149
107/07/24,1544608,6.38,6.80,6.35,6.70,+0.30,235,10095916
107/07/25,81535,6.69,6.69,6.56,6.58,-0.12,41,536923
107/07/26,108044,6.58,6.65,6.52,6.58,0.00,40,708836
107/07/27,116368,6.53,6.61,6.50,6.58,0.00,49,760804
107/07/30,97494,6.57,6.57,6.45,6.53,-0.05,43,634756
107/07/31,50120,6.52,6.55,6.47,6.54,+0.01,23,325303
107/08/01,83349,6.50,6.56,6.47,6.52,-0.02,41,541636
107/08/02,101302,6.54,6.54,6.40,6.47,-0.05,38,651182
107/08/03,525150,6.49,6.60,6.47,6.54,+0.07,111,3435260
107/08/06,315988,6.54,6.57,6.41,6.48,-0.06,67,2034340
107/08/07,54612,6.49,6.49,6.41,6.46,-0.02,34,351529
107/08/08,99624,6.46,6.49,6.40,6.45,-0.01,43,640384
107/08/09,220835,6.45,6.45,6.33,6.39,-0.06,76,1407026
107/08/10,256453,6.39,6.40,6.27,6.30,-0.09,108,1615953
107/08/13,517396,6.30,6.36,6.10,6.26,-0.04,118,3210109
107/08/14,54000,6.13,6.27,6.13,6.25,-0.01,25,335680
107/08/15,477101,6.20,6.20,5.99,6.05,-0.20,114,2878650
107/08/16,157220,5.90,6.12,5.90,6.09,+0.04,56,948864
107/08/17,95173,6.10,6.14,6.01,6.01,-0.08,45,576829
107/08/20,218034,6.01,6.04,5.93,5.94,-0.07,68,1303749
107/08/21,366201,5.71,5.87,5.69,5.80,-0.14,115,2112115
107/08/22,236302,5.80,5.84,5.78,5.84,+0.04,58,1372633
107/08/23,113951,5.84,5.92,5.80,5.84,0.00,48,665606
107/08/24,50520,5.78,5.80,5.75,5.80,-0.04,28,292250
107/08/27,161975,5.79,5.87,5.72,5.74,-0.06,48,930366
107/08/28,148367,5.80,5.82,5.74,5.80,+0.06,52,856829
107/08/29,196162,5.80,5.89,5.75,5.89,+0.09,45,1142991
107/08/30,60612,5.96,5.96,5.82,5.91,+0.02,38,355340
107/08/31,88142,5.89,5.91,5.84,5.84,-0.07,32,516743
107/09/03,63091,5.84,5.88,5.83,5.84,0.00,29,368308
107/09/04,204237,5.89,5.89,5.76,5.77,-0.07,51,1184975
107/09/05,126734,5.83,5.89,5.78,5.86,+0.09,53,737646
107/09/06,710935,5.88,6.30,5.80,6.11,+0.25,173,4273893
107/09/07,188705,6.03,6.22,5.90,6.04,-0.07,81,1138472
107/09/10,119002,6.00,6.00,5.86,5.86,-0.18,55,704410
107/09/11,163072,6.00,6.04,5.28,5.80,-0.06,82,928252
107/09/12,146124,5.82,5.86,5.70,5.74,-0.06,52,838007
107/09/13,77037,5.79,5.80,5.71,5.80,+0.06,23,444790
107/09/14,88440,5.80,5.98,5.73,5.98,+0.18,43,514581
107/09/17,57149,5.98,5.98,5.83,5.93,-0.05,31,336501
107/09/18,94202,5.93,5.93,5.72,5.78,-0.15,63,545458
107/09/19,516034,5.73,5.74,5.60,5.67,-0.11,174,2916548
107/09/20,87004,5.67,5.67,5.60,5.65,-0.02,70,488881
107/09/21,134565,5.60,5.68,5.57,5.58,-0.07,77,754508
107/09/25,60455,5.60,5.66,5.60,5.65,+0.07,30,340400
107/09/26,96828,5.65,5.66,5.60,5.66,+0.01,43,545356
107/09/27,106074,5.65,5.67,5.62,5.63,-0.03,19,597783
107/09/28,110406,5.63,5.68,5.53,5.60,-0.03,52,619656
107/10/01,73619,5.60,5.68,5.52,5.55,-0.05,48,409709
107/10/02,69176,5.50,5.64,5.50,5.60,+0.05,36,384827
107/10/03,110550,5.53,5.64,5.53,5.60,0.00,51,613927
107/10/04,50301,5.59,5.63,5.51,5.59,-0.01,34,279213
107/10/05,595288,5.58,5.64,5.25,5.39,-0.20,175,3203639
107/10/08,275379,5.26,5.39,5.26,5.39,0.00,84,1465420
107/10/09,70201,5.25,5.42,5.25,5.39,0.00,37,374813
107/10/11,655511,5.28,5.28,4.90,4.90,-0.49,166,3262681
107/10/12,97148,4.88,5.06,4.88,5.06,+0.16,60,481496
107/10/15,238586,5.16,5.26,5.16,5.22,+0.16,81,1247386
107/10/16,163667,5.22,5.42,5.22,5.42,+0.20,69,873031
107/10/17,273156,5.48,5.75,5.45,5.66,+0.24,99,1530830
107/10/18,564200,5.66,6.03,5.66,5.89,+0.23,180,3319744
107/10/19,583387,5.95,5.98,5.88,5.97,+0.08,149,3462978
107/10/22,426490,6.01,6.18,5.98,6.13,+0.16,152,2599276
107/10/23,441187,6.13,6.15,6.03,6.13,0.00,104,2687287
107/10/24,236003,6.08,6.08,5.96,6.00,-0.13,71,1418128
107/10/25,253005,5.76,5.89,5.76,5.77,-0.23,70,1467710
107/10/26,227059,5.80,5.88,5.75,5.75,-0.02,67,1311979
107/10/29,358057,5.72,5.93,5.72,5.72,-0.03,77,2072026
107/10/30,140000,5.85,5.85,5.72,5.80,+0.08,32,808150
107/10/31,284000,5.80,6.09,5.80,5.99,+0.19,86,1691870
107/11/01,381699,6.00,6.04,5.93,5.93,-0.06,68,2276472
107/11/02,172088,6.00,6.03,5.87,5.99,+0.06,62,1028969
107/11/08,132004,5.98,6.05,5.89,5.96,+0.05,46,783174
107/11/09,143153,5.86,5.98,5.86,5.89,-0.07,59,845746
107/11/12,111315,5.96,5.99,5.88,5.90,+0.01,32,657423
107/11/16,78599,5.88,5.98,5.88,5.98,+0.10,41,466863
107/11/19,149530,5.99,6.02,5.98,6.02,+0.04,57,896305
107/11/20,93346,5.97,6.02,5.93,6.02,0.00,25,556112
107/11/21,171001,5.92,6.02,5.91,6.02,0.00,55,1023796
107/11/22,156000,6.02,6.05,5.98,5.99,-0.03,55,936310
107/11/23,148253,5.99,6.03,5.98,6.00,+0.01,39,888940
107/11/26,94484,6.00,6.03,5.95,5.96,-0.04,44,565158
107/11/27,117873,6.00,6.00,5.99,6.00,+0.04,29,706426
107/11/28,248019,6.06,6.06,5.98,6.05,+0.05,62,1491554
107/11/29,205815,6.07,6.10,6.05,6.08,+0.03,81,1252096
107/11/30,154900,6.08,6.09,6.03,6.09,+0.01,52,939107
107/12/03,202390,6.09,6.15,6.05,6.06,-0.03,79,1233952
107/12/04,209237,6.10,6.15,6.08,6.15,+0.09,78,1282335
107/12/05,55036,6.01,6.15,6.01,6.15,0.00,28,335006
107/12/06,200001,6.14,6.17,6.02,6.12,-0.03,81,1224205
107/12/07,66352,6.10,6.14,6.04,6.12,0.00,35,406144
107/12/10,98047,6.12,6.18,6.12,6.16,+0.04,41,603414
107/12/11,118755,6.16,6.16,6.10,6.15,-0.01,34,726514
107/12/12,63217,6.15,6.19,6.06,6.17,+0.02,46,388151
107/12/13,86665,6.17,6.17,6.13,6.13,-0.04,25,531384
107/12/14,112755,6.13,6.13,6.03,6.11,-0.02,49,681848
107/12/17,202775,6.03,6.20,6.02,6.03,-0.08,61,1229758
107/12/18,38013,5.95,6.10,5.91,6.09,+0.06,22,228178
107/12/19,133909,5.95,6.03,5.95,6.02,-0.07,58,802901
107/12/20,176307,6.02,6.13,5.98,6.08,+0.06,71,1066174
107/12/21,323000,6.08,6.14,6.06,6.11,+0.03,89,1966810
107/12/22,580131,6.17,6.27,6.17,6.22,+0.11,172,3608874
107/12/24,1937501,6.44,6.78,6.42,6.72,+0.50,555,12756528
107/12/25,2376001,6.90,7.02,6.68,6.71,-0.01,698,16329116
107/12/26,1130990,6.57,6.74,6.25,6.40,-0.31,364,7370853
107/12/27,883612,6.39,6.57,6.35,6.40,0.00,246,5684821
107/12/28,836002,6.35,6.45,6.18,6.34,-0.06,232,5253742
108/01/02,463000,6.34,6.38,6.17,6.38,+0.04,141,2885190
108/01/03,401574,6.38,6.55,6.29,6.50,+0.12,137,2586605
108/01/04,331002,6.50,6.52,6.38,6.48,-0.02,121,2139172
108/01/07,172789,6.48,6.54,6.41,6.53,+0.05,75,1119923
108/01/08,180881,6.45,6.50,6.40,6.41,-0.12,72,1161620
108/01/09,126938,6.41,6.48,6.40,6.41,0.00,60,815050
108/01/10,111076,6.42,6.42,6.37,6.37,-0.04,42,711248
108/01/11,135000,6.45,6.45,6.26,6.26,-0.11,55,851570
108/01/14,174010,6.30,6.30,6.17,6.19,-0.07,74,1080000
108/01/15,248124,6.20,6.20,6.09,6.12,-0.07,109,1521763
108/01/16,205005,6.13,6.13,6.02,6.03,-0.09,82,1241780
108/01/17,194008,6.10,6.10,6.00,6.02,-0.01,83,1172348
108/01/18,80158,6.05,6.07,6.02,6.02,0.00,42,483940
108/01/21,274980,6.06,6.11,6.00,6.00,-0.02,87,1659089
108/01/22,162288,6.00,6.07,6.00,6.00,0.00,61,975539
108/01/23,194077,6.04,6.05,5.97,6.02,+0.02,83,1163572
108/01/28,130907,6.00,6.05,5.99,5.99,0.00,68,785702
108/01/29,115105,5.99,6.00,5.95,5.95,-0.04,49,687189
108/01/30,219007,5.90,5.93,5.87,5.88,-0.07,82,1291296
108/02/11,290964,5.89,6.10,5.89,6.09,+0.21,102,1759921
108/02/12,33070,6.03,6.06,6.02,6.02,-0.07,24,199233
108/02/13,114213,6.08,6.10,6.02,6.09,+0.07,60,692668
108/02/14,132025,6.03,6.10,6.03,6.08,-0.01,51,798670
108/02/15,126244,6.06,6.10,6.05,6.05,-0.03,40,766138
108/02/18,193069,6.04,6.15,6.00,6.08,+0.03,64,1168526
108/02/19,1218321,6.12,6.20,6.06,6.14,+0.06,201,7499315
108/02/20,210613,6.16,6.22,6.14,6.14,0.00,74,1301316
108/02/21,159101,6.20,6.20,6.13,6.20,+0.06,59,980457
108/02/22,193965,6.22,6.23,6.16,6.16,-0.04,72,1201250
108/02/25,194076,6.17,6.24,6.15,6.19,+0.03,63,1199603
108/02/26,166008,6.16,6.25,6.14,6.14,-0.05,67,1023618
108/02/27,150888,6.16,6.16,6.09,6.09,-0.05,61,923479
108/03/04,391627,6.07,6.17,6.05,6.11,+0.02,126,2389606
108/03/05,722302,6.11,6.29,6.11,6.25,+0.14,240,4472578
108/03/06,1181136,6.25,6.69,6.25,6.63,+0.38,386,7649545
108/03/07,981089,6.85,6.86,6.52,6.80,+0.17,335,6601600
108/03/08,376259,6.79,6.80,6.62,6.70,-0.10,128,2536948
108/03/11,543013,6.79,6.79,6.70,6.74,+0.04,111,3649550
108/03/12,288069,6.74,6.75,6.58,6.59,-0.15,111,1915354
108/03/13,209761,6.70,6.70,6.54,6.67,+0.08,108,1390319
108/03/14,322659,6.67,6.90,6.56,6.60,-0.07,120,2149119
108/03/15,411064,6.61,6.61,6.35,6.37,-0.23,185,2650219
108/03/18,390274,6.44,6.44,6.15,6.19,-0.18,179,2428327
108/03/19,183333,6.20,6.27,6.20,6.20,+0.01,70,1140641
108/03/20,99254,6.26,6.26,6.11,6.25,+0.05,66,613960
108/03/21,183120,6.18,6.26,6.18,6.21,-0.04,72,1141652
108/03/22,211071,6.26,6.30,6.22,6.25,+0.04,84,1320587
108/03/25,248210,6.05,6.22,6.05,6.20,-0.05,84,1520281
108/03/26,326839,6.20,6.45,6.20,6.43,+0.23,159,2079356
108/03/27,285872,6.43,6.46,6.34,6.45,+0.02,76,1835594
108/03/28,352781,6.45,6.49,6.37,6.38,-0.07,176,2261427
108/03/29,250776,6.38,6.50,6.35,6.47,+0.09,83,1613815
108/04/01,449030,6.50,6.50,6.35,6.37,-0.10,130,2886170
108/04/02,280961,6.40,6.40,6.33,6.40,+0.03,118,1786731
108/04/03,180194,6.48,6.48,6.35,6.40,0.00,246,1157305
108/04/08,250833,6.35,6.39,6.28,6.38,-0.02,293,1584568
108/04/09,225570,6.38,6.40,6.26,6.30,-0.08,183,1423517
108/04/10,274882,6.25,6.33,6.20,6.31,+0.01,121,1727398
108/04/11,220121,6.30,6.32,6.20,6.21,-0.10,128,1371923
108/04/12,187382,6.20,6.25,6.18,6.21,0.00,107,1162888
108/04/15,2487309,6.22,6.83,6.21,6.80,+0.59,693,16705324
108/04/16,3822997,6.78,7.42,6.62,7.35,+0.55,1109,27621466
108/04/17,4517194,7.39,8.00,7.39,8.00,+0.65,1259,35334491
108/04/18,3994237,8.19,8.60,7.96,8.12,+0.12,1142,32887290
108/04/19,1982217,8.45,8.47,7.72,7.94,-0.18,682,15921573
108/04/22,713472,7.94,8.07,7.80,7.86,-0.08,411,5627429
108/04/23,937596,7.86,8.15,7.86,8.07,+0.21,433,7540181
108/04/24,695509,8.08,8.12,7.88,7.91,-0.16,212,5580842
108/04/25,481230,7.95,8.05,7.93,7.97,+0.06,131,3845607
108/04/26,308001,8.00,8.00,7.90,7.98,+0.01,114,2442357
108/04/29,536362,7.95,8.05,7.81,7.98,0.00,168,4229914
108/04/30,565274,7.98,8.05,7.80,7.85,-0.13,173,4492245
108/05/02,2217085,7.89,8.60,7.88,8.49,+0.64,789,18539492
108/05/03,1655906,8.60,8.80,8.37,8.39,-0.10,562,14102419
108/05/06,911031,8.16,8.25,8.00,8.00,-0.39,323,7382375
108/05/07,550690,8.10,8.17,7.90,7.91,-0.09,232,4402206
108/05/08,626025,7.91,7.91,7.74,7.81,-0.10,199,4895181
108/05/09,472377,7.85,7.85,7.62,7.69,-0.12,172,3646265
108/05/10,282857,7.65,7.75,7.60,7.60,-0.09,103,2170008
108/05/13,269049,7.60,7.74,7.60,7.73,+0.13,94,2065265
108/05/14,473966,7.70,8.02,7.59,7.96,+0.23,200,3706028
108/05/15,1283274,8.05,8.43,8.05,8.13,+0.17,382,10632615
108/05/16,581462,8.13,8.18,7.90,7.90,-0.23,184,4684385
108/05/17,825193,7.85,7.96,7.64,7.64,-0.26,219,6423575
108/05/20,348302,7.62,7.65,7.55,7.56,-0.08,110,2645347
108/05/21,517524,7.55,7.55,7.37,7.40,-0.16,173,3834924
108/05/22,433571,7.43,7.43,7.20,7.20,-0.20,160,3159012
108/05/23,1347485,7.09,7.09,6.49,6.72,-0.48,458,8964132
108/05/24,504037,6.73,6.97,6.73,6.91,+0.19,175,3428532
108/05/27,360186,6.82,6.99,6.60,6.68,-0.23,139,2463835
108/05/28,494665,6.68,6.73,6.54,6.54,-0.14,198,3283370
108/05/29,446285,6.63,6.70,6.44,6.64,+0.10,124,2943110
108/05/30,256898,6.64,6.93,6.64,6.93,+0.29,122,1752308
108/05/31,472740,6.90,7.08,6.90,7.08,+0.15,177,3317084
108/06/03,325183,7.08,7.09,6.90,7.09,+0.01,115,2289707
108/06/04,614598,7.09,7.29,7.02,7.27,+0.18,200,4405950
108/06/05,921917,7.53,7.60,7.21,7.60,+0.33,343,6877090
108/06/06,1389399,7.57,8.00,7.50,8.00,+0.40,378,10833292
108/06/10,929383,8.20,8.20,7.77,7.97,-0.03,375,7436925
108/06/11,628646,8.07,8.07,7.66,7.75,-0.22,271,4893950
108/06/12,202062,7.77,7.79,7.68,7.75,0.00,92,1559788
108/06/13,225615,7.71,7.80,7.70,7.70,-0.05,98,1748677
108/06/14,204001,7.70,7.74,7.60,7.60,-0.10,106,1563337
108/06/17,156001,7.71,7.73,7.52,7.53,-0.07,67,1189017
108/06/18,289131,7.55,7.70,7.47,7.49,-0.04,128,2189749
108/06/19,435818,7.53,7.54,7.38,7.40,-0.09,118,3245821
108/06/20,249737,7.44,7.64,7.40,7.50,+0.10,82,1874547
108/06/21,144268,7.54,7.54,7.45,7.49,-0.01,52,1081762
108/06/24,81212,7.49,7.49,7.39,7.49,0.00,34,602553
108/06/25,94399,7.49,7.57,7.45,7.48,-0.01,54,709954
108/06/26,120124,7.48,7.55,7.46,7.50,+0.02,45,900618
108/06/27,470983,7.54,7.79,7.54,7.79,+0.29,170,3632846
108/06/28,677826,7.92,7.96,7.80,7.80,+0.01,218,5339531
