﻿福永生技,	4183
日期,成交股數,開盤價,最高價,最低價,收盤價,漲跌價差,成交筆數,成交金額
107/06/01,19000,18.25,18.50,18.20,18.35,+0.30,16,349700
107/06/04,14000,18.50,18.50,18.15,18.45,+0.10,12,255800
107/06/05,14000,18.25,18.45,18.15,18.20,-0.25,9,256050
107/06/06,9000,18.80,18.95,18.35,18.40,+0.20,7,168100
107/06/07,30000,18.20,18.60,17.90,18.60,+0.20,22,543800
107/06/08,23000,18.00,18.40,18.00,18.40,-0.20,16,415450
107/06/11,29000,18.35,18.50,17.95,18.30,-0.10,23,531450
107/06/12,33000,18.30,18.80,18.20,18.70,+0.40,27,611800
107/06/13,33000,18.85,19.05,18.35,18.35,-0.35,23,615650
107/06/14,68000,18.05,19.05,18.05,19.05,+0.70,51,1274650
107/06/15,22000,18.95,19.00,18.45,18.95,-0.10,20,415200
107/06/19,12000,18.35,18.35,18.30,18.30,-0.65,8,219800
107/06/20,19000,18.00,18.20,18.00,18.20,-0.10,15,342850
107/06/21,77000,18.40,18.50,17.75,18.00,-0.20,46,1383550
107/06/22,37000,17.80,17.80,17.70,17.70,-0.30,14,656700
107/06/25,47000,17.70,18.05,17.65,18.00,+0.30,25,834650
107/06/26,8000,17.70,17.70,17.70,17.70,-0.30,3,141600
107/06/27,6000,18.45,18.45,17.70,17.70,0.00,6,108650
107/06/28,6000,17.70,17.70,17.70,17.70,0.00,5,106200
107/06/29,5000,17.70,18.00,17.70,18.00,+0.30,4,89550
107/07/02,2000,18.15,18.15,18.10,18.10,+0.10,2,36250
107/07/03,17000,17.70,17.70,17.60,17.60,-0.50,9,300350
107/07/04,4000,17.60,17.60,17.60,17.60,0.00,3,70400
107/07/05,17000,17.70,17.80,17.60,17.60,0.00,8,300800
107/07/06,6000,17.60,17.60,17.60,17.60,0.00,5,105600
107/07/09,16000,16.65,17.50,16.65,17.25,-0.35,11,272300
107/07/10,10000,17.00,17.25,17.00,17.25,0.00,7,170500
107/07/11,13000,17.30,17.40,17.10,17.10,-0.15,7,223650
107/07/12,13000,17.45,17.60,17.15,17.60,+0.50,10,226950
107/07/13,10000,17.70,17.80,17.50,17.50,-0.10,9,177100
107/07/16,3000,17.95,17.95,17.95,17.95,+0.45,3,53850
107/07/17,26165,18.75,18.75,17.80,17.95,0.00,13,480461
107/07/18,22000,17.50,17.80,17.20,17.80,-0.15,5,390100
107/07/19,6000,17.80,17.80,17.50,17.50,-0.30,2,106500
107/07/20,9200,17.50,17.90,17.40,17.40,-0.10,9,162239
107/07/23,10007,17.30,17.70,17.25,17.70,+0.30,9,175824
107/07/24,10000,17.70,17.85,17.50,17.50,-0.20,3,175900
107/07/25,1000,17.40,17.40,17.40,17.40,-0.10,1,17400
107/07/26,10000,17.95,17.95,17.50,17.50,+0.10,5,176800
107/07/27,1000,17.90,17.90,17.90,17.90,+0.40,1,17900
107/07/30,5201,17.30,17.30,17.25,17.25,-0.65,7,89996
107/07/31,7000,17.65,17.85,17.30,17.30,+0.05,4,124200
107/08/01,7000,17.40,17.85,17.30,17.30,0.00,7,122300
107/08/02,16000,17.30,17.80,17.30,17.80,+0.50,7,282950
107/08/03,3000,17.80,18.05,17.50,18.05,+0.25,3,53350
107/08/06,1000,17.50,17.50,17.50,17.50,-0.55,1,17500
107/08/07,2000,17.45,17.45,17.45,17.45,-0.05,2,34900
107/08/08,6000,17.75,17.95,17.75,17.95,+0.50,4,107250
107/08/09,3000,17.50,18.20,17.50,18.15,+0.20,3,53850
107/08/10,8000,18.00,18.10,17.60,17.70,-0.45,8,142600
107/08/13,12000,17.75,17.80,17.20,17.20,-0.50,10,210600
107/08/14,7000,17.00,17.70,17.00,17.20,0.00,6,120100
107/08/15,15000,17.20,17.20,17.00,17.05,-0.15,9,255850
107/08/16,29000,17.05,17.05,16.90,17.05,0.00,13,492750
107/08/17,5000,17.30,17.30,17.30,17.30,+0.25,2,86500
107/08/20,21000,17.50,17.85,17.45,17.45,+0.15,14,369500
107/08/21,2000,17.90,17.90,17.90,17.90,+0.45,1,35800
107/08/22,2265,17.55,17.95,17.55,17.95,+0.05,4,40256
107/08/23,1000,17.55,17.55,17.55,17.55,-0.40,1,17550
107/08/24,733000,17.50,17.50,17.25,17.25,-0.30,14,12860750
107/08/27,5000,17.20,17.25,17.20,17.25,,5,86200
107/08/28,1221530,17.30,17.35,17.30,17.35,+0.10,4,21132595
107/08/29,0,---,---,---,---,---,0,0
107/08/30,1000,17.35,17.35,17.35,17.35,0.00,1,17350
107/08/31,18000,17.40,17.80,17.40,17.75,+0.40,15,316600
107/09/03,10000,17.70,17.70,17.25,17.25,-0.50,8,173450
107/09/04,30000,17.25,17.75,17.00,17.30,+0.05,15,518850
107/09/05,3000,17.30,17.30,17.30,17.30,0.00,2,51900
107/09/06,9000,17.10,17.15,17.10,17.15,-0.15,3,154250
107/09/07,13000,17.25,17.45,17.15,17.20,+0.05,10,224300
107/09/10,8000,17.00,17.00,16.70,16.70,-0.50,7,134700
107/09/11,26000,16.70,16.70,16.55,16.60,-0.10,18,432100
107/09/12,8000,16.60,16.60,16.50,16.60,0.00,7,132300
107/09/13,1000,16.75,16.75,16.75,16.75,+0.15,1,16750
107/09/14,11000,16.85,16.85,16.85,16.85,+0.10,3,185350
107/09/17,1000,16.85,16.85,16.85,16.85,0.00,1,16850
107/09/18,8000,16.55,16.80,16.55,16.55,-0.30,8,133800
107/09/19,1000,16.55,16.55,16.55,16.55,0.00,1,16550
107/09/20,8000,16.55,16.70,16.50,16.50,-0.05,6,132600
107/09/21,22000,16.50,17.40,16.50,16.80,+0.30,13,372850
107/09/25,3000,16.80,16.80,16.80,16.80,0.00,1,50400
107/09/26,2000,16.55,16.55,16.55,16.55,-0.25,1,33100
107/09/27,7000,16.30,17.00,16.20,17.00,+0.45,7,115800
107/09/28,7000,16.70,16.70,16.55,16.60,-0.40,5,116450
107/10/01,20000,16.60,17.10,16.60,16.70,+0.10,11,334700
107/10/02,6000,16.50,16.50,16.40,16.45,-0.25,5,98700
107/10/03,8000,16.85,16.85,16.45,16.45,0.00,6,133700
107/10/04,0,---,---,---,---,---,0,0
107/10/05,13000,16.40,16.40,16.30,16.30,-0.15,8,212900
107/10/08,24000,16.20,16.30,16.00,16.00,-0.30,11,385800
107/10/09,18000,16.45,16.50,16.30,16.50,+0.50,10,296550
107/10/11,18000,16.00,16.00,15.55,15.60,-0.90,14,281500
107/10/12,12500,15.60,15.60,15.60,15.60,0.00,6,194900
107/10/15,10000,15.00,15.20,15.00,15.20,-0.40,6,150600
107/10/16,13000,15.60,15.60,15.25,15.25,+0.05,10,201050
107/10/17,12191,15.95,16.40,15.50,15.50,+0.25,13,193289
107/10/18,36000,15.15,15.40,15.00,15.05,-0.45,23,543150
107/10/19,12000,15.20,15.50,15.05,15.30,+0.25,9,183500
107/10/22,4000,15.25,15.25,15.25,15.25,-0.05,4,61000
107/10/23,9000,15.00,15.35,15.00,15.00,-0.25,7,135450
107/10/24,6000,15.00,15.00,15.00,15.00,0.00,2,90000
107/10/25,2000,14.60,14.60,14.45,14.45,-0.55,2,29050
107/10/26,18000,14.50,14.60,14.00,14.60,+0.15,11,258100
107/10/29,8000,14.20,14.50,14.10,14.50,-0.10,7,114050
107/10/30,7000,13.95,14.25,13.95,14.25,-0.25,7,98050
107/10/31,6000,14.25,14.35,14.25,14.35,+0.10,5,85650
107/11/01,10000,14.35,14.50,14.35,14.50,+0.15,7,144650
107/11/02,2000,14.50,14.50,14.15,14.15,-0.35,2,28650
107/11/08,6000,14.55,14.55,14.35,14.35,-0.15,6,86750
107/11/09,0,---,---,---,---,---,0,0
107/11/12,6000,14.20,14.20,14.05,14.05,-0.30,5,84650
107/11/16,0,---,---,---,---,---,0,0
107/11/19,8000,14.00,14.15,13.65,14.15,+0.30,7,112550
107/11/20,14000,14.20,14.30,14.20,14.20,+0.05,8,199250
107/11/21,5,---,---,---,---,---,1,78
107/11/22,7000,14.20,14.45,14.00,14.05,-0.15,6,99400
107/11/23,1000,14.40,14.40,14.40,14.40,+0.35,1,14400
107/11/26,2000,14.25,14.25,14.00,14.00,-0.40,2,28250
107/11/27,9000,13.95,14.40,13.95,14.00,0.00,9,126350
107/11/28,7000,14.05,14.15,14.00,14.10,+0.10,4,98400
107/11/29,5000,14.10,14.20,14.05,14.05,-0.05,4,70600
107/11/30,4000,14.05,14.20,14.05,14.20,+0.15,3,56350
107/12/03,18000,14.20,14.45,14.10,14.45,+0.25,7,254900
107/12/04,14000,14.10,14.20,14.00,14.20,-0.25,12,197650
107/12/05,20000,14.20,14.25,14.20,14.25,+0.05,12,284050
107/12/06,4000,14.25,14.40,14.20,14.40,+0.15,4,57050
107/12/07,5000,14.35,14.65,13.95,14.65,+0.25,4,71650
107/12/10,12006,14.50,14.50,14.20,14.50,-0.15,9,173796
107/12/11,11000,14.55,14.55,14.30,14.45,-0.05,9,158550
107/12/12,16000,14.85,15.00,14.80,14.80,+0.35,9,239650
107/12/13,3000,15.30,15.30,15.00,15.00,+0.20,2,45300
107/12/14,13040,14.40,14.60,14.40,14.60,-0.40,8,188530
107/12/17,7000,14.60,14.85,14.60,14.80,+0.20,5,103300
107/12/18,0,---,---,---,---,---,0,0
107/12/19,4000,14.70,14.90,14.40,14.40,-0.30,3,58700
107/12/20,7000,14.75,14.75,14.70,14.70,+0.30,4,103200
107/12/21,2000,14.85,14.90,14.85,14.90,+0.20,2,29750
107/12/22,0,---,---,---,---,---,0,0
107/12/24,10000,14.25,14.70,14.25,14.70,-0.15,5,143350
107/12/25,1000,14.80,14.80,14.80,14.80,+0.10,1,14800
107/12/26,30000,14.60,14.75,14.10,14.50,-0.30,24,431300
107/12/27,7000,14.45,14.45,14.30,14.45,-0.05,6,101000
107/12/28,24000,14.55,14.55,14.30,14.45,0.00,16,345800
108/01/02,13000,14.30,14.35,14.20,14.35,-0.10,11,185400
108/01/03,8040,14.30,14.30,14.25,14.25,-0.10,9,114678
108/01/04,0,---,---,---,---,---,0,0
108/01/07,5000,14.50,14.50,14.30,14.30,+0.05,4,71700
108/01/08,29000,14.40,14.75,14.30,14.60,+0.30,21,422450
108/01/09,32000,15.00,15.00,14.55,14.55,-0.05,23,473600
108/01/10,53000,15.00,15.70,14.95,15.05,+0.50,43,803100
108/01/11,70000,15.10,15.80,15.05,15.50,+0.45,50,1088600
108/01/14,16000,15.80,15.80,15.25,15.35,-0.15,16,247950
108/01/15,8000,15.15,15.20,15.15,15.20,-0.15,4,121450
108/01/16,16000,15.05,15.30,14.80,15.30,+0.10,16,240650
108/01/17,13000,15.30,15.30,14.90,14.90,-0.40,6,196200
108/01/18,13000,15.05,15.30,14.85,14.95,+0.05,8,196750
108/01/21,23000,15.10,15.10,15.00,15.00,+0.05,14,345250
108/01/22,8000,15.20,15.20,15.00,15.05,+0.05,6,120500
108/01/23,9000,15.00,15.10,15.00,15.00,-0.05,5,135100
108/01/28,2200,15.10,15.15,15.10,15.15,+0.05,4,33250
108/01/29,13000,15.20,15.20,15.10,15.10,-0.05,10,196950
108/01/30,6000,15.10,15.20,15.10,15.20,+0.10,4,90950
