﻿大詠城,	4538
日期,成交股數,開盤價,最高價,最低價,收盤價,漲跌價差,成交筆數,成交金額
108/02/11,172050,20.00,20.00,19.20,19.60,-0.20,100,3345340
108/02/12,216000,19.30,19.50,19.20,19.25,-0.35,147,4166450
108/02/13,285000,19.30,20.20,19.20,19.95,+0.70,181,5597750
108/02/14,221000,20.40,20.40,19.70,19.85,-0.10,142,4419500
108/02/15,229200,19.95,20.00,19.45,19.45,-0.40,131,4503400
108/02/18,156170,19.20,19.30,19.10,19.15,-0.30,107,2997680
108/02/19,177070,19.15,19.35,19.10,19.20,+0.05,115,3397304
108/02/20,238000,19.30,19.80,19.30,19.60,+0.40,160,4662050
108/02/21,499000,19.65,20.45,19.65,20.20,+0.60,331,10019550
108/02/22,184000,19.90,20.30,19.70,19.95,-0.25,108,3667500
108/02/25,147000,20.15,20.15,19.85,19.90,-0.05,77,2934200
108/02/26,113000,19.95,20.00,19.70,19.70,-0.20,83,2238100
108/02/27,172100,19.70,19.70,19.20,19.40,-0.30,102,3342120
108/03/04,77000,19.50,19.60,19.35,19.60,+0.20,53,1497150
108/03/05,86000,19.60,19.80,19.55,19.55,-0.05,48,1685950
108/03/06,65100,19.50,19.55,19.45,19.50,-0.05,48,1270084
108/03/07,210000,19.50,19.50,19.15,19.15,-0.35,132,4049200
108/03/08,96001,19.15,19.50,19.10,19.25,+0.10,59,1852319
108/03/11,84299,19.20,19.25,19.15,19.15,-0.10,62,1617975
108/03/12,108000,19.25,19.25,19.15,19.15,0.00,64,2070750
108/03/13,210000,19.15,19.30,19.00,19.30,+0.15,108,4013100
108/03/14,87000,19.45,19.45,19.25,19.40,+0.10,56,1685350
108/03/15,81000,19.25,19.60,19.25,19.40,0.00,46,1571800
108/03/18,85000,19.40,19.60,19.40,19.40,0.00,62,1652000
108/03/19,66000,19.40,19.60,19.40,19.45,+0.05,40,1285850
108/03/20,51000,19.45,19.50,19.35,19.35,-0.10,32,989950
108/03/21,834200,19.50,21.15,19.50,20.50,+1.15,469,17207930
108/03/22,306000,20.05,20.15,19.70,19.75,-0.75,184,6094150
108/03/25,284200,19.40,19.75,18.75,19.30,-0.45,153,5475450
108/03/26,63059,19.15,19.50,19.15,19.35,+0.05,49,1218982
108/03/27,59057,19.40,19.70,19.40,19.40,+0.05,38,1150417
108/03/28,52000,19.40,19.40,19.30,19.30,-0.10,28,1006100
108/03/29,187000,19.30,19.30,19.00,19.30,0.00,86,3576600
108/04/01,111000,19.30,19.30,19.10,19.20,-0.10,65,2124350
108/04/02,48600,19.30,19.30,19.20,19.25,+0.05,25,934650
108/04/03,53000,19.30,19.30,19.20,19.25,0.00,37,1020700
108/04/08,138000,19.30,19.40,19.25,19.35,+0.10,72,2664800
108/04/09,34000,19.35,19.35,19.25,19.35,0.00,27,656500
108/04/10,200000,19.35,19.80,19.35,19.80,+0.45,121,3932250
108/04/11,208064,19.40,19.60,19.20,19.40,-0.40,105,4036528
108/04/12,23064,19.30,19.55,19.30,19.40,0.00,21,447551
108/04/15,41000,19.55,19.55,19.35,19.45,+0.05,35,796850
108/04/16,76000,19.50,19.50,19.20,19.40,-0.05,56,1469300
108/04/17,66000,19.40,19.45,19.25,19.30,-0.10,38,1274950
108/04/18,41000,19.45,19.45,19.25,19.25,-0.05,28,792650
108/04/19,42000,19.25,19.40,19.25,19.25,0.00,29,810500
108/04/22,26000,19.30,19.35,19.30,19.35,+0.10,23,502200
108/04/23,66000,19.35,19.35,19.10,19.15,-0.20,48,1265650
108/04/24,91000,19.15,19.30,19.15,19.15,0.00,39,1746550
108/04/25,83200,19.15,19.45,19.15,19.40,+0.25,42,1606349
108/04/26,30050,19.50,19.50,19.30,19.30,-0.10,16,581655
108/04/29,126000,19.25,19.30,19.05,19.20,-0.10,64,2414650
108/04/30,111000,19.20,19.40,19.05,19.30,+0.10,58,2135050
108/05/02,56000,19.45,19.50,19.35,19.50,+0.20,30,1090800
108/05/03,128050,19.55,19.70,19.45,19.45,-0.05,60,2507180
108/05/06,70000,19.45,19.45,19.30,19.45,0.00,30,1357450
108/05/07,76000,19.65,19.65,19.40,19.45,0.00,27,1480350
108/05/08,11000,19.45,19.60,19.45,19.50,+0.05,11,214500
108/05/09,19000,19.40,19.40,19.15,19.35,-0.15,18,366100
108/05/10,125000,19.25,19.30,19.00,19.05,-0.30,69,2386300
108/05/13,47000,19.10,19.30,18.95,19.15,+0.10,32,896400
108/05/14,68100,19.10,19.30,19.00,19.30,+0.15,35,1302665
108/05/15,35100,19.25,19.40,19.10,19.40,+0.10,22,674530
108/05/16,24000,19.20,19.35,19.15,19.25,-0.15,19,462000
108/05/17,27000,19.25,19.45,19.20,19.20,-0.05,22,521850
108/05/20,30000,19.40,19.40,19.15,19.20,0.00,18,577150
108/05/21,29000,19.15,19.30,19.15,19.30,+0.10,19,557300
108/05/22,45000,19.30,19.40,19.15,19.35,+0.05,21,870550
108/05/23,47000,19.20,19.35,19.00,19.10,-0.25,37,903750
108/05/24,21000,19.30,19.30,19.15,19.20,+0.10,15,403500
108/05/27,39000,19.00,19.15,19.00,19.10,-0.10,25,743300
108/05/28,18000,19.20,19.20,19.10,19.10,0.00,11,344500
108/05/29,15000,19.25,19.25,19.20,19.20,+0.10,9,288450
108/05/30,10000,19.30,19.30,19.25,19.30,+0.10,10,192750
108/05/31,19000,19.15,19.30,19.00,19.30,0.00,16,363650
108/06/03,38229,19.30,19.45,19.20,19.45,+0.15,27,738492
108/06/04,20000,19.40,19.40,19.30,19.30,-0.15,15,387000
108/06/05,11000,19.40,19.40,19.35,19.40,+0.10,7,213250
108/06/06,66000,19.20,19.40,18.90,19.30,-0.10,43,1258150
108/06/10,25100,19.30,19.35,19.25,19.35,+0.05,19,484235
108/06/11,29000,19.30,19.45,19.30,19.40,+0.05,19,561900
108/06/12,21000,19.40,19.40,19.35,19.35,-0.05,14,407350
108/06/13,15000,19.30,19.45,19.30,19.45,+0.10,12,290300
108/06/14,29200,19.45,19.50,19.20,19.20,-0.25,20,565580
108/06/17,28000,19.15,19.50,19.15,19.45,+0.25,17,541400
108/06/18,28000,19.45,19.45,19.30,19.40,-0.05,17,543200
108/06/19,35000,19.30,19.50,19.05,19.05,-0.35,26,676900
108/06/20,19000,19.30,19.40,19.15,19.35,+0.30,15,366800
108/06/21,16050,19.35,19.35,19.15,19.20,-0.15,13,308252
108/06/24,5000,19.10,19.20,19.10,19.20,0.00,4,95900
108/06/25,34000,19.20,19.25,19.20,19.20,0.00,16,653150
108/06/26,7000,19.20,19.25,19.20,19.25,+0.05,6,134650
108/06/27,19000,19.30,19.30,19.25,19.30,+0.05,12,366600
108/06/28,11000,19.30,19.30,19.25,19.25,-0.05,7,212250
108/07/01,14050,19.50,19.50,19.35,19.35,+0.10,11,272767
108/07/02,16000,19.35,19.45,19.35,19.35,0.00,11,310100
108/07/03,12000,19.30,19.30,19.25,19.25,-0.10,7,231300
108/07/04,22000,19.30,19.40,19.25,19.40,+0.15,14,424600
108/07/05,10000,19.30,19.30,19.30,19.30,-0.10,5,193000
108/07/08,16000,19.35,19.40,19.30,19.30,0.00,13,309000
108/07/09,53000,19.30,19.40,19.30,19.30,0.00,31,1024550
108/07/10,105000,18.20,18.50,18.15,18.25,,61,1918550
108/07/11,45000,18.30,18.35,18.30,18.30,+0.05,16,823550
108/07/12,5000,18.30,18.30,18.20,18.20,-0.10,5,91100
108/07/15,24000,18.20,18.20,18.10,18.20,0.00,12,435750
108/07/16,15010,18.15,18.15,18.10,18.15,-0.05,7,271980
108/07/17,38000,18.15,18.15,18.00,18.10,-0.05,22,687050
108/07/18,49000,18.20,18.25,18.10,18.10,0.00,15,891850
108/07/19,13000,18.10,18.20,18.10,18.20,+0.10,6,235400
108/07/22,3000,18.05,18.10,18.00,18.10,-0.10,3,54150
108/07/23,9008,18.05,18.05,18.00,18.00,-0.10,9,162244
108/07/24,29010,18.00,18.00,17.80,17.90,-0.10,14,518981
108/07/25,20000,17.85,17.95,17.80,17.90,0.00,16,357150
108/07/26,7000,17.90,17.90,17.80,17.80,-0.10,7,125150
108/07/29,24000,17.80,17.90,17.65,17.70,-0.10,18,424800
108/07/30,23500,17.70,17.70,17.30,17.35,-0.35,17,411900
108/07/31,26100,17.30,17.30,17.20,17.20,-0.15,20,449570
108/08/01,85000,17.20,17.20,16.10,16.65,-0.55,48,1414650
108/08/02,9000,16.65,16.65,16.50,16.50,-0.15,9,149000
108/08/05,6000,16.40,16.45,16.40,16.40,-0.10,5,98500
108/08/06,24000,15.80,16.50,15.80,16.50,+0.10,11,393000
108/08/07,6000,16.85,16.85,16.65,16.80,+0.30,4,100850
108/08/08,33400,16.90,16.95,16.50,16.80,0.00,12,561490
108/08/12,1000,16.85,16.85,16.85,16.85,+0.05,1,16850
108/08/13,4000,16.80,16.80,16.70,16.70,-0.15,4,66900
108/08/14,9000,16.70,16.70,16.50,16.50,-0.20,9,149050
108/08/15,11000,16.45,16.45,16.15,16.15,-0.35,7,179550
108/08/16,20000,16.40,17.25,16.25,16.30,+0.15,16,328000
108/08/19,15000,16.50,16.50,16.20,16.30,0.00,12,244200
108/08/20,6000,16.30,16.30,16.20,16.20,-0.10,6,97400
108/08/21,8000,16.20,16.25,16.15,16.20,0.00,6,129700
108/08/22,44000,16.15,16.15,15.80,16.00,-0.20,29,703450
108/08/23,105000,16.00,16.10,15.90,16.00,0.00,18,1679300
108/08/26,10000,15.90,16.20,15.90,16.20,+0.20,10,160500
108/08/27,11000,16.10,16.15,16.05,16.15,-0.05,8,177450
108/08/28,21000,16.10,16.25,16.05,16.20,+0.05,19,339800
108/08/29,7000,16.10,16.25,16.10,16.20,0.00,7,113300
108/08/30,9000,16.35,16.45,16.30,16.45,+0.25,9,147550
108/09/02,9000,16.45,16.45,16.30,16.45,0.00,7,147450
108/09/03,13000,16.65,16.65,16.40,16.50,+0.05,11,213950
108/09/04,24000,16.50,16.55,16.25,16.50,0.00,12,393000
108/09/05,16000,16.70,16.70,16.40,16.55,+0.05,12,264500
108/09/06,12000,16.55,16.60,16.45,16.50,-0.05,11,198350
108/09/09,10000,16.80,16.80,16.70,16.70,+0.20,10,167300
108/09/10,19200,16.70,16.70,16.25,16.25,-0.45,18,315220
108/09/11,12000,16.20,16.25,16.20,16.25,0.00,3,194900
108/09/12,5000,16.30,16.45,16.30,16.45,+0.20,5,81950
108/09/16,10000,16.55,16.55,16.45,16.45,0.00,6,165200
108/09/17,13000,16.25,16.40,16.25,16.35,-0.10,10,212450
108/09/18,7000,16.35,16.60,16.35,16.50,+0.15,7,115650
108/09/19,2000,16.50,16.55,16.50,16.55,+0.05,2,33050
108/09/20,6000,16.60,16.60,16.55,16.55,0.00,6,99500
108/09/23,8000,16.55,16.80,16.50,16.80,+0.25,7,133600
108/09/24,2000,16.50,16.55,16.50,16.55,-0.25,2,33050
108/09/25,4000,16.50,16.50,16.50,16.50,-0.05,4,66000
108/09/26,15000,16.55,16.65,16.55,16.65,+0.15,7,249550
108/09/27,13000,16.70,16.70,16.35,16.50,-0.15,11,214950
108/10/01,4140,16.55,16.55,16.50,16.50,0.00,5,68381
108/10/02,1000,16.70,16.70,16.70,16.70,+0.20,1,16700
108/10/03,5000,16.70,16.70,16.50,16.50,-0.20,5,82950
108/10/04,10000,16.50,16.60,16.30,16.30,-0.20,8,163500
108/10/07,1000,16.35,16.35,16.35,16.35,+0.05,1,16350
108/10/08,14000,16.35,16.35,16.20,16.35,0.00,11,228050
108/10/09,6000,16.20,16.25,16.10,16.25,-0.10,6,97050
108/10/14,8000,16.25,16.25,16.15,16.15,-0.10,7,129400
108/10/15,15000,16.00,16.20,16.00,16.10,-0.05,12,241600
108/10/16,10000,16.10,16.10,16.00,16.05,-0.05,6,160650
108/10/17,11000,16.10,16.10,15.95,16.00,-0.05,9,176200
108/10/18,29000,16.00,16.20,16.00,16.10,+0.10,17,466350
108/10/21,10000,16.20,16.20,16.20,16.20,+0.10,6,162000
108/10/22,13000,16.05,16.45,16.05,16.35,+0.15,12,212050
108/10/23,4000,16.10,16.35,16.10,16.35,0.00,4,64800
108/10/24,110,---,---,---,---,---,2,1798
108/10/25,10000,16.35,16.35,16.25,16.25,-0.10,6,162800
108/10/28,29000,16.25,16.30,16.10,16.20,-0.05,18,469850
108/10/29,27000,16.15,16.30,16.10,16.25,+0.05,16,435600
108/10/30,11000,16.30,16.30,16.25,16.25,0.00,8,179250
108/10/31,22000,16.30,16.30,15.80,15.80,-0.45,18,352800
108/11/01,181000,16.30,17.35,16.30,17.10,+1.30,133,3080200
108/11/04,54002,17.20,17.20,16.55,16.95,-0.15,45,906937
108/11/05,25000,17.10,17.10,16.90,17.05,+0.10,24,425450
108/11/06,19000,17.00,17.05,17.00,17.00,-0.05,15,323400
108/11/07,26000,17.20,17.20,16.90,16.95,-0.05,22,443050
108/11/08,18000,16.95,17.05,16.70,16.75,-0.20,13,303900
108/11/11,11000,16.60,16.95,16.60,16.75,0.00,11,184750
108/11/12,6000,17.10,17.10,16.85,16.85,+0.10,6,101650
108/11/13,8000,17.10,17.10,17.00,17.00,+0.15,8,136350
108/11/14,6000,17.10,17.10,16.90,16.90,-0.10,6,102100
108/11/15,5000,17.05,17.05,16.90,16.90,0.00,5,84850
108/11/18,64000,17.00,17.45,16.95,17.35,+0.45,38,1107350
108/11/19,36000,17.45,17.70,16.95,17.20,-0.15,32,627250
108/11/20,21000,17.40,17.40,17.20,17.30,+0.10,17,363500
108/11/21,6000,17.25,17.30,17.15,17.25,-0.05,6,103350
108/11/22,16000,17.35,17.35,17.10,17.20,-0.05,14,275750
108/11/25,23000,17.20,17.50,17.20,17.30,+0.10,18,399400
108/11/26,24000,17.40,17.40,17.20,17.20,-0.10,16,415400
108/11/27,10000,17.20,17.40,17.20,17.40,+0.20,7,172700
108/11/28,19000,17.35,17.40,17.30,17.30,-0.10,13,329800
108/11/29,7000,17.40,17.40,17.15,17.15,-0.15,7,120900
108/12/02,3000,17.20,17.20,17.20,17.20,+0.05,2,51600
108/12/03,14052,17.20,17.35,17.20,17.25,+0.05,12,242275
108/12/04,14000,17.30,17.30,17.15,17.20,-0.05,11,241150
108/12/05,3000,17.20,17.20,17.10,17.10,-0.10,3,51450
108/12/06,6000,17.10,17.20,16.90,17.00,-0.10,6,102400
108/12/09,16000,17.00,17.15,16.80,16.80,-0.20,13,272300
108/12/10,6000,16.70,16.80,16.70,16.70,-0.10,4,100300
108/12/11,6000,16.60,16.75,16.60,16.70,0.00,5,100050
108/12/12,23000,16.70,17.00,16.65,17.00,+0.30,15,386300
108/12/13,8000,16.75,16.85,16.75,16.80,-0.20,7,134500
108/12/16,7000,16.75,16.95,16.75,16.90,+0.10,6,118400
108/12/17,16000,16.95,17.00,16.95,17.00,+0.10,7,271750
108/12/18,5000,17.00,17.00,17.00,17.00,0.00,4,85000
108/12/19,7000,16.90,16.90,16.90,16.90,-0.10,1,118300
108/12/20,2000,16.90,16.90,16.90,16.90,0.00,2,33800
108/12/23,3000,16.90,16.90,16.80,16.80,-0.10,3,50550
108/12/24,10000,16.95,16.95,16.90,16.90,+0.10,7,169150
108/12/25,9000,16.80,16.90,16.80,16.80,-0.10,4,151500
108/12/26,1000,17.00,17.00,17.00,17.00,+0.20,1,17000
108/12/27,14000,17.00,17.00,16.70,16.75,-0.25,8,234700
108/12/30,31000,16.75,16.80,16.75,16.80,+0.05,14,519400
108/12/31,24000,16.80,16.80,16.60,16.60,-0.20,10,400750
109/01/02,4000,16.60,16.80,16.60,16.80,+0.20,4,66800
109/01/03,2000,16.85,16.85,16.85,16.85,+0.05,2,33700
109/01/06,14000,16.60,16.80,16.60,16.80,-0.05,5,233800
109/01/07,1000,16.95,16.95,16.95,16.95,+0.15,1,16950
109/01/08,6000,16.90,16.95,16.55,16.95,0.00,6,100500
109/01/09,1000,16.95,16.95,16.95,16.95,0.00,1,16950
109/01/10,2000,16.90,16.90,16.80,16.80,-0.15,2,33700
109/01/13,8000,16.80,16.95,16.80,16.90,+0.10,7,135200
109/01/14,4000,16.95,16.95,16.90,16.95,+0.05,4,67700
109/01/15,4000,17.00,17.00,16.95,16.95,0.00,4,67850
109/01/16,6000,16.80,16.80,16.80,16.80,-0.15,3,100800
109/01/17,2000,17.00,17.00,16.80,16.80,0.00,2,33800
109/01/20,6000,16.85,17.00,16.85,16.95,+0.15,6,101750
109/01/30,13000,16.50,16.70,16.10,16.70,-0.25,7,212700
109/01/31,13000,16.10,16.65,16.10,16.40,-0.30,4,214100
