﻿萬達光電,	5220
日期,成交股數,開盤價,最高價,最低價,收盤價,漲跌價差,成交筆數,成交金額
107/06/01,69000,30.15,30.50,30.15,30.35,+0.30,48,2092000
107/06/04,122023,30.35,30.60,30.20,30.50,+0.15,72,3706446
107/06/05,147000,30.50,31.20,30.50,30.80,+0.30,102,4516950
107/06/06,124300,30.95,31.00,30.60,30.70,-0.10,84,3825010
107/06/07,104200,30.75,30.95,30.70,30.90,+0.20,85,3211729
107/06/08,170009,31.00,31.00,30.50,30.65,-0.25,90,5232425
107/06/11,814000,31.25,33.70,31.00,32.60,+1.95,447,26173100
107/06/12,536200,32.40,34.00,32.20,33.00,+0.40,334,17686680
107/06/13,492500,33.15,33.65,32.15,32.80,-0.20,289,16249600
107/06/14,223200,32.85,33.05,32.50,32.80,0.00,120,7321850
107/06/15,139500,32.85,33.05,32.35,32.50,-0.30,78,4543800
107/06/19,189600,32.30,32.30,31.00,31.50,-1.00,142,6002580
107/06/20,185150,31.60,31.60,30.70,31.05,-0.45,115,5737607
107/06/21,52000,31.05,31.50,31.05,31.10,+0.05,40,1627450
107/06/22,95000,31.10,31.55,30.90,31.55,+0.45,58,2964150
107/06/25,144000,31.60,32.25,31.50,31.50,-0.05,92,4592250
107/06/26,159096,31.40,31.80,30.80,31.45,-0.05,95,4944718
107/06/27,101000,31.50,31.80,31.30,31.30,-0.15,57,3183050
107/06/28,27000,31.30,31.55,31.30,31.50,+0.20,25,848100
107/06/29,810000,31.75,33.55,31.75,33.20,+1.70,399,26599300
107/07/02,416000,32.95,33.20,32.10,32.20,-1.00,193,13626800
107/07/03,190066,32.20,32.30,31.50,31.55,-0.65,107,6042015
107/07/04,96000,31.60,31.80,31.30,31.35,-0.20,59,3020800
107/07/05,121200,31.20,31.35,30.85,30.85,-0.50,78,3769020
107/07/06,69000,30.95,31.00,30.85,31.00,+0.15,43,2134850
107/07/09,63000,31.00,32.00,31.00,31.20,+0.20,40,1968250
107/07/10,41000,31.15,31.80,31.15,31.60,+0.40,26,1282750
107/07/11,63040,31.15,31.60,31.15,31.20,-0.40,38,1969752
107/07/12,46000,31.20,31.60,31.20,31.55,+0.35,24,1451650
107/07/13,53000,31.55,31.80,31.55,31.65,+0.10,38,1678400
107/07/16,70000,32.00,32.00,31.65,31.70,+0.05,37,2221550
107/07/17,119500,31.75,32.20,31.75,31.90,+0.20,63,3812625
107/07/18,86100,31.95,31.95,31.80,31.90,0.00,47,2744590
107/07/19,221440,31.90,32.50,31.85,32.45,+0.55,108,7162794
107/07/20,298100,32.40,32.70,32.10,32.15,-0.30,123,9640195
107/07/23,174002,32.30,32.40,32.00,32.25,+0.10,81,5600114
107/07/24,117000,32.40,32.40,32.05,32.25,0.00,69,3765800
107/07/25,427070,32.30,32.60,32.25,32.50,+0.25,211,13854446
107/07/26,250100,30.30,30.30,29.75,30.20,,149,7532600
107/07/27,85011,30.25,30.25,30.10,30.15,-0.05,55,2567034
107/07/30,121000,30.20,30.25,29.95,30.00,-0.15,68,3645300
107/07/31,120115,29.90,30.50,29.90,29.95,-0.05,67,3626323
107/08/01,221000,30.00,30.80,29.80,30.35,+0.40,97,6705700
107/08/02,112000,30.90,30.90,30.15,30.30,-0.05,56,3407450
107/08/03,48000,30.20,30.45,30.15,30.15,-0.15,23,1454700
107/08/06,50000,30.30,30.35,30.25,30.30,+0.15,18,1515100
107/08/07,35000,30.15,30.25,30.10,30.10,-0.20,33,1055500
107/08/08,97000,30.20,30.20,30.00,30.00,-0.10,38,2914950
107/08/09,685350,30.90,31.50,30.50,31.20,+1.20,301,21150567
107/08/10,200250,31.20,31.35,30.80,30.90,-0.30,110,6224875
107/08/13,276550,31.10,31.25,30.70,31.15,+0.25,148,8566859
107/08/14,152000,31.10,31.30,31.00,31.10,-0.05,57,4735450
107/08/15,75500,31.20,31.20,30.80,31.10,0.00,42,2333150
107/08/16,83250,31.10,31.10,30.80,31.00,-0.10,48,2571275
107/08/17,159000,31.10,31.35,31.00,31.05,+0.05,70,4959550
107/08/20,112000,31.05,31.05,30.65,30.95,-0.10,53,3457550
107/08/21,138000,30.85,31.00,30.70,30.85,-0.10,52,4251450
107/08/22,31000,30.95,30.95,30.85,30.85,0.00,24,956900
107/08/23,71000,31.00,31.00,30.80,30.85,0.00,58,2192300
107/08/24,59000,30.95,30.95,30.70,30.85,0.00,34,1816650
107/08/27,81600,30.90,31.10,30.90,31.00,+0.15,36,2527610
107/08/28,117001,31.20,31.50,31.00,31.10,+0.10,84,3643381
107/08/29,98050,31.25,31.25,31.10,31.15,+0.05,44,3052015
107/08/30,143000,31.25,31.30,31.15,31.30,+0.15,68,4459150
107/08/31,94000,31.30,31.40,31.20,31.25,-0.05,50,2943550
107/09/03,33000,31.25,31.30,31.15,31.25,0.00,26,1031100
107/09/04,10000,31.15,31.15,31.00,31.10,-0.15,8,310750
107/09/05,46484,31.10,31.25,31.00,31.00,-0.10,25,1445552
107/09/06,100000,31.05,31.05,30.85,30.85,-0.15,48,3099500
107/09/07,136200,30.95,30.95,30.55,30.60,-0.25,85,4199600
107/09/10,135050,30.60,30.60,30.00,30.05,-0.55,58,4082455
107/09/11,93000,30.05,30.15,29.95,30.05,0.00,51,2794550
107/09/12,103000,30.35,30.35,30.05,30.05,0.00,42,3097000
107/09/13,47000,30.15,30.20,30.05,30.05,0.00,24,1413550
107/09/14,30000,30.10,30.20,30.05,30.20,+0.15,17,903300
107/09/17,14000,30.30,30.30,30.05,30.05,-0.15,8,422200
107/09/18,55000,30.05,30.10,29.90,29.90,-0.15,41,1649500
107/09/19,46000,30.10,30.10,29.95,30.00,+0.10,25,1379600
107/09/20,35000,30.05,30.05,29.90,29.95,-0.05,27,1049250
107/09/21,49000,30.10,30.10,29.80,30.00,+0.05,29,1464350
107/09/25,112000,30.00,30.60,30.00,30.60,+0.60,49,3391700
107/09/26,19001,30.50,30.50,30.35,30.35,-0.25,16,578480
107/09/27,66000,30.35,30.35,30.00,30.05,-0.30,33,1988700
107/09/28,64000,30.05,30.05,29.90,29.95,-0.10,37,1918700
107/10/01,34100,29.90,30.25,29.90,30.10,+0.15,16,1024410
107/10/02,29000,30.10,30.25,30.10,30.20,+0.10,17,874750
107/10/03,43000,30.25,30.30,30.15,30.30,+0.10,19,1301200
107/10/04,17000,30.20,30.20,30.10,30.10,-0.20,16,512400
107/10/05,118000,30.00,30.15,29.70,29.90,-0.20,59,3534300
107/10/08,19000,29.90,29.90,29.80,29.85,-0.05,15,566950
107/10/09,35400,29.80,30.00,29.80,29.95,+0.10,17,1060510
107/10/11,88000,28.85,28.90,28.55,28.60,-1.35,54,2529250
107/10/12,74000,28.30,28.90,28.10,28.80,+0.20,38,2118750
107/10/15,16000,28.50,28.85,28.50,28.85,+0.05,16,459550
107/10/16,28000,28.60,28.90,28.60,28.90,+0.05,14,807150
107/10/17,11000,29.05,29.05,28.80,28.80,-0.10,6,318000
107/10/18,9000,29.00,29.00,28.70,28.70,-0.10,7,258900
107/10/19,4000,28.70,28.95,28.70,28.70,0.00,4,115050
107/10/22,21000,28.50,30.00,28.50,30.00,+1.30,14,611850
107/10/23,16000,29.50,29.50,29.15,29.15,-0.85,11,467650
107/10/24,14000,29.95,29.95,28.60,29.00,-0.15,9,408900
107/10/25,28000,28.55,28.80,28.00,28.80,-0.20,18,792000
107/10/26,14000,28.55,28.55,28.20,28.50,-0.30,8,398000
107/10/29,13050,28.15,28.15,28.05,28.10,-0.40,11,366605
107/10/30,38000,28.05,28.05,27.80,28.00,-0.10,27,1062450
107/10/31,53000,28.00,28.40,28.00,28.40,+0.40,17,1491700
107/11/01,24000,28.60,29.15,28.60,29.05,+0.65,20,692350
107/11/02,28000,29.20,29.20,29.05,29.05,0.00,13,814700
107/11/08,28000,29.10,29.50,29.10,29.25,+0.15,13,821500
107/11/09,23000,29.00,29.00,28.80,28.95,-0.30,18,664200
107/11/12,144100,29.90,29.95,29.60,29.60,+0.65,100,4294830
107/11/16,41000,29.70,29.70,29.30,29.60,-0.05,20,1215250
107/11/19,49000,29.90,29.90,29.25,29.55,-0.05,23,1451200
107/11/20,36000,29.55,29.55,29.30,29.45,-0.10,21,1060800
107/11/21,13000,29.45,29.50,29.20,29.40,-0.05,11,382450
107/11/22,24000,29.30,29.40,29.30,29.30,-0.10,19,703750
107/11/23,183000,29.20,29.80,29.00,29.80,+0.50,58,5408500
107/11/26,105000,29.80,29.80,29.45,29.70,-0.10,47,3110750
107/11/27,64000,29.70,30.00,29.70,29.75,+0.05,44,1911550
107/11/28,12000,29.95,29.95,29.65,29.70,-0.05,12,357300
107/11/29,41400,29.90,29.90,29.75,29.80,+0.10,26,1234820
107/11/30,23000,29.80,29.85,29.80,29.80,0.00,10,685450
107/12/03,156000,29.85,30.00,29.75,29.90,+0.10,57,4660300
107/12/04,147000,30.00,30.60,30.00,30.35,+0.45,89,4454950
107/12/05,64100,30.00,30.20,29.90,30.20,-0.15,22,1923675
107/12/06,80000,30.20,30.30,29.75,29.80,-0.40,42,2396150
107/12/07,13000,30.00,30.00,29.85,29.85,+0.05,10,389200
107/12/10,35000,29.95,30.00,29.70,29.70,-0.15,24,1046350
107/12/11,24000,29.90,29.90,29.75,29.80,+0.10,19,715300
107/12/12,94000,29.80,30.05,29.80,30.05,+0.25,45,2808800
107/12/13,87000,30.20,30.30,30.00,30.30,+0.25,42,2619350
107/12/14,34000,30.20,30.30,29.90,30.05,-0.25,18,1023600
107/12/17,72000,29.90,30.10,29.90,30.05,0.00,31,2160250
107/12/18,24000,30.00,30.10,29.95,30.10,+0.05,17,720300
107/12/19,50000,30.00,30.00,29.80,30.00,-0.10,31,1497100
107/12/20,56000,29.80,29.90,29.70,29.90,-0.10,32,1668650
107/12/21,37005,29.75,29.90,29.50,29.90,0.00,23,1098749
107/12/22,668112,30.05,32.40,29.80,31.90,+2.00,439,20785456
107/12/24,507940,32.10,32.70,31.50,31.85,-0.05,311,16295321
107/12/25,228000,31.10,31.70,30.75,31.20,-0.65,146,7135450
107/12/26,205000,31.00,31.50,30.25,30.25,-0.95,113,6314650
107/12/27,143000,30.55,30.85,30.40,30.55,+0.30,84,4370000
107/12/28,184000,30.80,31.60,30.80,31.15,+0.60,111,5749550
108/01/02,71000,31.15,31.50,30.85,30.85,-0.30,46,2210150
108/01/03,16060,30.80,30.85,30.50,30.85,0.00,13,492733
108/01/04,122880,30.85,30.85,30.10,30.40,-0.45,80,3730038
108/01/07,68100,30.50,30.95,30.50,30.65,+0.25,57,2091695
108/01/08,43000,30.65,30.90,30.55,30.90,+0.25,26,1318350
108/01/09,43000,30.70,31.10,30.70,30.95,+0.05,34,1326500
108/01/10,337000,31.15,31.75,31.05,31.50,+0.55,156,10593100
108/01/11,187016,31.60,31.60,31.30,31.45,-0.05,113,5880858
108/01/14,214000,31.75,32.00,31.45,31.70,+0.25,122,6786400
108/01/15,334700,31.95,32.05,31.55,31.90,+0.20,126,10636490
108/01/16,57000,31.90,31.90,31.60,31.75,-0.15,37,1812900
108/01/17,34000,31.80,31.80,31.50,31.50,-0.25,25,1077450
108/01/18,31000,31.95,31.95,31.50,31.75,+0.25,25,980400
108/01/21,54000,31.65,31.85,31.55,31.70,-0.05,34,1708700
108/01/22,46000,31.65,31.65,31.35,31.60,-0.10,32,1446950
108/01/23,84000,31.50,31.70,31.30,31.50,-0.10,43,2636450
108/01/28,68000,31.30,31.80,31.25,31.80,+0.50,35,2134700
108/01/29,78040,31.65,31.90,31.45,31.90,+0.10,53,2464784
108/01/30,48060,31.90,32.00,31.50,31.80,-0.10,39,1522461
108/02/11,63000,31.80,31.80,31.40,31.70,-0.10,41,1986400
108/02/12,169000,31.75,31.80,31.25,31.65,-0.05,104,5308150
108/02/13,66000,31.50,31.60,31.35,31.55,-0.10,51,2075300
108/02/14,96000,31.55,31.55,31.15,31.55,0.00,71,3014600
108/02/15,52010,31.55,31.65,31.40,31.55,0.00,42,1638118
108/02/18,416016,31.15,31.85,31.05,31.75,+0.20,235,13059853
108/02/19,1593489,31.75,34.90,31.75,34.90,+3.15,574,54976714
108/02/20,1585106,36.20,37.00,34.00,34.05,-0.85,991,55878663
108/02/21,316070,33.90,34.40,33.60,33.75,-0.30,203,10750759
108/02/22,248853,33.75,34.65,33.50,33.95,+0.20,181,8470702
108/02/25,303591,34.20,35.30,34.15,34.50,+0.55,222,10506468
108/02/26,131000,34.35,34.60,34.35,34.35,-0.15,83,4509400
108/02/27,60000,34.45,34.45,34.15,34.20,-0.15,46,2056750
108/03/04,98000,34.35,34.35,34.00,34.30,+0.10,45,3341250
108/03/05,147000,34.30,34.90,34.10,34.55,+0.25,87,5070750
108/03/06,1723191,34.70,36.65,34.55,35.70,+1.15,493,60311721
108/03/07,285484,35.70,36.20,35.30,36.00,+0.30,174,10213726
108/03/08,135199,36.30,36.30,35.50,35.70,-0.30,90,4852803
108/03/11,102000,35.80,35.80,35.50,35.75,+0.05,56,3635500
108/03/12,405038,35.75,36.50,35.55,35.60,-0.15,207,14581568
108/03/13,900305,35.85,37.70,35.80,37.30,+1.70,491,33086285
108/03/14,1029300,37.40,38.40,36.85,37.35,+0.05,581,38882225
108/03/15,314000,37.40,37.80,37.20,37.20,-0.15,179,11750300
108/03/18,230020,37.30,37.50,36.70,37.50,+0.30,134,8547543
108/03/19,628000,37.70,39.00,37.55,37.55,+0.05,323,24033000
108/03/20,385000,37.85,37.85,37.05,37.25,-0.30,175,14431650
108/03/21,231000,37.25,37.60,37.05,37.60,+0.35,114,8630950
108/03/22,272700,37.70,38.30,37.60,38.00,+0.40,163,10353889
108/03/25,460086,38.10,38.70,37.80,38.40,+0.40,296,17580381
108/03/26,226247,38.45,38.80,38.10,38.40,0.00,178,8683419
108/03/27,99022,38.50,38.50,38.10,38.25,-0.15,73,3783586
108/03/28,201300,38.25,38.25,37.40,37.65,-0.60,192,7600811
108/03/29,180863,37.85,37.85,37.25,37.65,0.00,112,6783835
108/04/01,144029,37.65,37.85,37.30,37.35,-0.30,109,5407325
108/04/02,231250,38.00,38.15,37.60,38.10,+0.75,164,8768044
108/04/03,58014,38.30,38.30,37.90,38.20,+0.10,46,2207084
108/04/08,149191,38.40,38.50,37.80,37.80,-0.40,221,5692107
108/04/09,146533,37.80,38.00,37.30,37.50,-0.30,116,5506927
108/04/10,58500,37.50,38.05,37.50,38.05,+0.55,37,2218650
108/04/11,338005,37.65,37.70,37.00,37.40,-0.65,171,12607035
108/04/12,73405,37.30,37.30,37.00,37.05,-0.35,52,2724215
108/04/15,130070,37.00,37.35,36.75,37.30,+0.25,113,4810704
108/04/16,180002,37.00,37.10,36.60,36.90,-0.40,135,6616530
108/04/17,218168,36.90,37.10,36.60,36.65,-0.25,170,8002004
108/04/18,176391,36.65,36.80,36.45,36.50,-0.15,149,6445216
108/04/19,92500,36.70,36.95,36.60,36.95,+0.45,60,3401819
108/04/22,723000,37.60,38.40,37.60,38.05,+1.10,438,27536400
108/04/23,153054,38.05,38.25,37.70,38.00,-0.05,149,5810556
108/04/24,91117,38.20,38.20,37.90,38.05,+0.05,80,3463996
108/04/25,150427,38.15,38.30,38.05,38.30,+0.25,78,5744002
108/04/26,94250,38.30,38.30,37.70,37.95,-0.35,68,3574425
108/04/29,85286,38.00,38.00,37.40,37.65,-0.30,65,3207816
108/04/30,86000,37.55,37.60,37.15,37.60,-0.05,59,3210550
108/05/02,20025,37.60,37.60,37.20,37.55,-0.05,17,749488
108/05/03,37120,37.70,37.90,37.70,37.90,+0.35,30,1402960
108/05/06,153120,37.90,37.90,37.00,37.50,-0.40,83,5691736
108/05/07,65188,37.25,37.50,37.15,37.45,-0.05,52,2432437
108/05/08,126041,37.45,37.45,37.00,37.45,0.00,66,4674635
108/05/09,293060,38.05,38.90,37.20,37.20,-0.25,195,11062582
108/05/10,326100,37.05,37.10,36.50,37.05,-0.15,171,11977780
108/05/13,302156,36.80,36.80,35.35,35.65,-1.40,165,10851072
108/05/14,91156,35.35,35.85,34.70,35.85,+0.20,65,3207250
108/05/15,61000,35.90,36.60,35.90,36.55,+0.70,45,2226400
108/05/16,98230,36.60,36.95,36.30,36.90,+0.35,73,3609079
108/05/17,56000,36.95,37.00,36.50,36.70,-0.20,42,2055250
108/05/20,141024,36.80,36.80,35.70,36.35,-0.35,103,5081768
108/05/21,32000,36.25,36.70,36.20,36.70,+0.35,16,1166550
108/05/22,39000,36.40,36.50,36.20,36.25,-0.45,23,1417550
108/05/23,50000,36.20,36.20,35.85,36.15,-0.10,27,1797900
108/05/24,22000,36.00,36.20,35.80,36.10,-0.05,11,791500
108/05/27,174000,36.20,36.20,35.40,35.85,-0.25,75,6206050
108/05/28,54260,35.75,35.75,35.50,35.55,-0.30,40,1929447
108/05/29,39100,35.55,35.60,35.50,35.60,+0.05,25,1389930
108/05/30,66000,35.60,35.90,35.60,35.60,0.00,23,2357650
108/05/31,52000,35.80,36.30,35.80,36.10,+0.50,27,1878450
108/06/03,30000,36.00,36.10,35.90,36.10,0.00,16,1080550
108/06/04,24000,36.10,36.10,36.00,36.00,-0.10,15,865450
108/06/05,54000,36.15,36.20,35.95,36.20,+0.20,25,1947550
108/06/06,66000,36.20,36.20,35.60,35.60,-0.60,27,2371200
108/06/10,33000,35.95,36.00,35.70,35.70,+0.10,14,1184000
108/06/11,185000,35.70,35.75,35.25,35.70,0.00,81,6559050
108/06/12,93000,35.70,35.70,35.20,35.55,-0.15,50,3294450
108/06/13,117000,35.35,35.45,35.10,35.45,-0.10,57,4121200
108/06/14,74120,35.45,35.95,35.45,35.95,+0.50,37,2643563
108/06/17,24000,35.80,35.90,35.60,35.90,-0.05,14,856850
108/06/18,12000,35.80,35.80,35.70,35.80,-0.10,8,428850
108/06/19,91000,35.90,36.00,35.70,36.00,+0.20,46,3263500
108/06/20,44000,36.00,36.35,35.80,36.20,+0.20,24,1589700
108/06/21,69000,36.25,36.30,35.60,36.00,-0.20,41,2476300
108/06/24,44000,36.00,36.00,35.70,35.95,-0.05,34,1576950
108/06/25,37000,36.05,36.15,35.75,35.85,-0.10,24,1329650
108/06/26,70000,36.00,36.00,35.60,35.60,-0.25,35,2500800
108/06/27,144000,35.65,35.80,35.50,35.50,-0.10,75,5120700
108/06/28,76000,35.80,35.80,35.40,35.40,-0.10,44,2693750
