﻿詠昇,	6418
日期,成交股數,開盤價,最高價,最低價,收盤價,漲跌價差,成交筆數,成交金額
108/02/18,1201100,27.80,28.90,26.05,26.40,+4.35,874,32231390
108/02/19,1428199,26.60,30.50,26.60,30.10,+3.70,899,40834860
108/02/20,1130210,30.10,30.70,28.20,28.70,-1.40,587,33106831
108/02/21,468400,28.50,28.50,27.30,27.45,-1.25,309,12960379
108/02/22,559100,27.05,28.00,26.75,26.90,-0.55,313,15194010
108/02/25,331100,27.25,27.25,26.10,26.80,-0.10,220,8766905
108/02/26,230186,26.70,26.90,26.10,26.20,-0.60,153,6085160
108/02/27,206959,26.20,26.30,25.70,25.75,-0.45,134,5347500
108/03/04,242010,27.60,27.60,26.35,26.60,+0.85,137,6467666
108/03/05,204050,26.55,26.55,25.85,25.85,-0.75,134,5312095
108/03/06,110000,25.85,26.40,25.85,26.25,+0.40,78,2879950
108/03/07,391100,26.55,27.15,26.40,26.90,+0.65,226,10487695
108/03/08,119000,26.90,26.90,26.50,26.80,-0.10,72,3178900
108/03/11,124000,27.20,27.20,26.70,26.75,-0.05,66,3327650
108/03/12,202000,27.05,27.05,26.20,26.35,-0.40,129,5376150
108/03/13,131000,26.65,26.65,26.15,26.35,0.00,84,3446750
108/03/14,286000,26.55,26.55,25.80,26.00,-0.35,145,7450000
108/03/15,74000,26.10,26.15,26.00,26.05,+0.05,56,1927850
108/03/18,70371,26.10,26.35,26.05,26.35,+0.30,58,1844075
108/03/19,499098,26.40,28.30,26.35,28.25,+1.90,301,13611603
108/03/20,775251,28.35,29.60,28.35,29.50,+1.25,446,22481954
108/03/21,362000,29.75,29.75,28.30,28.75,-0.75,205,10572550
108/03/22,200000,28.80,28.80,28.40,28.45,-0.30,132,5718100
108/03/25,120000,28.00,28.10,27.50,28.05,-0.40,72,3349800
108/03/26,78051,28.00,28.50,28.00,28.00,-0.05,54,2199378
108/03/27,50000,28.15,28.15,27.50,27.60,-0.40,40,1386150
108/03/28,58000,27.60,27.60,27.25,27.30,-0.30,38,1592950
108/03/29,75200,27.95,27.95,27.30,27.50,+0.20,41,2065069
108/04/01,38001,27.30,27.40,27.20,27.20,-0.30,32,1035327
108/04/02,129000,26.95,27.00,26.40,26.60,-0.60,88,3445800
108/04/03,54000,26.60,27.50,26.60,27.15,+0.55,45,1452700
108/04/08,173100,27.15,27.50,27.15,27.35,+0.20,45,4716185
108/04/09,49000,27.25,27.40,27.20,27.20,-0.15,31,1334550
108/04/10,37000,27.20,27.30,27.10,27.25,+0.05,30,1006150
108/04/11,51002,27.50,27.60,27.20,27.20,-0.05,45,1391354
108/04/12,45001,27.00,27.20,26.90,26.90,-0.30,31,1213726
108/04/15,26000,26.80,27.00,26.80,26.90,0.00,20,700600
108/04/16,63000,27.00,27.00,26.75,26.80,-0.10,50,1693200
108/04/17,48000,26.90,27.25,26.80,27.10,+0.30,32,1294450
108/04/18,77000,27.10,27.20,27.00,27.20,+0.10,46,2087750
108/04/19,46100,27.25,27.35,27.15,27.15,-0.05,36,1255145
108/04/22,29000,27.15,27.25,27.15,27.20,+0.05,15,788650
108/04/23,30000,27.10,27.25,27.10,27.20,0.00,25,815000
108/04/24,38000,27.30,27.30,27.00,27.00,-0.20,27,1032400
108/04/25,203000,27.00,27.05,26.50,26.50,-0.50,67,5439000
108/04/26,55000,26.40,26.50,26.35,26.40,-0.10,26,1454200
108/04/29,34000,26.30,26.30,26.20,26.20,-0.20,18,893750
108/04/30,25000,26.20,26.50,26.05,26.05,-0.15,21,655250
108/05/02,33100,26.05,26.35,26.00,26.35,+0.30,20,863285
108/05/03,34000,26.30,26.30,26.10,26.10,-0.25,20,888750
108/05/06,44000,26.10,26.15,26.00,26.10,0.00,32,1147600
108/05/07,56300,26.10,26.20,26.10,26.15,+0.05,29,1471995
108/05/08,52111,26.10,26.10,25.80,25.80,-0.35,26,1351463
108/05/09,76001,25.90,26.10,25.70,25.70,-0.10,37,1967675
108/05/10,22000,25.70,25.95,25.70,25.75,+0.05,17,567650
108/05/13,70000,24.85,24.90,24.05,24.10,-1.65,46,1720000
108/05/14,91045,22.25,23.20,21.70,22.90,-1.20,62,2008939
108/05/15,22000,22.65,23.10,22.65,22.90,0.00,18,503650
108/05/16,13000,23.85,23.85,23.20,23.20,+0.30,11,303100
108/05/17,37000,23.25,23.80,23.25,23.25,+0.05,21,870600
108/05/20,195000,22.20,22.20,20.95,21.55,-1.70,103,4179300
108/05/21,35000,20.50,21.55,19.85,21.40,-0.15,32,735700
108/05/22,27000,21.40,21.45,21.40,21.40,0.00,16,577950
108/05/23,24000,21.70,21.70,21.45,21.45,+0.05,15,515600
108/05/24,19000,21.50,21.50,20.85,21.00,-0.45,15,402400
108/05/27,31000,21.00,21.00,20.10,20.85,-0.15,28,633800
108/05/28,13000,20.65,20.95,20.45,20.95,+0.10,11,268200
108/05/29,116000,20.50,20.55,19.50,20.50,-0.45,63,2317550
108/05/30,7000,20.65,20.65,20.05,20.50,0.00,7,142850
108/05/31,23000,20.45,20.50,20.15,20.50,0.00,18,467200
108/06/03,35000,20.15,20.45,20.00,20.45,-0.05,14,704800
108/06/04,71000,20.45,20.45,20.10,20.45,0.00,13,1435600
108/06/05,9000,20.45,20.45,20.40,20.40,-0.05,8,183800
108/06/06,59000,20.30,20.30,19.90,19.90,-0.50,27,1184750
108/06/10,28000,20.45,20.45,19.80,20.00,+0.10,21,559550
108/06/11,28000,20.00,20.00,19.70,19.70,-0.30,9,557900
108/06/12,10000,19.70,20.35,19.70,20.35,+0.65,8,199700
108/06/13,0,---,---,---,---,---,0,0
108/06/14,29000,20.45,20.80,20.25,20.80,+0.50,15,596000
108/06/17,5000,20.15,20.75,20.15,20.75,-0.05,5,102300
108/06/18,3000,20.70,20.90,20.70,20.90,+0.15,2,62300
108/06/19,120000,21.10,21.65,21.00,21.50,+0.60,12,2578400
108/06/20,31000,21.80,22.20,21.70,21.70,+0.20,23,680850
108/06/21,18000,21.55,22.00,21.55,22.00,+0.30,12,394500
108/06/24,6000,22.00,22.00,21.65,21.65,-0.35,6,130500
108/06/25,1000,21.65,21.65,21.65,21.65,0.00,1,21650
108/06/26,5000,21.80,21.90,21.80,21.80,+0.15,5,109150
108/06/27,3000,21.40,21.95,21.40,21.95,+0.15,3,64750
108/06/28,8000,21.45,21.95,21.45,21.80,-0.15,8,174600
108/07/01,28000,21.55,22.00,21.55,21.95,+0.15,23,614150
108/07/02,19000,21.95,22.00,21.65,21.70,-0.25,16,415700
108/07/03,13000,20.60,21.35,20.60,21.35,,13,271700
108/07/04,17000,21.00,21.10,20.95,20.95,-0.40,16,357050
108/07/05,21000,21.00,21.00,20.50,20.60,-0.35,18,433700
108/07/08,16000,20.95,21.50,20.35,21.00,+0.40,16,333050
108/07/09,13000,20.55,20.90,20.45,20.90,-0.10,9,269200
108/07/10,7000,20.90,20.90,20.90,20.90,0.00,4,146300
108/07/11,13000,21.00,21.10,20.95,20.95,+0.05,10,273350
108/07/12,13000,20.50,20.50,20.20,20.45,-0.50,10,264100
108/07/15,6000,20.45,20.50,20.45,20.45,0.00,6,122850
108/07/16,3000,20.50,20.90,20.50,20.90,+0.45,3,62000
108/07/17,11000,20.55,20.75,20.50,20.75,-0.15,11,226150
108/07/18,5000,20.40,20.40,20.35,20.40,-0.35,4,101950
108/07/19,49000,20.45,20.60,20.05,20.60,+0.20,33,994900
108/07/22,5000,20.50,20.90,20.40,20.70,+0.10,5,103100
108/07/23,8000,20.80,20.80,20.50,20.50,-0.20,6,165800
108/07/24,31000,20.10,20.50,20.10,20.10,-0.40,24,625950
108/07/25,35000,20.10,20.10,19.85,19.90,-0.20,25,700000
108/07/26,26000,19.90,20.15,19.75,20.10,+0.20,13,517300
108/07/29,29000,19.20,20.30,19.20,20.10,0.00,17,563900
108/07/30,85000,19.70,20.05,19.35,19.35,-0.75,54,1660750
108/07/31,32000,19.70,19.70,19.25,19.45,+0.10,21,618850
108/08/01,5000,19.50,19.60,19.30,19.60,+0.15,5,97400
108/08/02,165000,19.55,19.55,18.20,19.20,-0.40,75,3039400
108/08/05,105000,18.30,18.70,18.05,18.05,-1.15,59,1915800
108/08/06,32000,18.30,18.30,17.65,17.65,-0.40,15,571100
108/08/07,133000,18.90,19.40,18.65,19.40,+1.75,62,2561250
108/08/08,191000,20.00,21.20,19.70,20.90,+1.50,140,3912150
108/08/12,46878,20.45,20.45,20.10,20.40,-0.50,44,951679
108/08/13,25000,20.30,20.30,20.00,20.00,-0.40,15,504400
108/08/14,14370,20.00,20.20,20.00,20.00,0.00,15,288300
108/08/15,9001,19.95,19.95,19.60,19.70,-0.30,9,177819
108/08/16,18322,19.70,19.70,19.55,19.60,-0.10,41,359597
108/08/19,21260,19.60,19.65,19.50,19.50,-0.10,15,415820
108/08/20,15000,19.50,19.50,19.25,19.30,-0.20,14,291200
108/08/21,44000,19.05,19.50,19.00,19.50,+0.20,27,844550
108/08/22,11000,19.40,19.50,19.35,19.35,-0.15,9,213350
108/08/23,16002,19.05,19.20,19.05,19.20,-0.15,10,304988
108/08/26,29000,19.50,19.50,19.05,19.40,+0.20,16,561750
108/08/27,114000,19.50,20.50,19.50,19.65,+0.25,89,2284450
108/08/28,50000,19.90,20.00,19.15,19.60,-0.05,47,978000
108/08/29,25000,19.50,19.50,19.15,19.20,-0.40,21,480500
108/08/30,289240,20.10,21.10,20.10,21.10,+1.90,96,6079414
108/09/02,1183220,21.50,23.20,21.50,23.20,+2.10,662,26646353
108/09/03,533020,24.30,24.30,23.10,23.35,+0.15,367,12670599
108/09/04,169010,23.30,23.70,22.60,22.85,-0.50,114,3886636
108/09/05,616002,22.95,25.10,22.95,25.10,+2.25,306,15226000
108/09/06,2236101,27.60,27.60,25.45,25.45,+0.35,1040,60428771
108/09/09,686007,25.85,25.85,24.25,24.75,-0.70,415,17316837
108/09/10,418020,24.25,24.75,23.05,23.50,-1.25,269,9860223
108/09/11,328000,23.60,25.00,23.60,24.10,+0.60,252,7959450
108/09/12,461000,24.95,24.95,22.75,22.90,-1.20,327,10795900
108/09/16,192000,22.85,22.90,22.20,22.20,-0.70,136,4316500
108/09/17,1097435,22.40,24.40,22.30,22.30,+0.10,673,25759163
108/09/18,111000,22.55,22.75,22.10,22.30,0.00,84,2480300
108/09/19,204000,22.30,22.30,21.70,21.70,-0.60,149,4474100
108/09/20,258000,21.65,22.80,21.65,22.45,+0.75,179,5765750
108/09/23,178312,22.65,22.95,22.30,22.55,+0.10,105,4013798
108/09/24,194000,22.95,23.45,22.35,22.50,-0.05,125,4410250
108/09/25,48000,22.45,22.50,21.85,21.85,-0.65,40,1065600
108/09/26,90006,22.10,22.40,21.95,22.15,+0.30,68,1989894
108/09/27,107000,22.30,22.30,21.30,21.35,-0.80,69,2313600
108/10/01,52000,21.35,21.75,21.35,21.50,+0.15,36,1119050
108/10/02,115000,21.55,21.55,20.80,21.20,-0.30,84,2414650
108/10/03,21000,20.75,21.10,20.75,20.90,-0.30,18,439900
108/10/04,50000,20.90,20.95,20.75,20.75,-0.15,33,1039800
108/10/07,58000,20.75,20.75,20.20,20.40,-0.35,42,1184500
108/10/08,95000,20.35,20.35,19.75,19.85,-0.55,69,1902800
108/10/09,86000,19.85,19.85,19.45,19.70,-0.15,48,1683850
108/10/14,51000,19.85,19.90,19.70,19.75,+0.05,38,1007150
108/10/15,45000,19.35,19.75,19.35,19.40,-0.35,34,877700
108/10/16,81000,19.65,20.10,19.40,20.00,+0.60,62,1602850
108/10/17,69000,19.95,19.95,19.70,19.70,-0.30,43,1361050
108/10/18,49000,19.65,19.70,19.45,19.45,-0.25,38,956950
108/10/21,48000,19.30,19.50,19.20,19.45,0.00,37,929700
108/10/22,44000,19.50,19.50,19.30,19.45,0.00,30,851250
108/10/23,35000,19.45,19.45,19.25,19.25,-0.20,27,675300
108/10/24,43000,19.25,19.85,19.25,19.80,+0.55,37,843850
108/10/25,103000,20.35,20.35,19.80,20.10,+0.30,55,2064950
108/10/28,52100,20.50,20.50,19.75,20.00,-0.10,24,1039280
108/10/29,45000,19.85,19.95,19.65,19.95,-0.05,31,889000
108/10/30,26000,19.65,19.95,19.65,19.95,0.00,19,512800
108/10/31,21000,19.75,19.90,19.70,19.90,-0.05,12,415800
108/11/01,19000,19.70,19.95,19.70,19.95,+0.05,15,376750
108/11/04,44000,19.95,19.95,19.75,19.80,-0.15,20,874550
108/11/05,72000,19.70,19.70,19.40,19.55,-0.25,35,1410950
108/11/06,34000,19.35,19.50,19.30,19.50,-0.05,21,659150
108/11/07,50000,19.50,19.55,19.45,19.50,0.00,18,975800
108/11/08,63000,19.55,19.55,19.25,19.25,-0.25,21,1224450
108/11/11,280000,18.85,18.95,17.80,17.85,-1.40,151,5049700
108/11/12,61000,17.85,18.20,17.75,17.75,-0.10,44,1094750
108/11/13,41000,17.75,17.75,17.65,17.75,0.00,30,724600
108/11/14,125177,17.75,17.75,17.05,17.15,-0.60,76,2175377
108/11/15,66000,17.20,17.20,16.90,17.10,-0.05,30,1128500
108/11/18,120000,17.00,17.20,16.50,17.00,-0.10,74,2010900
108/11/19,42000,16.55,17.25,16.55,17.10,+0.10,31,709650
108/11/20,20000,16.90,17.10,16.80,17.10,0.00,11,338000
108/11/21,26000,17.00,17.10,16.90,17.10,0.00,10,441800
108/11/22,7000,17.20,17.20,17.00,17.10,0.00,7,119800
108/11/25,27000,17.00,17.00,16.75,16.85,-0.25,19,454700
108/11/26,13000,16.85,16.95,16.85,16.95,+0.10,9,219550
108/11/27,11000,17.00,17.00,17.00,17.00,+0.05,9,187000
108/11/28,38000,17.00,17.00,16.90,16.90,-0.10,17,644700
108/11/29,11000,17.05,17.10,16.75,16.75,-0.15,9,186400
108/12/02,17000,16.75,16.90,16.75,16.75,0.00,10,285300
108/12/03,16000,16.75,16.80,16.75,16.80,+0.05,7,268300
108/12/04,26000,16.80,16.85,16.80,16.85,+0.05,10,436950
108/12/05,17000,16.95,17.05,16.85,17.05,+0.20,13,288800
108/12/06,14000,17.05,17.45,17.05,17.15,+0.10,11,240750
108/12/09,10000,17.20,17.25,17.15,17.25,+0.10,9,172000
108/12/10,41000,17.45,17.50,17.00,17.45,+0.20,30,714550
108/12/11,37011,17.40,17.45,17.20,17.45,0.00,25,641293
108/12/12,27000,17.30,17.40,17.25,17.25,-0.20,17,466400
108/12/13,10000,17.20,17.20,17.10,17.10,-0.15,6,171400
108/12/16,10000,17.20,17.45,17.00,17.45,+0.35,8,171100
108/12/17,21000,17.45,17.45,17.25,17.25,-0.20,7,362450
108/12/18,29000,17.05,17.45,16.95,17.45,+0.20,19,496750
108/12/19,22000,17.35,17.35,17.15,17.20,-0.25,13,380800
108/12/20,25000,17.35,17.40,17.00,17.25,+0.05,15,430000
108/12/23,16000,17.40,17.45,17.25,17.25,0.00,10,277300
108/12/24,6000,17.15,17.25,17.05,17.25,0.00,6,103000
108/12/25,5000,17.25,17.25,17.05,17.05,-0.20,5,85650
108/12/26,30000,17.05,17.25,16.90,16.90,-0.15,24,510800
108/12/27,21000,16.90,16.90,16.80,16.85,-0.05,14,354250
108/12/30,18000,16.80,16.85,16.70,16.70,-0.15,15,301400
108/12/31,32000,16.70,16.95,16.70,16.85,+0.15,22,536600
