﻿易發,	6425
日期,成交股數,開盤價,最高價,最低價,收盤價,漲跌價差,成交筆數,成交金額
108/02/11,380002,40.50,40.70,38.50,39.40,-1.10,308,14952988
108/02/12,418003,39.40,39.50,38.55,39.00,-0.40,297,16230670
108/02/13,243063,39.00,39.40,38.60,39.30,+0.30,170,9467546
108/02/14,175000,39.45,39.50,39.15,39.20,-0.10,127,6877750
108/02/15,221013,39.20,39.40,38.70,38.80,-0.40,151,8610860
108/02/18,325570,38.75,38.75,37.75,38.05,-0.75,209,12368973
108/02/19,195000,38.05,39.00,38.00,38.35,+0.30,140,7515100
108/02/20,1146096,39.00,42.15,39.00,42.15,+3.80,773,47256196
108/02/21,687116,41.55,42.55,41.00,41.50,-0.65,490,28531814
108/02/22,271500,41.50,41.60,40.70,40.80,-0.70,192,11166700
108/02/25,177000,40.85,41.00,40.20,40.40,-0.40,121,7145750
108/02/26,129003,40.80,40.80,40.10,40.30,-0.10,89,5201079
108/02/27,127028,40.10,40.20,39.70,39.95,-0.35,88,5062021
108/03/04,133000,40.00,41.30,39.90,40.90,+0.95,117,5414100
108/03/05,61000,40.85,40.90,40.60,40.60,-0.30,51,2483650
108/03/06,69000,40.50,40.80,40.45,40.50,-0.10,52,2798100
108/03/07,114000,40.15,40.70,40.15,40.50,0.00,80,4604800
108/03/08,105120,40.20,40.55,39.90,40.55,+0.05,70,4223811
108/03/11,1432132,42.30,44.60,42.20,44.60,+4.05,837,62390737
108/03/12,606169,44.60,44.60,43.00,43.50,-1.10,426,26566512
108/03/13,456088,43.25,44.60,43.05,43.35,-0.15,315,19961616
108/03/14,360220,43.80,44.00,42.75,42.95,-0.40,239,15531335
108/03/15,171150,42.80,43.25,42.65,43.00,+0.05,135,7342595
108/03/18,267100,43.30,43.80,43.10,43.80,+0.80,178,11616650
108/03/19,739826,44.00,45.60,43.65,45.20,+1.40,456,33041335
108/03/20,1232562,45.20,49.00,45.15,49.00,+3.80,844,57924772
108/03/21,1897814,50.00,51.00,48.30,49.00,0.00,1191,94458840
108/03/22,1525051,49.90,51.90,48.80,51.20,+2.20,906,76643101
108/03/25,1066736,50.00,52.80,49.65,51.70,+0.50,687,54521824
108/03/26,952050,52.80,52.80,50.00,50.50,-1.20,641,48457525
108/03/27,528578,50.20,50.80,49.60,50.00,-0.50,316,26454147
108/03/28,573374,50.50,50.50,48.10,48.75,-1.25,366,28210270
108/03/29,867960,48.75,51.50,48.00,50.70,+1.95,641,43345871
108/04/01,570439,51.10,51.30,49.90,50.00,-0.70,390,28700419
108/04/02,437000,50.50,50.50,49.35,49.40,-0.60,265,21771450
108/04/03,324100,49.40,50.50,49.40,49.65,+0.25,250,16173565
108/04/08,396800,50.80,50.80,49.65,49.65,0.00,284,19909659
108/04/09,359400,49.80,49.80,48.60,49.05,-0.60,218,17647990
108/04/10,550350,49.50,51.40,49.20,51.00,+1.95,393,27794150
108/04/11,809000,52.20,52.20,49.40,49.55,-1.45,587,40943800
108/04/12,360032,49.55,50.40,48.90,49.00,-0.55,280,17829223
108/04/15,384530,49.60,50.50,49.30,49.70,+0.70,253,19191382
108/04/16,245000,50.00,50.00,49.45,49.50,-0.20,160,12171000
108/04/17,199486,49.90,49.90,49.30,49.40,-0.10,138,9877514
108/04/18,788380,49.45,49.45,46.00,46.05,-3.35,565,37630770
108/04/19,254000,46.90,47.40,46.25,46.90,+0.85,191,11895650
108/04/22,87100,46.90,47.45,46.90,47.10,+0.20,76,4108910
108/04/23,147100,47.10,47.10,46.30,46.35,-0.75,99,6845590
108/04/24,105000,46.40,47.35,46.35,46.45,+0.10,84,4890800
108/04/25,95000,46.75,46.75,46.35,46.60,+0.15,66,4419450
108/04/26,203355,46.60,46.60,46.00,46.45,-0.15,114,9388439
108/04/29,149001,46.50,46.50,45.45,45.60,-0.85,96,6825795
108/04/30,101200,45.60,45.95,45.50,45.75,+0.15,76,4621510
108/05/02,144357,45.75,47.75,45.75,47.30,+1.55,101,6722886
108/05/03,181000,47.40,48.50,47.40,47.85,+0.55,138,8693450
108/05/06,203000,47.00,47.15,46.50,47.00,-0.85,123,9492500
108/05/07,108000,47.00,47.30,46.70,47.30,+0.30,71,5069350
108/05/08,139000,47.20,47.70,46.70,47.70,+0.40,101,6553200
108/05/09,187030,47.70,47.70,46.25,46.55,-1.15,120,8762095
108/05/10,257000,46.60,47.45,46.25,46.95,+0.40,183,12008750
108/05/13,371400,47.50,48.20,47.00,47.20,+0.25,250,17641260
108/05/14,123000,46.20,47.25,45.40,46.70,-0.50,96,5716400
108/05/15,270070,46.80,47.70,46.50,46.50,-0.20,164,12685436
108/05/16,122000,46.30,46.50,46.10,46.15,-0.35,79,5639100
108/05/17,105100,46.35,46.50,45.70,45.70,-0.45,78,4838290
108/05/20,165200,45.50,45.60,43.85,44.20,-1.50,115,7405789
108/05/21,84000,44.00,44.90,44.00,44.80,+0.60,54,3732300
108/05/22,64152,45.00,45.50,45.00,45.35,+0.55,43,2907711
108/05/23,84500,45.00,45.10,44.50,44.55,-0.80,62,3781974
108/05/24,101000,44.40,45.60,44.40,44.90,+0.35,50,4545300
108/05/27,155200,44.90,45.35,44.90,45.05,+0.15,81,6987120
108/05/28,253200,45.10,45.50,45.05,45.45,+0.40,152,11448978
108/05/29,616500,45.95,46.00,44.20,44.90,-0.55,351,27785525
108/05/30,322450,42.00,42.30,41.60,41.95,,206,13567815
108/05/31,263250,41.85,41.85,41.30,41.35,-0.60,176,10914250
108/06/03,219000,41.30,41.30,39.95,40.20,-1.15,132,8797950
108/06/04,64252,40.15,40.30,40.00,40.10,-0.10,42,2578205
108/06/05,116124,40.15,40.15,39.85,39.85,-0.25,88,4644968
108/06/06,143000,39.85,39.85,39.35,39.35,-0.50,90,5658600
108/06/10,46439,39.45,39.65,39.45,39.65,+0.30,31,1834790
108/06/11,114000,39.90,40.15,39.90,40.10,+0.45,62,4570500
108/06/12,57150,40.15,40.50,40.15,40.35,+0.25,41,2308102
108/06/13,76200,40.40,40.40,39.75,39.75,-0.60,58,3046470
108/06/14,95090,40.00,40.00,39.20,39.20,-0.55,63,3768178
108/06/17,103000,39.20,39.70,38.85,39.00,-0.20,76,4014650
108/06/18,34000,39.40,39.40,38.80,38.80,-0.20,31,1327300
108/06/19,97100,39.30,40.30,39.30,39.90,+1.10,66,3880490
108/06/20,25000,40.30,40.30,39.80,40.00,+0.10,23,998350
108/06/21,73000,40.25,40.30,39.95,40.00,0.00,40,2926200
108/06/24,99000,40.00,40.00,39.45,39.75,-0.25,62,3924750
108/06/25,48000,39.50,39.75,39.35,39.60,-0.15,28,1895000
108/06/26,38000,38.80,39.55,38.80,39.35,-0.25,32,1490900
108/06/27,74000,39.55,39.60,39.35,39.45,+0.10,50,2922750
108/06/28,33000,39.65,39.65,39.30,39.30,-0.15,27,1300650
108/07/01,119000,39.60,40.40,39.60,40.40,+1.10,86,4754550
108/07/02,48900,40.40,40.40,39.85,39.95,-0.45,44,1955714
108/07/03,72000,39.65,39.70,39.45,39.50,-0.45,42,2847200
108/07/04,47000,39.85,39.85,39.60,39.70,+0.20,31,1868900
108/07/05,110000,39.85,39.85,39.45,39.55,-0.15,66,4351450
108/07/08,41000,39.55,39.60,39.40,39.40,-0.15,37,1618450
108/07/09,27000,39.60,39.60,39.30,39.30,-0.10,18,1062800
108/07/10,49589,39.50,39.50,39.30,39.35,+0.05,36,1953978
108/07/11,133304,39.35,39.35,38.50,38.65,-0.70,118,5163584
108/07/12,56109,38.45,38.70,38.45,38.60,-0.05,41,2161568
108/07/15,36000,38.75,38.95,38.70,38.75,+0.15,25,1397750
108/07/16,71200,38.75,38.75,38.50,38.50,-0.25,53,2746450
108/07/17,52000,38.50,38.50,38.30,38.30,-0.20,35,1996800
108/07/18,70461,38.30,38.40,38.20,38.20,-0.10,46,2696910
108/07/19,51000,38.40,38.50,38.25,38.30,+0.10,32,1958250
108/07/22,68000,38.50,38.50,38.10,38.10,-0.20,54,2600300
108/07/23,75100,38.10,38.15,38.00,38.05,-0.05,50,2859210
108/07/24,568073,39.05,41.00,38.60,40.20,+2.15,425,22836456
108/07/25,409163,40.90,41.70,40.40,40.40,+0.20,285,16776447
108/07/26,236000,41.15,41.15,40.45,40.60,+0.20,148,9635450
108/07/29,140400,41.00,41.15,40.70,40.80,+0.20,97,5744070
108/07/30,111000,41.00,41.00,39.65,39.90,-0.90,76,4448750
108/07/31,49000,40.20,40.20,39.50,39.95,+0.05,39,1950300
108/08/01,46324,39.55,39.70,39.30,39.30,-0.65,39,1829114
108/08/02,63014,38.40,39.50,38.40,38.80,-0.50,45,2440545
108/08/05,56000,38.80,38.85,38.40,38.40,-0.40,36,2163400
108/08/06,42058,38.50,38.50,36.80,38.00,-0.40,34,1591715
108/08/07,27165,38.00,40.35,38.00,38.60,+0.60,27,1076418
108/08/08,8059,38.75,38.80,38.60,38.60,0.00,9,311983
108/08/12,77000,39.60,39.60,38.05,38.10,-0.50,45,2959600
108/08/13,357400,37.00,37.00,34.35,34.45,-3.65,231,12729729
108/08/14,282000,34.70,35.40,33.10,33.25,-1.20,202,9499200
108/08/15,256000,31.90,31.90,30.70,31.15,-2.10,179,8024550
108/08/16,101000,31.15,32.50,31.15,32.10,+0.95,86,3227300
108/08/19,62000,32.10,32.45,31.60,32.20,+0.10,41,1982700
108/08/20,30500,32.30,32.30,32.00,32.05,-0.15,21,978700
108/08/21,24350,32.05,32.85,32.00,32.15,+0.10,21,785052
108/08/22,51000,32.60,32.60,32.00,32.20,+0.05,32,1637400
108/08/23,60000,32.00,32.00,31.20,31.25,-0.95,48,1880450
108/08/26,207270,31.00,31.00,28.30,29.25,-2.00,146,6076560
108/08/27,73000,29.25,30.30,29.25,29.95,+0.70,58,2170950
108/08/28,77000,30.00,30.70,29.80,29.80,-0.15,48,2323850
108/08/29,90000,29.85,30.70,29.85,30.15,+0.35,49,2729100
108/08/30,59000,30.20,30.60,30.20,30.50,+0.35,40,1796050
108/09/02,30300,30.55,30.55,30.35,30.45,-0.05,17,923035
108/09/03,78160,30.45,30.60,30.10,30.40,-0.05,44,2374166
108/09/04,60000,30.35,30.55,30.20,30.30,-0.10,35,1823150
108/09/05,95000,30.60,30.60,30.20,30.35,+0.05,48,2883400
108/09/06,80000,30.30,30.50,30.00,30.50,+0.15,43,2417250
108/09/09,47000,30.70,30.90,30.15,30.15,-0.35,30,1437600
108/09/10,43000,30.20,30.50,30.15,30.15,0.00,21,1299250
108/09/11,38000,30.50,30.50,30.25,30.25,+0.10,28,1155600
108/09/12,55000,30.85,30.85,30.60,30.65,+0.40,43,1690200
108/09/16,45000,30.90,30.95,30.60,30.60,-0.05,32,1384750
108/09/17,30000,30.50,30.50,30.10,30.20,-0.40,29,907300
108/09/18,64000,30.50,30.60,30.20,30.20,0.00,28,1949500
108/09/19,37000,30.20,30.50,30.20,30.35,+0.15,25,1124750
108/09/20,41000,30.60,30.60,29.85,30.50,+0.15,24,1245950
108/09/23,11100,30.50,30.50,30.35,30.35,-0.15,12,337939
108/09/24,27000,30.25,30.30,30.15,30.15,-0.20,23,816000
108/09/25,31000,30.15,30.30,30.15,30.20,+0.05,17,937700
108/09/26,41000,30.20,30.45,30.20,30.20,0.00,29,1240700
108/09/27,33000,30.20,30.20,29.80,30.10,-0.10,26,991500
108/10/01,38000,29.85,29.95,29.75,29.75,-0.35,28,1135350
108/10/02,20060,29.75,30.10,29.75,29.75,0.00,13,597900
108/10/03,16000,29.75,29.85,29.50,29.60,-0.15,16,474400
108/10/04,61000,29.50,29.50,29.20,29.50,-0.10,35,1791150
108/10/07,72025,29.65,29.65,28.55,28.70,-0.80,53,2083941
108/10/08,33000,28.70,28.80,28.45,28.55,-0.15,20,945750
108/10/09,68000,28.55,28.75,28.50,28.65,+0.10,26,1946200
108/10/14,328000,27.60,28.00,25.80,25.95,-2.70,206,8610600
108/10/15,119000,25.50,26.45,25.50,26.35,+0.40,66,3093250
108/10/16,56000,26.35,26.50,26.00,26.45,+0.10,29,1466550
108/10/17,39000,26.70,26.80,26.65,26.75,+0.30,28,1042400
108/10/18,29000,26.50,26.70,26.50,26.60,-0.15,13,772000
108/10/21,49000,27.50,27.85,27.40,27.45,+0.85,29,1345850
108/10/22,32000,27.50,27.85,27.50,27.55,+0.10,23,883550
108/10/23,29010,27.60,27.70,27.50,27.55,0.00,16,800825
108/10/24,65200,27.70,27.70,27.20,27.45,-0.10,24,1785090
108/10/25,30000,27.70,27.80,27.50,27.70,+0.25,26,830250
108/10/28,38000,27.70,27.80,27.55,27.55,-0.15,24,1051450
108/10/29,41000,27.90,27.90,27.15,27.15,-0.40,30,1117700
108/10/30,42003,27.15,27.40,26.80,27.40,+0.25,28,1139481
108/10/31,33000,27.40,27.50,26.95,27.20,-0.20,21,899950
108/11/01,5000,27.05,27.10,27.05,27.05,-0.15,4,135350
108/11/04,50000,27.00,27.00,26.50,26.80,-0.25,27,1338350
108/11/05,41033,26.80,26.80,26.10,26.30,-0.50,30,1083126
108/11/06,37070,26.30,27.00,26.30,26.60,+0.30,31,982933
108/11/07,8000,26.60,26.65,26.60,26.65,+0.05,7,213100
108/11/08,33000,26.70,27.00,26.50,27.00,+0.35,19,888650
108/11/11,17000,27.00,27.00,26.10,26.35,-0.65,12,450200
108/11/12,33000,25.95,26.45,25.95,26.00,-0.35,26,861450
108/11/13,11200,26.00,26.10,26.00,26.10,+0.10,11,291370
108/11/14,49000,25.85,26.00,25.50,25.60,-0.50,32,1262150
108/11/15,124384,24.90,25.80,24.90,25.80,+0.20,73,3124007
108/11/18,14000,26.60,26.60,26.00,26.00,+0.20,12,368150
108/11/19,14000,25.85,25.85,25.70,25.75,-0.25,9,361000
108/11/20,12130,25.50,25.75,25.50,25.75,0.00,11,309747
108/11/21,13000,25.50,25.60,25.45,25.60,-0.15,10,331750
108/11/22,36000,25.30,25.40,25.20,25.40,-0.20,19,910650
108/11/25,17000,25.00,25.70,25.00,25.70,+0.30,14,427550
108/11/26,10000,25.40,25.50,25.40,25.50,-0.20,8,254800
108/11/27,13000,25.50,25.50,25.20,25.45,-0.05,13,330050
108/11/28,51000,25.25,25.35,25.00,25.00,-0.45,38,1281550
108/11/29,65000,25.05,25.20,25.00,25.00,0.00,30,1625600
108/12/02,24300,25.00,25.00,24.50,24.80,-0.20,21,600340
108/12/03,26000,24.50,25.00,24.45,24.60,-0.20,18,641350
108/12/04,13000,24.60,25.05,24.60,25.00,+0.40,10,324300
108/12/05,32000,25.00,25.00,24.50,24.70,-0.30,22,789600
108/12/06,26000,25.05,25.05,24.85,25.00,+0.30,15,649000
108/12/09,49000,25.20,25.30,25.15,25.25,+0.25,32,1237700
108/12/10,21000,25.25,26.00,25.25,25.60,+0.35,14,541000
108/12/11,68000,26.80,26.80,26.10,26.50,+0.90,45,1797300
108/12/12,457198,27.00,29.15,27.00,28.35,+1.85,260,12990242
108/12/13,86000,28.35,29.00,27.30,27.75,-0.60,65,2431050
108/12/16,60000,26.75,27.10,26.70,26.95,-0.80,40,1611200
108/12/17,42000,26.80,27.00,26.70,26.70,-0.25,17,1127200
108/12/18,36000,27.15,27.15,26.10,26.70,0.00,31,959550
108/12/19,60000,28.90,28.90,26.85,27.20,+0.50,43,1649550
108/12/20,21000,27.30,27.30,27.00,27.05,-0.15,15,568100
108/12/23,7000,27.05,27.05,26.75,26.75,-0.30,6,188250
108/12/24,24000,27.00,28.00,27.00,27.15,+0.40,15,657000
108/12/25,13000,27.00,27.00,27.00,27.00,-0.15,9,351000
108/12/26,10000,27.00,27.00,27.00,27.00,0.00,5,270000
108/12/27,12000,27.00,27.15,27.00,27.00,0.00,8,324750
108/12/30,6000,26.70,26.70,26.60,26.65,-0.35,5,159850
108/12/31,5400,26.70,27.00,26.70,26.80,+0.15,6,144650
