﻿廣錠,	6441
日期,成交股數,開盤價,最高價,最低價,收盤價,漲跌價差,成交筆數,成交金額
107/06/01,7000,58.70,58.70,58.40,58.70,0.00,6,410400
107/06/04,44200,58.80,59.50,58.70,59.40,+0.70,32,2607640
107/06/05,17000,59.50,59.50,58.70,58.80,-0.60,14,1001700
107/06/06,18000,58.70,59.80,58.70,59.30,+0.50,14,1067000
107/06/07,35000,59.30,59.50,59.00,59.50,+0.20,26,2075100
107/06/08,24000,59.00,59.80,59.00,59.80,+0.30,19,1427700
107/06/11,148400,60.90,63.60,60.80,63.50,+3.70,130,9196400
107/06/12,83020,63.20,63.50,61.80,61.80,-1.70,71,5188958
107/06/13,295100,62.00,67.90,62.00,65.90,+4.10,213,19262820
107/06/14,164358,65.50,66.80,65.50,66.20,+0.30,120,10809090
107/06/15,208004,67.00,68.20,66.20,66.40,+0.20,149,14011762
107/06/19,51841,66.60,66.60,63.60,64.00,-2.40,42,3372818
107/06/20,24100,64.00,65.90,63.50,63.80,-0.20,23,1555180
107/06/21,100000,66.40,66.40,64.50,64.50,+0.70,58,6528800
107/06/22,16000,64.50,64.60,64.40,64.40,-0.10,12,1032000
107/06/25,22353,64.40,64.50,64.30,64.50,+0.10,22,1439554
107/06/26,15152,64.50,64.50,62.60,63.50,-1.00,16,959482
107/06/27,6000,63.60,63.70,63.60,63.60,+0.10,6,381700
107/06/28,7200,63.70,65.50,63.60,63.70,+0.10,8,463820
107/06/29,44560,63.70,63.70,63.00,63.30,-0.40,19,2810012
107/07/02,11099,63.30,63.30,62.80,63.20,-0.10,7,701917
107/07/03,51099,63.20,66.00,62.80,62.90,-0.30,29,3249227
107/07/04,38033,63.10,64.80,62.90,63.00,+0.10,28,2418362
107/07/05,18000,63.50,64.40,63.00,63.10,+0.10,18,1144900
107/07/06,22000,63.10,63.10,62.50,63.00,-0.10,14,1385100
107/07/09,10037,62.50,65.00,62.50,63.10,+0.10,10,635542
107/07/10,7100,63.10,63.30,63.10,63.30,+0.20,7,449230
107/07/11,8000,63.30,63.30,63.30,63.30,0.00,5,506400
107/07/12,14000,63.00,63.40,63.00,63.30,0.00,11,885300
107/07/13,9000,63.40,63.40,63.30,63.30,0.00,9,570100
107/07/16,17100,62.80,65.00,62.80,64.00,+0.70,16,1099009
107/07/17,10000,63.40,63.40,63.30,63.30,-0.70,9,633700
107/07/18,16000,63.40,64.40,63.20,63.30,0.00,14,1013900
107/07/19,7000,63.00,63.20,63.00,63.20,-0.10,6,441400
107/07/20,11020,63.20,64.00,63.20,64.00,+0.80,9,698068
107/07/23,5000,63.50,63.90,63.20,63.20,-0.80,5,317300
107/07/24,2000,63.50,63.50,63.50,63.50,+0.30,2,127000
107/07/25,9048,63.50,63.80,63.50,63.50,0.00,10,575076
107/07/26,7000,63.40,63.70,63.40,63.70,+0.20,7,444500
107/07/27,27000,63.20,64.20,63.00,64.10,+0.40,21,1713000
107/07/30,33000,64.10,64.10,63.20,63.50,-0.60,24,2092600
107/07/31,2006,63.10,63.10,63.10,63.10,-0.40,3,126579
107/08/01,24000,63.30,64.30,63.10,63.80,+0.70,18,1526200
107/08/02,73050,65.00,65.30,63.30,65.00,+1.20,55,4704180
107/08/03,42170,66.00,66.00,64.70,64.70,-0.30,31,2745001
107/08/06,18000,64.70,64.70,64.40,64.50,-0.20,9,1161400
107/08/07,6000,64.50,64.50,64.40,64.40,-0.10,5,386600
107/08/08,15000,64.40,64.40,64.20,64.20,-0.20,13,964400
107/08/09,21000,64.10,64.60,64.00,64.60,+0.40,17,1347400
107/08/10,21000,64.90,64.90,64.30,64.40,-0.20,11,1360700
107/08/13,128440,65.50,65.50,62.10,63.30,-1.10,97,8181816
107/08/14,50000,63.30,63.90,62.50,63.20,-0.10,32,3171500
107/08/15,98150,64.00,64.00,62.50,63.20,0.00,59,6180550
107/08/16,51020,63.20,64.30,63.20,64.10,+0.90,35,3258680
107/08/17,24000,64.10,64.30,64.00,64.10,0.00,15,1538200
107/08/20,22002,64.10,64.10,63.80,64.00,-0.10,15,1407429
107/08/21,44100,64.60,64.60,64.00,64.60,+0.60,33,2831400
107/08/22,89530,64.60,64.60,63.20,63.80,-0.80,80,5705985
107/08/23,39000,57.00,58.10,57.00,57.30,,36,2233300
107/08/24,29000,57.00,57.00,55.90,56.90,-0.40,20,1628200
107/08/27,8139,56.00,62.30,56.00,60.00,+3.10,9,478040
107/08/28,4000,56.80,57.50,56.80,57.50,-2.50,4,228600
107/08/29,5721,57.00,57.90,57.00,57.90,+0.40,7,327413
107/08/30,10000,57.90,58.00,57.10,58.00,+0.10,9,575400
107/08/31,13100,58.00,58.00,57.50,57.50,-0.50,13,757000
107/09/03,10000,58.50,58.50,57.00,57.00,-0.50,10,576000
107/09/04,19000,57.00,57.00,56.30,56.50,-0.50,14,1073600
107/09/05,27000,56.30,56.60,55.80,56.60,+0.10,18,1512500
107/09/06,5000,57.70,57.70,56.60,56.90,+0.30,5,285900
107/09/07,51301,55.60,57.00,55.00,55.30,-1.60,38,2855195
107/09/10,43000,54.70,54.70,51.90,52.00,-3.30,23,2250300
107/09/11,55100,51.00,51.00,47.75,48.00,-4.00,54,2695545
107/09/12,39100,48.30,52.70,48.30,51.80,+3.80,37,1989730
107/09/13,12300,52.20,53.00,52.20,53.00,+1.20,15,646200
107/09/14,24100,54.00,55.20,53.90,54.20,+1.20,24,1305920
107/09/17,5020,54.20,54.20,53.20,53.80,-0.40,6,268686
107/09/18,5000,53.00,53.90,53.00,53.90,+0.10,5,265900
107/09/19,5327,52.50,53.50,52.50,53.50,-0.40,6,281094
107/09/20,6078,52.90,54.80,52.80,52.80,-0.70,8,324518
107/09/21,4000,52.90,54.10,52.50,52.50,-0.30,4,212300
107/09/25,4000,51.00,52.50,51.00,52.50,0.00,4,207000
107/09/26,4000,52.50,52.50,52.50,52.50,0.00,4,210000
107/09/27,2150,52.00,52.00,52.00,52.00,-0.50,4,111875
107/09/28,12800,52.20,53.30,52.10,52.10,+0.10,30,668100
107/10/01,16553,51.00,52.20,50.10,52.20,+0.10,23,848266
107/10/02,20900,52.10,52.20,52.00,52.00,-0.20,14,1088770
107/10/03,24300,52.00,52.00,50.90,51.90,-0.10,16,1249700
107/10/04,19069,52.00,52.10,51.50,52.00,+0.10,15,991588
107/10/05,25050,52.00,52.30,50.30,50.60,-1.40,14,1292750
107/10/08,21850,52.00,52.00,50.50,50.50,-0.10,20,1112150
107/10/09,6050,50.70,51.90,50.70,51.90,+1.40,7,308170
107/10/11,105750,51.00,51.00,47.95,50.00,-1.90,59,5226200
107/10/12,38405,49.75,50.00,48.60,50.00,0.00,34,1907050
107/10/15,11300,50.00,50.00,49.55,50.00,0.00,6,564550
107/10/16,18600,50.00,50.50,50.00,50.10,+0.10,13,932560
107/10/17,18150,50.50,50.50,50.10,50.50,+0.40,11,915775
107/10/18,16566,50.00,50.50,49.95,50.50,0.00,20,831081
107/10/19,50000,50.00,50.50,49.85,50.50,0.00,22,2508300
107/10/22,34750,50.00,50.50,50.00,50.50,0.00,15,1744175
107/10/23,15000,50.00,50.50,49.70,50.00,-0.50,11,751400
107/10/24,5850,50.50,50.50,50.50,50.50,+0.50,6,295000
107/10/25,13500,49.75,50.50,49.50,49.50,-1.00,12,673600
107/10/26,18050,50.00,50.10,49.80,50.00,+0.50,15,902225
107/10/29,28250,49.50,49.55,49.00,49.50,-0.50,18,1393100
107/10/30,51650,49.50,49.80,48.50,49.50,0.00,23,2539950
107/10/31,14200,49.90,50.50,49.90,50.00,+0.50,14,712280
107/11/01,23050,50.00,50.50,50.00,50.10,+0.10,11,1158700
107/11/02,23000,50.10,50.50,50.00,50.00,-0.10,9,1156200
107/11/08,11000,50.30,51.00,50.00,50.50,+0.50,9,554900
107/11/09,6250,50.40,50.50,50.00,50.50,0.00,5,314525
107/11/12,28200,50.00,50.00,49.60,50.00,-0.50,11,1409500
107/11/16,6750,49.50,49.50,49.10,49.50,+0.50,7,332475
107/11/19,1350,50.00,50.00,50.00,50.00,+0.50,3,67342
107/11/20,1000,50.00,50.00,50.00,50.00,0.00,1,50000
107/11/21,6278,47.00,49.40,47.00,49.30,-0.70,8,300544
107/11/22,3050,49.30,49.30,49.30,49.30,0.00,4,150400
107/11/23,4250,48.00,48.50,48.00,48.50,-0.80,6,204700
107/11/26,14000,49.50,49.50,48.00,49.50,+1.00,10,689050
107/11/27,4210,48.25,48.25,48.00,48.20,-1.30,6,203044
107/11/28,15444,48.20,49.30,48.00,48.00,-0.20,16,745512
107/11/29,4000,48.00,48.10,48.00,48.10,+0.10,4,192200
107/11/30,8500,48.00,49.00,48.00,48.00,-0.10,10,409100
107/12/03,15400,48.00,48.00,48.00,48.00,0.00,18,739200
107/12/04,4003,47.25,48.00,47.25,48.00,0.00,4,190043
107/12/05,5800,47.50,48.50,47.20,47.60,-0.40,8,276480
107/12/06,10000,47.60,47.60,47.00,47.00,-0.60,9,473900
107/12/07,2050,48.50,48.50,47.10,47.10,+0.10,3,97930
107/12/10,6000,47.00,47.80,46.40,46.40,-0.70,6,281000
107/12/11,15100,46.40,46.50,46.40,46.50,+0.10,10,701470
107/12/12,5000,47.80,47.80,47.45,47.45,+0.95,5,237950
107/12/13,12000,47.40,47.40,46.10,46.55,-0.90,9,560250
107/12/14,8268,47.00,47.00,46.60,46.60,+0.05,13,386187
107/12/17,6000,47.05,47.05,45.15,45.15,-1.45,6,276200
107/12/18,3503,47.20,47.20,46.50,46.50,+1.35,5,164289
107/12/19,10272,46.50,47.20,45.30,45.30,-1.20,12,476947
107/12/20,19050,45.30,45.95,45.00,45.10,-0.20,17,860457
107/12/21,2003,46.50,46.50,46.50,46.50,+1.40,3,93138
107/12/22,0,---,---,---,---,---,0,0
107/12/24,2000,46.65,46.65,46.60,46.60,+0.10,2,93250
107/12/25,7150,45.80,45.80,45.00,45.00,-1.60,6,324270
107/12/26,3105,45.00,45.80,45.00,45.80,+0.80,5,140555
107/12/27,1389,45.80,45.80,45.80,45.80,0.00,3,63615
107/12/28,1000,45.80,45.80,45.80,45.80,0.00,1,45800
108/01/02,7250,46.00,46.00,45.00,45.00,-0.80,9,327450
108/01/03,1050,45.90,45.90,45.90,45.90,+0.90,3,48190
108/01/04,2,---,---,---,---,---,1,91
108/01/07,1000,46.70,46.70,46.70,46.70,+0.90,1,46700
108/01/08,9500,44.60,44.60,44.50,44.50,-2.20,12,422850
108/01/09,5073,45.75,45.75,44.80,45.10,+0.60,7,229142
108/01/10,5,---,---,---,---,---,1,219
108/01/11,2145,44.50,44.50,44.50,44.50,-0.40,4,95451
108/01/14,20793,44.00,44.00,42.50,42.55,-1.95,19,893950
108/01/15,20200,42.00,42.00,41.65,41.65,-0.90,18,844339
108/01/16,209,---,---,---,---,---,2,8778
108/01/17,51818,42.70,42.70,39.90,40.20,-1.30,52,2091470
108/01/18,9150,41.40,41.40,40.30,40.30,+0.10,10,372905
108/01/21,3301,40.30,40.30,40.30,40.30,0.00,7,133029
108/01/22,10180,41.00,41.00,40.50,40.50,+0.20,14,414824
108/01/23,9236,41.50,41.50,41.25,41.25,+0.75,14,382876
108/01/28,15020,45.40,46.00,45.00,45.00,-0.40,16,682946
108/01/29,9350,46.00,46.00,43.95,44.50,-0.50,10,417534
108/01/30,26921,44.35,45.05,43.50,45.00,+0.50,26,1197571
