﻿弘煜科,	6482
日期,成交股數,開盤價,最高價,最低價,收盤價,漲跌價差,成交筆數,成交金額
107/06/01,0,---,---,---,---,---,0,0
107/06/04,5000,33.80,33.80,31.85,33.00,+1.15,5,162550
107/06/05,13978,33.65,33.65,30.70,32.90,-0.10,12,448432
107/06/06,4000,31.35,32.45,31.35,32.45,-0.45,3,126800
107/06/07,4000,33.85,33.85,32.00,33.15,+0.70,4,131100
107/06/08,18951,32.00,32.90,31.30,32.70,-0.45,17,609112
107/06/11,0,---,---,---,---,---,0,0
107/06/12,3000,31.50,31.90,31.50,31.75,-0.20,3,95150
107/06/13,4297,32.00,32.35,32.00,32.35,+0.60,5,137954
107/06/14,4073,31.95,32.10,31.95,32.10,-0.25,6,130170
107/06/15,5000,32.00,32.55,32.00,32.55,+0.45,5,161400
107/06/19,6000,32.00,32.05,31.95,32.05,-0.50,6,191950
107/06/20,14000,32.00,32.35,32.00,32.35,+0.30,12,450300
107/06/21,4145,32.00,32.40,32.00,32.40,+0.05,5,133254
107/06/22,11008,32.00,32.55,32.00,32.55,+0.15,11,355312
107/06/25,10595,32.10,32.75,31.70,32.75,+0.20,10,341478
107/06/26,6000,32.00,32.55,31.55,32.55,-0.20,6,192700
107/06/27,6000,32.00,32.35,31.25,32.35,-0.20,6,192000
107/06/28,7000,32.00,32.50,31.65,32.50,+0.15,7,224750
107/06/29,5000,32.00,32.00,32.00,32.00,-0.50,2,160000
107/07/02,6000,31.90,32.25,31.90,32.25,+0.25,6,192350
107/07/03,4000,32.00,32.35,32.00,32.35,+0.10,4,128550
107/07/04,3000,32.00,32.40,32.00,32.40,+0.05,3,96500
107/07/05,0,---,---,---,---,---,0,0
107/07/06,5005,31.55,32.15,31.55,32.15,-0.05,5,158510
107/07/09,3000,32.15,32.15,31.80,32.10,-0.05,3,96050
107/07/10,5000,31.75,32.15,31.55,31.55,-0.55,5,158950
107/07/11,7000,32.15,32.15,31.40,32.15,+0.60,7,222700
107/07/12,0,---,---,---,---,---,0,0
107/07/13,1000,32.15,32.15,32.15,32.15,+0.15,1,32150
107/07/16,5000,31.25,32.10,31.25,32.10,-0.05,5,157100
107/07/17,0,---,---,---,---,---,0,0
107/07/18,1007,31.65,31.65,31.65,31.65,-0.45,2,31869
107/07/19,4000,31.80,32.00,31.80,32.00,+0.35,3,127400
107/07/20,2000,31.30,32.10,31.30,32.10,+0.10,2,63400
107/07/23,95,---,---,---,---,---,1,2783
107/07/24,2095,31.30,32.10,31.30,32.10,0.00,3,66421
107/07/25,0,---,---,---,---,---,0,0
107/07/26,0,---,---,---,---,---,0,0
107/07/27,2000,31.95,32.15,31.95,32.15,+0.05,2,64100
107/07/30,0,---,---,---,---,---,0,0
107/07/31,0,---,---,---,---,---,0,0
107/08/01,225,---,---,---,---,---,2,6569
107/08/02,6335,32.00,32.15,32.00,32.15,0.00,7,203252
107/08/03,5000,32.20,32.35,32.20,32.25,+0.10,4,161300
107/08/06,2000,32.00,32.15,32.00,32.15,-0.10,2,64150
107/08/07,13000,32.00,32.35,32.00,32.25,+0.10,10,417800
107/08/08,6227,32.20,32.25,32.20,32.25,0.00,7,200690
107/08/09,3000,32.00,32.05,31.70,32.05,-0.20,3,95750
107/08/10,4000,32.00,32.00,32.00,32.00,-0.05,4,128000
107/08/13,0,---,---,---,---,---,0,0
107/08/14,2118,31.00,32.00,31.00,32.00,0.00,3,66740
107/08/15,0,---,---,---,---,---,0,0
107/08/16,0,---,---,---,---,---,0,0
107/08/17,0,---,---,---,---,---,0,0
107/08/20,0,---,---,---,---,---,0,0
107/08/21,5,---,---,---,---,---,1,159
107/08/22,0,---,---,---,---,---,0,0
107/08/23,3000,31.90,31.95,31.90,31.95,+0.05,3,95800
107/08/24,1194,31.45,31.45,31.45,31.45,-0.50,2,37483
107/08/27,2496,31.95,31.95,31.95,31.95,+0.50,3,79573
107/08/28,2000,31.95,32.00,31.95,32.00,+0.05,2,63950
107/08/29,4291,31.95,32.35,31.95,32.35,+0.35,5,137812
107/08/30,0,---,---,---,---,---,0,0
107/08/31,100,---,---,---,---,---,1,3200
107/09/03,0,---,---,---,---,---,0,0
107/09/04,6150,29.05,30.00,29.05,30.00,,7,182600
107/09/05,1000,30.75,30.75,30.75,30.75,+0.75,1,30750
107/09/06,0,---,---,---,---,---,0,0
107/09/07,6000,30.85,30.85,28.60,30.60,+0.15,5,177650
107/09/10,0,---,---,---,---,---,0,0
107/09/11,0,---,---,---,---,---,0,0
107/09/12,2000,29.70,29.70,28.50,28.50,-1.40,2,58200
107/09/13,3535,28.50,29.40,28.50,29.40,+0.90,3,101968
107/09/14,0,---,---,---,---,---,0,0
107/09/17,8000,29.30,29.30,28.50,28.95,0.00,7,231350
107/09/18,0,---,---,---,---,---,0,0
107/09/19,0,---,---,---,---,---,0,0
107/09/20,1291,30.75,30.75,30.75,30.75,+1.80,2,39596
107/09/21,194,---,---,---,---,---,1,5373
107/09/25,6194,28.00,30.30,28.00,30.30,0.00,6,181320
107/09/26,0,---,---,---,---,---,0,0
107/09/27,1000,30.75,30.75,30.75,30.75,+0.80,1,30750
107/09/28,1000,30.30,30.30,30.30,30.30,-0.45,1,30300
107/10/01,0,---,---,---,---,---,0,0
107/10/02,0,---,---,---,---,---,0,0
107/10/03,10000,28.15,29.80,28.15,29.55,-0.35,10,289550
107/10/04,0,---,---,---,---,---,0,0
107/10/05,151,---,---,---,---,---,1,4009
107/10/08,4199,28.80,28.95,28.80,28.95,+0.05,6,121061
107/10/09,1400,29.40,29.40,29.40,29.40,+0.45,3,41160
107/10/11,16000,26.65,28.75,26.60,28.40,-1.00,14,437500
107/10/12,100,---,---,---,---,---,1,2820
107/10/15,7000,28.85,28.85,26.90,28.00,0.00,5,193700
107/10/16,2268,28.00,28.55,28.00,28.55,+0.55,3,64134
107/10/17,0,---,---,---,---,---,0,0
107/10/18,9000,27.00,28.90,27.00,28.55,+0.55,8,249750
107/10/19,0,---,---,---,---,---,0,0
107/10/22,0,---,---,---,---,---,0,0
107/10/23,2200,29.75,29.75,29.35,29.35,+1.45,3,64920
107/10/24,0,---,---,---,---,---,0,0
107/10/25,100,---,---,---,---,---,1,2660
107/10/26,7000,29.20,29.20,27.10,27.50,-1.25,7,194750
107/10/29,9100,27.00,27.90,26.80,27.90,+0.40,9,247410
107/10/30,4000,27.75,28.50,27.75,28.50,+0.60,4,111800
107/10/31,7639,28.50,28.50,27.30,28.45,-0.05,6,212269
107/11/01,6521,28.45,28.45,27.65,28.40,-0.05,7,183490
107/11/02,1535,30.00,30.00,30.00,30.00,+1.60,3,45889
107/11/08,0,---,---,---,---,---,0,0
107/11/09,6535,28.05,29.85,28.05,29.85,+0.95,6,188300
107/11/12,0,---,---,---,---,---,0,0
107/11/16,0,---,---,---,---,---,0,0
107/11/19,0,---,---,---,---,---,0,0
107/11/20,0,---,---,---,---,---,0,0
107/11/21,0,---,---,---,---,---,0,0
107/11/22,0,---,---,---,---,---,0,0
107/11/23,0,---,---,---,---,---,0,0
107/11/26,3000,27.10,28.80,27.10,28.80,+0.45,3,83850
107/11/27,0,---,---,---,---,---,0,0
107/11/28,0,---,---,---,---,---,0,0
107/11/29,1311,29.65,29.65,29.65,29.65,+0.90,3,38793
107/11/30,17150,28.00,29.90,28.00,29.75,+0.10,15,494925
107/12/03,0,---,---,---,---,---,0,0
107/12/04,0,---,---,---,---,---,0,0
107/12/05,6000,27.25,29.65,27.25,28.75,-0.20,6,170700
107/12/06,0,---,---,---,---,---,0,0
107/12/07,0,---,---,---,---,---,0,0
107/12/10,0,---,---,---,---,---,0,0
107/12/11,0,---,---,---,---,---,0,0
107/12/12,3525,29.85,29.85,28.05,28.90,+0.45,5,101814
107/12/13,3500,29.35,29.35,28.35,29.20,+0.30,4,101350
107/12/14,0,---,---,---,---,---,0,0
107/12/17,104,---,---,---,---,---,1,2995
107/12/18,41,---,---,---,---,---,1,1174
107/12/19,1208,29.10,29.10,29.10,29.10,+0.50,2,35090
107/12/20,1000,28.50,28.50,28.50,28.50,-0.60,1,28500
107/12/21,0,---,---,---,---,---,0,0
107/12/22,0,---,---,---,---,---,0,0
107/12/24,0,---,---,---,---,---,0,0
107/12/25,0,---,---,---,---,---,0,0
107/12/26,0,---,---,---,---,---,0,0
107/12/27,0,---,---,---,---,---,0,0
107/12/28,20,---,---,---,---,---,1,506
108/01/02,5442,26.55,28.30,26.55,28.30,+0.50,8,148226
108/01/03,0,---,---,---,---,---,0,0
108/01/04,0,---,---,---,---,---,0,0
108/01/07,1003,27.05,27.05,27.05,27.05,-0.85,2,27131
108/01/08,3300,27.40,27.85,27.40,27.85,+0.80,4,90690
108/01/09,11000,27.40,28.35,27.40,28.35,+0.50,7,303450
108/01/10,2000,28.00,28.25,28.00,28.25,-0.10,2,56250
108/01/11,2000,27.10,27.85,27.10,27.85,-0.40,2,54950
108/01/14,0,---,---,---,---,---,0,0
108/01/15,1317,28.35,28.35,28.35,28.35,+0.55,2,36877
108/01/16,35,---,---,---,---,---,1,992
108/01/17,0,---,---,---,---,---,0,0
108/01/18,0,---,---,---,---,---,0,0
108/01/21,0,---,---,---,---,---,0,0
108/01/22,0,---,---,---,---,---,0,0
108/01/23,0,---,---,---,---,---,0,0
108/01/28,6000,27.00,28.20,26.65,28.20,-0.10,5,163600
108/01/29,0,---,---,---,---,---,0,0
108/01/30,5000,28.40,28.40,28.00,28.40,+0.40,5,140900
108/02/11,0,---,---,---,---,---,0,0
108/02/12,1823,28.45,28.45,28.45,28.45,+0.05,4,50671
108/02/13,3161,28.45,28.45,28.05,28.05,-0.40,4,89458
108/02/14,1000,28.40,28.40,28.40,28.40,+0.35,1,28400
108/02/15,152,---,---,---,---,---,1,4180
108/02/18,16000,27.50,28.40,27.50,28.00,-0.40,14,445800
108/02/19,30108,27.50,28.85,27.50,28.35,+0.35,29,842856
108/02/20,26104,27.60,28.80,27.60,28.80,+0.45,16,731825
108/02/21,7000,27.50,28.75,27.50,28.50,-0.30,5,196150
108/02/22,29103,28.50,29.35,28.50,29.15,+0.65,18,841752
108/02/25,20007,29.00,29.45,27.60,29.05,-0.10,21,566951
108/02/26,27000,28.00,28.40,27.60,28.40,-0.65,15,748000
108/02/27,9000,29.40,29.40,28.00,28.65,+0.25,8,257150
108/03/04,5236,28.90,28.90,28.65,28.75,+0.10,5,150192
108/03/05,2892,28.85,28.85,28.75,28.75,0.00,6,83243
108/03/06,0,---,---,---,---,---,0,0
108/03/07,5000,28.90,28.90,27.45,28.65,-0.05,5,140850
108/03/08,1000,28.80,28.80,28.80,28.80,+0.15,1,28800
108/03/11,2000,28.80,28.80,28.80,28.80,0.00,2,57600
108/03/12,5104,27.30,28.60,27.30,28.60,-0.20,4,141128
108/03/13,256,---,---,---,---,---,1,7040
108/03/14,4000,27.95,28.25,27.95,28.25,+0.05,3,112400
108/03/15,1000,28.45,28.45,28.45,28.45,+0.20,1,28450
108/03/18,0,---,---,---,---,---,0,0
108/03/19,28484,27.55,28.25,27.45,28.25,-0.05,13,787135
108/03/20,1000,28.45,28.45,28.45,28.45,+0.20,1,28450
108/03/21,0,---,---,---,---,---,0,0
108/03/22,1355,28.30,28.30,28.30,28.30,+0.25,2,37938
108/03/25,2355,27.55,28.15,27.55,28.15,-0.15,3,65480
108/03/26,8844,27.55,28.25,27.55,28.25,+0.10,11,244772
108/03/27,0,---,---,---,---,---,0,0
108/03/28,200,---,---,---,---,---,1,5570
108/03/29,11000,27.25,28.10,27.10,28.10,+0.05,7,302100
108/04/01,7000,28.45,28.45,28.10,28.15,+0.05,4,197200
108/04/02,2000,28.15,28.65,28.15,28.65,+0.50,2,56800
108/04/03,9000,27.30,28.45,27.30,28.45,-0.20,8,248600
108/04/08,3790,28.50,28.50,27.70,28.20,-0.25,7,106083
108/04/09,3000,27.55,28.00,27.55,28.00,-0.20,2,83100
108/04/10,2000,28.45,28.45,28.30,28.30,+0.30,2,56750
108/04/11,0,---,---,---,---,---,0,0
108/04/12,11446,27.60,28.25,27.60,28.25,-0.05,8,318638
108/04/15,12000,27.40,27.95,27.30,27.95,-0.30,7,328550
108/04/16,9000,27.75,27.90,27.35,27.85,-0.10,5,249450
108/04/17,5313,27.65,27.90,27.50,27.90,+0.05,7,147369
108/04/18,1297,28.45,28.45,28.45,28.45,+0.55,5,36838
108/04/19,1000,28.70,28.70,28.70,28.70,+0.25,1,28700
108/04/22,5000,28.80,28.80,27.50,28.50,-0.20,4,140500
108/04/23,11000,27.40,27.95,27.35,27.95,-0.55,7,303450
108/04/24,5313,28.75,28.75,27.50,28.20,+0.25,6,148214
108/04/25,3000,27.55,28.10,27.55,28.10,-0.10,2,83200
108/04/26,2000,28.20,28.40,28.20,28.40,+0.30,2,56600
108/04/29,0,---,---,---,---,---,0,0
108/04/30,6000,28.50,28.50,28.00,28.30,0.00,6,169400
108/05/02,0,---,---,---,---,---,0,0
108/05/03,4637,28.65,28.65,27.65,27.65,-0.60,6,130281
108/05/06,4626,28.70,28.70,28.10,28.20,+0.55,4,130728
108/05/07,6104,27.25,28.10,27.20,27.60,-0.60,5,167799
108/05/08,3100,27.60,28.45,27.60,28.10,+0.50,4,86940
108/05/09,1000,28.35,28.35,28.35,28.35,+0.25,1,28350
108/05/10,0,---,---,---,---,---,0,0
108/05/13,2000,27.10,27.10,27.10,27.10,-0.90,2,54200
108/05/14,3313,28.25,28.25,27.25,28.00,+0.90,4,92201
108/05/15,1000,28.15,28.15,28.15,28.15,+0.15,1,28150
108/05/16,5708,28.10,28.10,27.50,27.95,-0.20,6,158196
108/05/17,7200,27.95,27.95,27.90,27.90,-0.05,4,200930
108/05/20,3000,27.30,27.75,27.30,27.75,-0.15,3,82350
108/05/21,1000,27.85,27.85,27.85,27.85,+0.10,1,27850
108/05/22,0,---,---,---,---,---,0,0
108/05/23,0,---,---,---,---,---,0,0
108/05/24,11000,27.00,27.75,27.00,27.75,-0.05,8,299450
108/05/27,0,---,---,---,---,---,0,0
108/05/28,234,---,---,---,---,---,1,6318
108/05/29,0,---,---,---,---,---,0,0
108/05/30,0,---,---,---,---,---,0,0
108/05/31,5088,27.05,27.05,27.05,27.05,-0.65,4,137511
108/06/03,4000,27.00,28.10,27.00,28.10,+1.05,3,109500
108/06/04,9000,27.10,28.00,27.10,28.00,-0.10,7,248800
108/06/05,39000,28.45,28.45,28.00,28.15,+0.15,28,1097400
108/06/06,5000,28.10,28.10,27.40,27.90,-0.25,4,138200
108/06/10,7,---,---,---,---,---,2,194
108/06/11,9320,27.05,27.10,27.00,27.05,-0.55,8,251672
108/06/12,4000,28.30,28.30,27.05,27.85,+0.80,3,110250
108/06/13,24266,27.15,28.20,27.05,27.30,-0.55,15,659645
108/06/14,34009,27.30,27.95,27.00,27.55,+0.25,19,931436
108/06/17,2000,27.95,27.95,27.95,27.95,+0.40,2,55900
108/06/18,11000,27.15,27.60,27.05,27.60,-0.35,9,298650
108/06/19,2430,27.85,27.85,27.85,27.85,+0.25,4,67095
108/06/20,0,---,---,---,---,---,0,0
108/06/21,2000,27.10,27.55,27.10,27.55,-0.05,2,54650
108/06/24,4000,27.20,27.85,27.20,27.85,+0.30,4,110200
108/06/25,0,---,---,---,---,---,0,0
108/06/26,0,---,---,---,---,---,0,0
108/06/27,2181,27.45,27.55,27.45,27.55,-0.05,5,59967
108/06/28,7010,27.10,27.50,27.10,27.50,-0.05,8,191123
108/07/01,7000,27.05,27.75,27.05,27.75,+0.25,6,191250
108/07/02,2000,27.05,27.50,27.05,27.50,-0.25,2,54550
108/07/03,4000,27.80,27.80,27.10,27.55,+0.05,3,109550
108/07/04,0,---,---,---,---,---,0,0
108/07/05,4000,27.10,27.50,27.10,27.50,0.00,3,109100
108/07/08,0,---,---,---,---,---,0,0
108/07/09,2000,27.45,27.60,27.45,27.60,+0.15,2,55050
108/07/10,0,---,---,---,---,---,0,0
108/07/11,87323,27.85,30.25,27.85,29.65,+2.15,54,2556405
108/07/12,14317,29.50,29.50,28.40,28.95,-0.70,16,411784
108/07/15,2000,28.30,28.80,28.30,28.80,-0.15,2,57100
108/07/16,3000,29.70,29.70,28.45,28.75,-0.05,3,86900
108/07/17,1369,29.90,29.90,29.90,29.90,+1.15,3,40416
108/07/18,0,---,---,---,---,---,0,0
108/07/19,11000,28.30,28.90,28.30,28.90,-0.20,9,313450
108/07/22,5300,28.35,28.75,28.30,28.75,-0.15,5,150695
108/07/23,6000,28.40,29.20,28.30,29.20,+0.45,4,170950
108/07/24,2313,28.05,28.70,28.05,28.70,-0.50,4,65294
108/07/25,1000,28.10,28.10,28.10,28.10,-0.60,1,28100
108/07/26,4000,28.10,29.05,28.10,28.80,+0.70,4,114700
108/07/29,37000,28.80,29.35,28.75,29.05,+0.25,29,1074250
108/07/30,24360,29.35,29.90,28.60,29.40,+0.35,24,717797
108/07/31,44446,30.70,30.70,29.85,29.90,+0.50,29,1334894
