﻿生華科,	6492
日期,成交股數,開盤價,最高價,最低價,收盤價,漲跌價差,成交筆數,成交金額
107/06/01,282000,89.10,95.90,87.30,91.90,+2.10,253,25933000
107/06/04,194000,92.00,92.70,91.00,91.70,-0.20,154,17814900
107/06/05,121300,92.80,92.80,90.00,90.00,-1.70,101,11052550
107/06/06,125180,90.50,90.50,87.50,87.70,-2.30,117,11121340
107/06/07,105000,87.70,88.90,86.60,86.60,-1.10,94,9202100
107/06/08,104000,87.80,87.80,85.00,85.20,-1.40,98,8893300
107/06/11,66100,85.50,86.60,85.50,85.90,+0.70,57,5698460
107/06/12,96000,86.00,87.20,85.50,85.80,-0.10,84,8243200
107/06/13,75000,86.80,87.20,86.00,86.00,+0.20,66,6496800
107/06/14,100700,86.20,86.20,84.30,84.60,-1.40,85,8586100
107/06/15,73000,84.30,85.90,83.60,84.00,-0.60,63,6162300
107/06/19,88000,84.90,84.90,82.20,83.00,-1.00,81,7319700
107/06/20,58165,83.00,83.00,81.60,82.00,-1.00,54,4781730
107/06/21,71250,82.80,84.00,82.10,83.60,+1.60,61,5922500
107/06/22,81000,83.10,83.90,82.70,82.70,-0.90,74,6739900
107/06/25,61500,83.10,83.30,82.30,82.30,-0.40,53,5090900
107/06/26,59000,82.00,82.20,81.00,81.50,-0.80,56,4815800
107/06/27,55000,81.60,82.20,80.70,81.60,+0.10,53,4476500
107/06/28,93250,80.70,81.50,80.10,80.20,-1.40,73,7517425
107/06/29,36000,80.50,81.40,80.50,80.70,+0.50,31,2910400
107/07/02,34300,81.90,82.00,80.90,81.00,+0.30,35,2790300
107/07/03,67000,81.00,81.90,79.20,79.40,-1.60,59,5382500
107/07/04,73700,80.00,80.00,77.50,77.50,-1.90,64,5773549
107/07/05,84000,77.50,77.60,74.30,74.30,-3.20,67,6375400
107/07/06,72450,74.30,74.30,72.00,73.40,-0.90,69,5287720
107/07/09,116000,75.60,78.00,74.60,77.10,+3.70,74,8837100
107/07/10,56250,77.30,77.30,74.30,75.00,-2.10,56,4250250
107/07/11,67000,74.00,76.30,73.00,74.80,-0.20,62,4985000
107/07/12,103200,75.00,79.80,75.00,77.60,+2.80,95,8005360
107/07/13,84000,78.00,80.00,77.70,78.30,+0.70,73,6605500
107/07/16,92115,78.30,82.90,78.30,80.30,+2.00,78,7424384
107/07/17,47500,80.30,80.30,79.00,79.10,-1.20,44,3773250
107/07/18,50350,80.30,81.80,77.50,78.50,-0.60,35,3962795
107/07/19,22000,78.50,79.00,78.00,78.00,-0.50,21,1723600
107/07/20,29000,78.00,78.70,77.00,77.00,-1.00,24,2242800
107/07/23,37000,77.40,78.00,75.20,76.40,-0.60,33,2841900
107/07/24,29000,76.70,78.00,76.30,77.50,+1.10,22,2242200
107/07/25,16000,77.70,78.50,77.00,77.00,-0.50,16,1239500
107/07/26,19550,77.00,77.90,77.00,77.80,+0.80,20,1510950
107/07/27,34010,76.70,78.30,76.70,77.80,0.00,23,2635270
107/07/30,58000,78.20,78.20,75.50,76.30,-1.50,40,4430800
107/07/31,50000,75.60,76.60,74.70,75.60,-0.70,48,3771800
107/08/01,48550,75.00,76.00,74.40,75.50,-0.10,39,3656785
107/08/02,79100,74.60,74.60,73.00,73.00,-2.50,69,5841870
107/08/03,44000,73.00,73.10,72.60,72.90,-0.10,41,3204900
107/08/06,38000,72.90,74.10,72.90,73.10,+0.20,37,2786400
107/08/07,33079,73.00,73.00,71.00,72.00,-1.10,33,2394351
107/08/08,54000,72.40,72.40,70.80,70.80,-1.20,54,3850200
107/08/09,55250,70.80,71.60,70.00,70.90,+0.10,41,3904250
107/08/10,55000,70.90,71.00,70.00,70.00,-0.90,36,3861800
107/08/13,96000,66.40,70.00,66.40,67.80,-2.20,74,6484200
107/08/14,44300,66.70,67.80,66.70,66.90,-0.90,40,2972850
107/08/15,65050,67.00,70.00,66.70,66.90,0.00,42,4380745
107/08/16,49348,65.80,67.10,65.80,67.00,+0.10,32,3269572
107/08/17,27000,68.00,68.30,67.50,67.50,+0.50,26,1831800
107/08/20,34000,67.50,68.80,67.40,67.50,0.00,15,2299200
107/08/21,17000,67.50,69.00,67.50,67.60,+0.10,16,1154500
107/08/22,23050,67.70,68.00,67.70,67.80,+0.20,22,1564900
107/08/23,24418,67.50,67.80,67.30,67.30,-0.50,24,1647324
107/08/24,24000,67.30,67.70,67.00,67.00,-0.30,24,1613700
107/08/27,41000,67.70,70.00,67.10,69.30,+2.30,33,2796700
107/08/28,34000,69.50,69.90,68.20,68.30,-1.00,31,2345700
107/08/29,18000,68.10,69.20,68.00,68.00,-0.30,14,1227200
107/08/30,24000,68.10,68.60,68.00,68.00,0.00,19,1636700
107/08/31,30000,67.60,69.20,67.50,68.50,+0.50,28,2046700
107/09/03,125000,69.00,75.30,69.00,73.90,+5.40,118,9247300
107/09/04,88075,72.70,76.40,72.70,74.50,+0.60,87,6560600
107/09/05,61020,74.60,75.70,70.70,70.70,-3.80,59,4431380
107/09/06,48000,70.50,72.00,69.80,70.00,-0.70,37,3385000
107/09/07,34000,69.50,71.00,68.10,69.10,-0.90,27,2361400
107/09/10,20080,69.00,70.80,68.00,69.10,0.00,21,1381020
107/09/11,18000,69.00,70.00,68.00,69.10,0.00,15,1242600
107/09/12,16000,68.20,69.60,68.00,69.60,+0.50,14,1105000
107/09/13,139030,69.20,76.40,69.20,75.00,+5.40,133,10412165
107/09/14,73000,74.60,74.60,71.30,71.80,-3.20,72,5299100
107/09/17,19000,73.20,73.20,71.00,71.10,-0.70,19,1356600
107/09/18,52000,70.20,70.40,69.30,70.40,-0.70,47,3638000
107/09/19,23020,69.30,70.50,69.30,70.30,-0.10,23,1607420
107/09/20,34050,70.50,70.90,69.50,69.50,-0.80,32,2385260
107/09/21,44060,71.00,71.50,69.90,69.90,+0.40,39,3095650
107/09/25,36118,69.20,69.80,68.50,69.60,-0.30,31,2499624
107/09/26,25000,69.60,70.50,69.50,70.00,+0.40,21,1746300
107/09/27,55300,70.00,70.50,69.60,70.00,0.00,42,3865450
107/09/28,22000,70.00,71.00,70.00,70.20,+0.20,22,1549600
107/10/01,49100,69.80,71.20,69.20,71.00,+0.80,46,3474350
107/10/02,364380,71.00,78.10,71.00,78.10,+7.10,260,27994877
107/10/03,908699,85.10,85.90,82.30,85.90,+7.80,674,77028339
107/10/04,474362,85.00,85.00,80.00,83.60,-2.30,427,39484780
107/10/05,371310,81.80,87.00,81.80,82.80,-0.80,338,31127220
107/10/08,342169,82.80,83.80,75.70,76.50,-6.30,285,26850828
107/10/09,290150,75.50,76.00,69.40,70.40,-6.10,259,21096389
107/10/11,247227,65.00,66.90,64.00,65.10,-5.30,196,16108312
107/10/12,120647,64.20,67.30,64.20,66.40,+1.30,118,8001649
107/10/15,94000,66.40,67.90,65.00,67.70,+1.30,88,6202100
107/10/16,84000,67.70,70.00,67.70,67.80,+0.10,81,5751600
107/10/17,59010,68.10,68.70,66.50,66.60,-1.20,56,3976980
107/10/18,41000,66.60,68.80,66.50,67.20,+0.60,39,2756300
107/10/19,45000,65.40,67.90,65.40,66.80,-0.40,36,3018400
107/10/22,57000,66.80,69.70,66.60,69.00,+2.20,48,3898400
107/10/23,296020,69.00,69.00,67.40,68.40,-0.60,50,20240767
107/10/24,46004,70.00,70.00,68.90,69.00,+0.60,43,3184376
107/10/25,63003,66.10,68.80,66.10,66.20,-2.80,62,4230027
107/10/26,139000,67.20,68.90,67.00,67.40,+1.20,89,9417500
107/10/29,48000,68.30,68.30,65.40,66.20,-1.20,42,3174300
107/10/30,41000,66.10,67.20,65.80,67.20,+1.00,38,2720700
107/10/31,59050,68.00,70.00,67.00,68.50,+1.30,46,4025890
107/11/01,41200,69.00,69.40,68.50,68.60,+0.10,38,2837200
107/11/02,144002,74.90,75.20,71.00,72.00,+3.40,132,10497244
107/11/08,45000,67.80,68.40,66.50,66.60,-1.20,43,3028600
107/11/09,32000,66.50,68.00,66.10,67.50,+0.90,25,2140700
107/11/12,27102,67.50,68.50,66.50,67.80,+0.30,28,1825743
107/11/16,47183,69.60,70.00,69.00,69.20,-0.30,41,3275227
107/11/19,53000,68.00,70.20,68.00,69.20,0.00,45,3688500
107/11/20,41000,69.00,72.00,69.00,69.50,+0.30,38,2881000
107/11/21,37000,69.50,71.90,69.50,69.60,+0.10,35,2605400
107/11/22,40000,71.30,71.30,69.90,69.90,+0.30,38,2811500
107/11/23,43140,70.10,70.90,69.90,69.90,0.00,39,3030500
107/11/26,45000,69.70,71.00,69.70,70.80,+0.90,41,3151600
107/11/27,32030,70.00,70.80,70.00,70.00,-0.80,33,2251521
107/11/28,56000,70.50,72.90,70.00,70.60,+0.60,48,3990600
107/11/29,160000,70.60,74.60,70.60,74.50,+3.90,140,11717200
107/11/30,76300,74.40,74.40,71.40,72.40,-2.10,73,5556409
107/12/03,60000,73.90,73.90,72.60,73.60,+1.20,54,4390400
107/12/04,288004,73.80,80.90,73.80,80.90,+7.30,233,22904323
107/12/05,165019,78.80,81.50,78.20,78.40,-2.50,140,13121582
107/12/06,139004,79.80,79.80,73.20,74.40,-4.00,121,10521298
107/12/07,104003,74.60,77.20,74.60,75.90,+1.50,93,7931829
107/12/10,374400,80.00,80.00,76.10,77.20,+1.30,310,29266060
107/12/11,139200,77.20,77.20,72.00,73.10,-4.10,133,10233819
107/12/12,76200,72.50,73.80,72.50,73.80,+0.70,71,5558480
107/12/13,40050,72.80,74.10,72.60,72.70,-1.10,38,2925269
107/12/14,40100,72.50,73.10,72.00,72.20,-0.50,37,2904070
107/12/17,29089,72.00,72.60,71.80,71.80,-0.40,30,2098072
107/12/18,49151,71.80,72.30,70.20,70.40,-1.40,49,3500700
107/12/19,33000,70.80,71.80,70.40,70.40,0.00,26,2343100
107/12/20,31000,69.50,70.90,69.00,70.30,-0.10,31,2165400
107/12/21,30050,70.20,70.20,69.40,69.80,-0.50,30,2100520
107/12/22,11000,69.80,70.90,69.60,70.10,+0.30,11,771000
107/12/24,25000,70.50,71.50,70.50,70.90,+0.80,23,1776900
107/12/25,10000,70.00,70.90,70.00,70.00,-0.90,10,701900
107/12/26,31000,70.50,70.50,69.10,70.00,0.00,27,2168000
107/12/27,18050,70.50,71.80,70.30,70.90,+0.90,19,1277980
107/12/28,51160,70.60,72.00,70.20,72.00,+1.10,49,3647220
108/01/02,49000,71.10,71.10,70.70,70.70,-1.30,29,3470200
108/01/03,79000,71.00,75.20,70.80,72.30,+1.60,70,5782000
108/01/04,27000,72.40,72.40,71.00,71.40,-0.90,24,1928600
108/01/07,36000,74.00,74.80,72.70,73.00,+1.60,34,2660700
108/01/08,155000,73.00,79.50,72.20,75.70,+2.70,142,11830300
108/01/09,96000,75.70,76.40,74.80,75.00,-0.70,80,7241100
108/01/10,129000,75.50,79.40,75.50,77.10,+2.10,120,10043100
108/01/11,71000,76.60,76.60,75.30,75.30,-1.80,61,5382400
108/01/14,49000,74.80,75.30,74.50,75.20,-0.10,41,3675000
108/01/15,23000,75.80,77.00,75.50,75.80,+0.60,22,1749400
108/01/16,28000,75.60,76.80,75.30,75.30,-0.50,25,2118200
108/01/17,32000,75.30,75.50,74.20,74.20,-1.10,29,2395700
108/01/18,49166,74.50,75.70,73.90,75.00,+0.80,32,3666150
108/01/21,33000,76.00,76.00,75.00,75.20,+0.20,27,2480600
108/01/22,38035,75.00,75.20,74.20,74.20,-1.00,23,2837400
108/01/23,17000,75.00,75.50,75.00,75.00,+0.80,16,1277500
108/01/28,21000,76.90,77.00,75.70,75.70,-0.70,18,1606700
108/01/29,25000,75.10,75.70,74.90,75.00,-0.70,22,1875500
108/01/30,19000,76.00,76.00,75.20,75.20,+0.20,18,1433400
108/02/11,11050,74.50,75.40,74.50,74.70,-0.50,13,828660
108/02/12,41000,75.00,75.90,75.00,75.90,+1.20,39,3089000
108/02/13,51100,76.90,76.90,75.00,75.70,-0.20,45,3852790
108/02/14,35100,75.70,76.30,75.10,75.80,+0.10,34,2657300
108/02/15,89000,76.00,78.10,76.00,76.00,+0.20,77,6820100
108/02/18,44160,76.50,76.60,75.90,76.30,+0.30,38,3362408
108/02/19,44205,76.50,76.50,75.60,76.10,-0.20,43,3364280
108/02/20,58050,76.80,77.00,75.80,76.20,+0.10,53,4435015
108/02/21,39088,76.50,76.70,75.70,75.70,-0.50,42,2973690
108/02/22,36100,76.00,76.20,75.50,75.50,-0.20,29,2740570
108/02/25,56000,75.80,75.80,73.80,73.80,-1.70,49,4181000
108/02/26,36056,73.80,73.90,72.70,72.70,-1.10,36,2643710
108/02/27,35030,72.50,74.90,72.50,73.30,+0.60,27,2566920
108/03/04,32300,73.50,73.50,72.70,72.80,-0.50,29,2356740
108/03/05,23005,72.70,74.50,72.60,74.50,+1.70,21,1674169
108/03/06,17000,74.50,74.50,72.60,73.90,-0.60,16,1246300
108/03/07,26100,72.70,73.80,72.70,73.80,-0.10,21,1903210
108/03/08,21155,73.80,73.80,72.70,73.60,-0.20,22,1545015
108/03/11,19000,73.50,73.50,72.50,72.90,-0.70,15,1385000
108/03/12,48160,73.20,73.20,71.40,71.40,-1.50,46,3483592
108/03/13,16000,73.60,73.60,71.40,72.50,+1.10,15,1154900
108/03/14,50180,72.50,75.10,72.50,74.50,+2.00,50,3708300
108/03/15,38217,74.50,74.50,73.00,74.00,-0.50,42,2809613
108/03/18,19100,74.50,74.50,72.70,72.70,-1.30,20,1403720
108/03/19,47383,72.50,72.50,71.50,71.50,-1.20,47,3403284
108/03/20,35000,71.50,71.50,70.80,71.00,-0.50,32,2488800
108/03/21,35000,71.00,71.40,70.50,71.00,0.00,19,2484600
108/03/22,24000,71.20,71.30,70.80,71.00,0.00,20,1704600
108/03/25,24000,70.20,71.60,70.10,70.50,-0.50,23,1689100
108/03/26,21000,71.20,71.20,70.80,71.00,+0.50,18,1491700
108/03/27,21000,71.00,71.00,70.70,70.90,-0.10,17,1488000
108/03/28,65000,70.20,70.80,69.00,70.40,-0.50,62,4518500
108/03/29,27100,70.40,70.40,69.50,69.50,-0.90,20,1892870
108/04/01,22500,70.00,70.00,69.10,69.40,-0.10,22,1565400
108/04/02,18000,69.60,69.70,69.20,69.60,+0.20,18,1251100
108/04/03,17000,69.50,70.00,69.30,69.60,0.00,17,1183900
108/04/08,39001,69.50,69.50,69.00,69.10,-0.50,31,2698969
108/04/09,84165,70.00,74.00,70.00,72.20,+3.10,66,6119212
108/04/10,23230,72.30,72.30,70.80,71.00,-1.20,25,1658330
108/04/11,30020,71.00,72.20,70.70,70.80,-0.20,29,2140812
108/04/12,29200,70.80,70.80,69.70,69.70,-1.10,32,2043059
108/04/15,15050,70.00,70.40,69.30,69.60,-0.10,15,1050010
108/04/16,25000,70.00,70.00,69.30,69.30,-0.30,22,1741000
108/04/17,27000,69.30,70.00,69.20,70.00,+0.70,17,1880700
108/04/18,57097,71.40,72.00,69.80,69.80,-0.20,55,4041480
108/04/19,17030,69.80,69.80,69.20,69.30,-0.50,19,1181696
108/04/22,13050,69.20,69.50,69.10,69.30,0.00,15,903965
108/04/23,25000,69.30,70.00,69.30,69.80,+0.50,19,1743900
108/04/24,45071,69.90,69.90,69.10,69.20,-0.60,37,3126755
108/04/25,23000,69.10,69.20,68.80,68.80,-0.40,22,1587600
108/04/26,22000,68.60,68.60,68.10,68.10,-0.70,22,1501300
108/04/29,33364,68.30,68.40,67.60,67.60,-0.50,35,2270006
108/04/30,8000,67.20,67.40,67.20,67.40,-0.20,8,538500
108/05/02,39024,68.00,71.00,68.00,70.00,+2.60,40,2718680
108/05/03,89016,70.50,72.00,70.50,71.10,+1.10,85,6356548
108/05/06,35000,71.00,71.00,69.30,70.00,-1.10,30,2445600
108/05/07,23000,70.00,71.00,70.00,70.60,+0.60,22,1626300
108/05/08,16000,69.00,70.00,69.00,69.50,-1.10,16,1113000
108/05/09,28016,69.20,69.30,68.50,68.50,-1.00,28,1932604
108/05/10,39000,68.10,68.50,67.60,68.00,-0.50,32,2650700
108/05/13,59220,67.40,71.00,67.40,70.00,+2.00,49,4114290
108/05/14,37150,69.50,70.00,69.20,69.30,-0.70,25,2582195
108/05/15,22000,70.00,70.00,68.60,68.60,-0.70,21,1519000
108/05/16,11068,68.70,68.70,68.50,68.60,0.00,11,759464
108/05/17,26000,68.60,68.60,68.00,68.00,-0.60,26,1773600
108/05/20,32000,68.00,71.00,68.00,69.90,+1.90,31,2226600
108/05/21,19000,70.00,70.00,69.30,69.60,-0.30,19,1324700
108/05/22,13000,69.50,69.90,69.50,69.90,+0.30,13,904300
108/05/23,19000,69.00,69.50,68.60,69.50,-0.40,19,1309200
108/05/24,17250,69.00,69.10,68.80,69.00,-0.50,17,1189374
108/05/27,26000,69.00,70.00,68.80,69.80,+0.80,21,1801000
108/05/28,14000,70.00,70.00,69.30,69.40,-0.40,14,973700
108/05/29,21000,69.90,70.00,69.60,69.90,+0.50,21,1467000
108/05/30,32000,70.00,70.20,69.50,69.90,0.00,29,2236700
108/05/31,13000,70.00,70.00,69.30,70.00,+0.10,13,908600
108/06/03,47000,70.10,70.90,70.00,70.90,+0.90,32,3300800
108/06/04,18000,70.90,70.90,69.80,70.10,-0.80,17,1261600
108/06/05,22000,70.20,70.50,70.20,70.50,+0.40,19,1544700
108/06/06,41000,70.20,70.20,69.60,70.00,-0.50,29,2861600
108/06/10,48200,70.00,70.10,69.70,70.00,0.00,29,3374300
108/06/11,25000,70.00,70.00,69.80,69.80,-0.20,22,1749000
108/06/12,49000,69.70,71.90,69.20,70.50,+0.70,43,3448400
108/06/13,25200,70.10,70.50,69.30,70.50,0.00,25,1755100
108/06/14,38000,70.00,70.60,70.00,70.60,+0.10,32,2674300
108/06/17,13171,70.00,70.50,69.70,69.70,-0.90,13,923918
108/06/18,13000,70.50,70.50,69.70,70.20,+0.50,12,908400
108/06/19,32000,69.50,70.00,69.50,69.90,-0.30,28,2230500
108/06/20,15000,69.90,70.40,69.90,70.00,+0.10,13,1049900
108/06/21,23000,70.00,70.00,69.40,69.40,-0.60,20,1603300
108/06/24,20000,69.90,69.90,69.10,69.10,-0.30,15,1389000
108/06/25,29000,69.80,69.80,68.50,68.50,-0.60,21,2007800
108/06/26,34048,69.00,69.70,68.60,68.60,+0.10,30,2351892
108/06/27,31000,69.50,69.50,68.10,68.70,+0.10,26,2127600
108/06/28,56000,68.70,68.90,67.40,68.50,-0.20,53,3809500
108/07/01,37030,68.50,69.20,68.50,68.50,0.00,33,2549955
108/07/02,40050,68.30,69.60,68.30,69.10,+0.60,39,2754855
108/07/03,37061,69.30,69.60,68.90,69.60,+0.50,34,2564945
108/07/04,51100,69.80,70.20,68.90,70.00,+0.40,46,3570700
108/07/05,30050,70.00,70.00,69.70,69.90,-0.10,23,2100395
108/07/08,21000,70.30,70.30,69.40,69.40,-0.50,21,1467000
108/07/09,33000,69.40,69.60,68.50,68.50,-0.90,31,2282100
108/07/10,19000,68.60,69.40,68.50,69.40,+0.90,17,1306400
108/07/11,15000,69.40,69.40,68.60,68.80,-0.60,12,1033400
108/07/12,28000,69.00,69.00,68.10,68.20,-0.60,28,1917800
108/07/15,19072,68.20,68.80,68.20,68.50,+0.30,17,1303924
108/07/16,17001,68.00,68.90,68.00,68.30,-0.20,18,1161268
108/07/17,25000,68.30,68.90,68.30,68.40,+0.10,24,1712400
108/07/18,33000,68.40,69.30,68.40,68.50,+0.10,24,2271400
108/07/19,18000,68.60,68.80,68.20,68.60,+0.10,16,1233700
108/07/22,26000,69.00,69.70,68.30,68.30,-0.30,17,1791300
108/07/23,19000,68.30,68.60,68.20,68.20,-0.10,19,1299200
108/07/24,9000,68.20,68.90,68.10,68.50,+0.30,9,616400
108/07/25,39000,68.20,68.50,67.40,68.50,0.00,36,2651300
108/07/26,16010,68.00,68.30,68.00,68.10,-0.40,17,1090081
108/07/29,9000,68.20,68.60,68.20,68.50,+0.40,9,616600
108/07/30,32050,68.60,68.60,67.40,68.20,-0.30,34,2171209
108/07/31,32000,68.00,68.00,67.10,67.30,-0.90,32,2158200
