﻿亞獅康-KY,	6497
日期,成交股數,開盤價,最高價,最低價,收盤價,漲跌價差,成交筆數,成交金額
107/06/01,3175721,49.00,51.30,48.50,49.25,+1.95,1945,157289305
107/06/04,1503403,50.00,50.60,46.55,48.20,-1.05,1058,72548226
107/06/05,2057552,51.40,51.80,48.05,48.80,+0.60,1365,102795259
107/06/06,864300,48.90,48.90,47.00,47.80,-1.00,612,41160319
107/06/07,477310,48.10,48.80,48.05,48.15,+0.35,339,23069924
107/06/08,1016350,48.70,50.50,48.10,49.85,+1.70,614,50202380
107/06/11,512300,48.80,49.50,48.60,49.40,-0.45,369,25148400
107/06/12,450110,48.60,48.60,47.50,47.70,-1.70,361,21525775
107/06/13,488637,48.10,48.20,47.30,47.80,+0.10,335,23283629
107/06/14,182250,47.70,48.50,47.65,47.90,+0.10,135,8728050
107/06/15,185150,47.80,48.50,47.50,47.80,-0.10,143,8864140
107/06/19,227101,47.40,47.80,47.10,47.80,0.00,159,10734196
107/06/20,238000,48.00,48.00,47.10,47.20,-0.60,151,11258150
107/06/21,368079,48.00,48.00,46.85,46.90,-0.30,262,17400128
107/06/22,802100,46.60,46.60,43.50,43.50,-3.40,570,35445000
107/06/25,325000,44.05,44.70,42.30,42.50,-1.00,217,14139750
107/06/26,230151,41.70,42.05,41.50,41.80,-0.70,174,9620572
107/06/27,150000,41.40,41.80,41.40,41.65,-0.15,114,6236550
107/06/28,317310,41.65,41.65,40.05,40.30,-1.35,224,12889200
107/06/29,203210,41.00,41.50,40.55,40.65,+0.35,156,8314547
107/07/02,266000,42.00,42.60,41.50,41.50,+0.85,186,11159650
107/07/03,309000,41.50,41.50,39.05,39.10,-2.40,258,12325200
107/07/04,169100,38.70,40.10,38.70,39.00,-0.10,144,6637985
107/07/05,226120,39.20,39.85,38.00,38.00,-1.00,168,8801001
107/07/06,256100,38.25,39.50,37.65,38.65,+0.65,180,9830994
107/07/09,227000,38.65,40.30,38.30,39.75,+1.10,176,8965200
107/07/10,148600,39.75,40.40,39.05,39.05,-0.70,125,5869629
107/07/11,140101,38.80,39.10,38.20,38.40,-0.65,120,5413912
107/07/12,244800,39.20,40.10,38.60,40.10,+1.70,210,9673140
107/07/13,290005,40.75,41.30,40.10,40.60,+0.50,233,11766001
107/07/16,264500,41.00,41.00,39.50,39.55,-1.05,217,10601000
107/07/17,161000,39.05,39.55,38.95,39.00,-0.55,129,6293850
107/07/18,112000,39.20,39.85,38.60,39.00,0.00,85,4390700
107/07/19,619269,39.85,42.90,39.70,42.90,+3.90,454,25492990
107/07/20,609040,42.00,43.30,41.10,42.40,-0.50,470,25724584
107/07/23,313223,42.65,42.65,41.15,41.25,-1.15,235,13043953
107/07/24,255100,41.85,42.95,41.60,42.50,+1.25,196,10760650
107/07/25,297157,42.85,43.80,42.00,43.35,+0.85,243,12683801
107/07/26,273150,43.35,43.55,43.00,43.30,-0.05,205,11810402
107/07/27,210001,43.70,43.70,42.70,43.00,-0.30,168,9063343
107/07/30,254300,42.60,42.80,41.25,41.60,-1.40,214,10649004
107/07/31,107100,41.50,42.45,41.10,41.60,0.00,94,4458285
107/08/01,243000,41.60,43.00,41.60,42.75,+1.15,170,10237450
107/08/02,235000,42.75,42.75,41.50,41.75,-1.00,184,9913050
107/08/03,136716,41.75,42.50,41.75,42.20,+0.45,121,5744864
107/08/06,196000,42.00,42.30,41.80,42.20,0.00,152,8238550
107/08/07,2031180,43.00,46.40,43.00,45.20,+3.00,1332,93024686
107/08/08,815132,45.00,45.00,43.60,43.75,-1.45,571,36073231
107/08/09,387180,43.65,44.30,42.65,43.30,-0.45,304,16859747
107/08/10,294150,43.50,44.70,43.50,43.70,+0.40,229,13010505
107/08/13,471195,43.30,43.30,39.90,40.60,-3.10,346,19541316
107/08/14,1224150,40.60,44.65,40.60,44.65,+4.05,842,53762447
107/08/15,1083060,44.40,45.85,43.90,44.25,-0.40,816,48501740
107/08/16,988433,44.25,46.80,43.20,45.80,+1.55,738,44997380
107/08/17,833258,46.80,46.80,45.20,45.20,-0.60,582,38339585
107/08/20,380100,46.10,46.10,45.20,45.40,+0.20,272,17327134
107/08/21,2867357,47.30,49.70,46.80,49.00,+3.60,1928,140172463
107/08/22,1338200,49.00,50.00,48.30,49.00,0.00,924,65445889
107/08/23,946253,49.40,49.40,47.05,47.10,-1.90,684,45122641
107/08/24,534300,47.00,47.00,45.50,45.85,-1.25,442,24712464
107/08/27,243000,46.40,46.75,45.70,46.05,+0.20,173,11259500
107/08/28,331304,46.45,47.10,45.35,45.50,-0.55,263,15343006
107/08/29,576493,45.45,45.60,43.50,43.90,-1.60,451,25613567
107/08/30,305000,44.55,45.60,44.00,44.70,+0.80,240,13652150
107/08/31,803110,44.60,46.70,43.75,43.75,-0.95,586,35739290
107/09/03,426020,44.00,44.50,43.50,43.50,-0.25,307,18743343
107/09/04,240000,43.50,44.10,43.10,43.55,+0.05,167,10460450
107/09/05,282000,43.60,44.50,43.60,43.60,+0.05,189,12377900
107/09/06,293000,43.60,44.00,42.70,43.00,-0.60,202,12655050
107/09/07,310200,43.00,43.40,41.50,41.90,-1.10,216,13210200
107/09/10,256129,41.90,42.70,40.60,40.80,-1.10,173,10596139
107/09/11,223001,40.80,41.95,40.80,41.50,+0.70,155,9247343
107/09/12,162100,41.80,41.80,41.30,41.75,+0.25,116,6740400
107/09/13,460000,41.90,44.35,41.90,42.60,+0.85,319,19867200
107/09/14,141000,43.10,43.30,42.60,42.80,+0.20,96,6057450
107/09/17,225001,43.00,43.60,41.75,42.00,-0.80,160,9474542
107/09/18,207000,41.50,41.85,41.20,41.85,-0.15,122,8601250
107/09/19,319100,41.90,42.35,41.35,41.65,-0.20,170,13308260
107/09/20,118161,42.00,42.75,41.60,41.60,-0.05,99,4959929
107/09/21,341000,41.95,41.95,40.55,41.15,-0.45,259,13999850
107/09/25,81000,40.70,41.50,40.70,41.05,-0.10,75,3338250
107/09/26,178100,40.95,41.50,40.85,41.10,+0.05,94,7311410
107/09/27,112000,41.00,42.00,41.00,41.10,0.00,82,4634500
107/09/28,119000,41.50,41.65,41.10,41.50,+0.40,88,4932500
107/10/01,118000,41.55,42.20,41.45,42.05,+0.55,106,4941350
107/10/02,188000,42.10,42.90,42.05,42.20,+0.15,139,7984350
107/10/03,176000,42.20,42.75,42.05,42.30,+0.10,135,7466650
107/10/04,183095,42.15,42.40,41.60,41.70,-0.60,131,7683361
107/10/05,281000,41.70,41.70,40.15,40.20,-1.50,195,11410500
107/10/08,285020,40.05,40.50,39.65,39.95,-0.25,170,11410310
107/10/09,233048,40.10,40.10,39.40,39.40,-0.55,163,9256120
107/10/11,426020,35.60,36.85,35.50,35.50,-3.90,263,15280836
107/10/12,300200,35.40,36.00,35.10,35.60,+0.10,193,10654320
107/10/15,203100,35.65,36.45,35.60,35.90,+0.30,155,7307150
107/10/16,191098,35.50,36.30,35.50,36.15,+0.25,130,6912875
107/10/17,221000,36.50,37.90,36.50,36.60,+0.45,163,8158500
107/10/18,504000,39.00,40.10,37.70,38.40,+1.80,397,19611850
107/10/19,210000,38.95,38.95,36.70,37.30,-1.10,182,7867250
107/10/22,143000,36.70,37.40,36.25,37.00,-0.30,113,5273850
107/10/23,400000,37.05,39.80,37.05,37.05,+0.05,307,15206250
107/10/24,227030,37.30,37.40,36.30,36.35,-0.70,167,8389310
107/10/25,387082,34.10,35.35,33.75,33.80,-2.55,323,13208703
107/10/26,235000,33.75,34.40,33.30,33.45,-0.35,143,7945650
107/10/29,124000,33.45,34.25,33.10,33.10,-0.35,73,4145800
107/10/30,161000,33.15,33.55,32.85,32.95,-0.15,96,5313100
107/10/31,159030,33.20,33.55,32.95,33.40,+0.45,132,5287645
107/11/01,203000,33.15,33.70,33.15,33.35,-0.05,142,6789500
107/11/02,195408,33.90,34.00,33.40,33.65,+0.30,159,6600776
107/11/08,179000,34.00,34.15,33.70,33.70,-0.25,97,6074250
107/11/09,157000,34.10,34.10,33.25,33.25,-0.45,116,5260900
107/11/12,187145,33.25,33.35,32.40,32.45,-0.80,134,6172825
107/11/16,219532,32.00,32.10,31.80,32.00,+0.10,127,7021674
107/11/19,168000,31.60,31.95,31.20,31.65,-0.35,127,5307350
107/11/20,151000,31.50,31.60,31.25,31.40,-0.25,84,4743800
107/11/21,150250,31.35,32.30,31.30,31.80,+0.40,117,4779249
107/11/22,172000,31.75,32.25,31.75,31.85,+0.05,138,5508950
107/11/23,139250,31.85,31.85,31.45,31.60,-0.25,92,4408036
107/11/26,101147,31.85,32.00,31.70,32.00,+0.40,79,3232354
107/11/27,253320,32.00,33.55,32.00,33.40,+1.40,201,8420124
107/11/28,218320,33.40,33.50,32.80,33.05,-0.35,133,7210925
107/11/29,134306,33.85,33.85,32.90,33.00,-0.05,105,4459336
107/11/30,141243,33.25,33.30,32.95,32.95,-0.05,98,4675290
107/12/03,612120,33.10,34.95,32.90,34.50,+1.55,417,20484954
107/12/04,344273,33.60,33.60,32.30,32.90,-1.60,277,11328676
107/12/05,151100,32.45,32.45,31.75,31.90,-1.00,117,4831370
107/12/06,190130,32.00,32.05,30.50,30.55,-1.35,152,5920180
107/12/07,206000,30.60,30.80,30.50,30.65,+0.10,164,6312300
107/12/10,176000,30.10,30.10,29.90,29.90,-0.75,136,5280200
107/12/11,85000,29.90,30.25,29.90,30.00,+0.10,63,2554500
107/12/12,121000,30.00,30.70,30.00,30.30,+0.30,87,3675350
107/12/13,301000,30.35,30.40,29.15,29.40,-0.90,243,8898600
107/12/14,384282,29.10,29.10,28.05,28.10,-1.30,286,10868728
107/12/17,275070,27.60,27.90,26.60,27.70,-0.40,225,7460888
107/12/18,77000,27.00,27.75,27.00,27.15,-0.55,61,2096950
107/12/19,104000,27.10,28.10,27.10,28.00,+0.85,88,2857900
107/12/20,112000,27.35,27.90,27.05,27.15,-0.85,85,3062150
107/12/21,47000,27.15,27.40,27.10,27.15,0.00,32,1277150
107/12/22,80039,27.20,27.50,27.15,27.50,+0.35,56,2192138
107/12/24,54170,27.20,27.40,27.00,27.15,-0.35,51,1472834
107/12/25,182129,26.45,26.45,25.65,25.80,-1.35,147,4719168
107/12/26,84200,25.60,26.30,25.60,25.65,-0.15,76,2187310
107/12/27,67200,26.00,26.35,25.85,25.90,+0.25,51,1749190
107/12/28,172000,25.90,25.90,25.05,25.25,-0.65,107,4357150
108/01/02,460150,25.70,27.75,25.25,27.75,+2.50,241,12582462
108/01/03,853209,28.00,30.40,28.00,29.80,+2.05,603,25128337
108/01/04,414004,29.50,29.50,28.00,28.50,-1.30,307,11927264
108/01/07,210095,29.30,29.30,28.30,28.30,-0.20,164,6011605
108/01/08,335000,28.30,30.00,28.25,29.50,+1.20,261,9832400
108/01/09,212500,29.90,30.25,28.90,28.90,-0.60,174,6254950
108/01/10,179400,29.00,29.00,28.30,28.30,-0.60,118,5123390
108/01/11,192400,28.00,28.20,27.65,27.65,-0.65,123,5366250
108/01/14,508436,24.90,25.00,24.90,24.90,-2.75,294,12663456
108/01/15,1097251,23.05,23.95,23.05,23.60,-1.30,707,25739047
108/01/16,654500,23.55,23.55,22.65,22.75,-0.85,469,15014100
108/01/17,446114,22.85,23.30,22.85,23.00,+0.25,278,10308989
108/01/18,242000,23.45,23.45,22.80,22.85,-0.15,143,5579000
108/01/21,334039,22.85,22.95,22.00,22.10,-0.75,244,7420647
108/01/22,327014,22.00,22.05,21.50,21.75,-0.35,179,7138668
108/01/23,305300,21.30,21.70,21.25,21.35,-0.40,213,6531744
108/01/28,180512,22.15,22.45,22.05,22.40,+0.05,149,4020193
108/01/29,111512,22.40,22.50,22.10,22.35,-0.05,98,2490467
108/01/30,391040,22.60,22.60,21.90,21.90,-0.45,280,8639484
108/02/11,398086,21.95,22.25,21.25,21.35,-0.55,252,8562301
108/02/12,347050,21.30,21.65,21.25,21.35,0.00,219,7413825
108/02/13,641066,21.25,21.25,20.35,20.55,-0.80,428,13277586
108/02/14,639100,20.50,20.50,20.00,20.25,-0.30,420,12893355
108/02/15,487051,20.25,20.80,20.25,20.45,+0.20,349,10018712
108/02/18,666030,20.60,21.30,20.60,21.20,+0.75,461,13958896
108/02/19,454102,21.10,21.45,20.50,20.50,-0.70,323,9488034
108/02/20,307000,20.50,20.90,20.50,20.75,+0.25,187,6340150
108/02/21,448000,21.00,21.50,20.75,21.15,+0.40,306,9482450
108/02/22,336023,21.15,21.35,20.90,21.00,-0.15,241,7104506
108/02/25,244100,21.00,21.20,20.60,20.70,-0.30,176,5088850
108/02/26,281000,20.80,20.80,20.20,20.40,-0.30,190,5753600
108/02/27,1398200,22.00,22.40,21.30,22.40,+2.00,806,30846380
