﻿醫揚,	6569
日期,成交股數,開盤價,最高價,最低價,收盤價,漲跌價差,成交筆數,成交金額
107/06/01,34250,156.50,157.00,154.50,156.50,+5.50,36,5349125
107/06/04,21301,156.50,160.00,156.50,157.00,+0.50,28,3380605
107/06/05,15310,155.50,155.50,155.00,155.00,-2.00,16,2373550
107/06/06,13310,155.00,156.00,154.00,154.50,-0.50,17,2060550
107/06/07,18644,155.00,155.00,154.00,154.00,-0.50,19,2883820
107/06/08,8200,154.50,154.50,153.00,153.00,-1.00,11,1259700
107/06/11,8015,152.00,153.00,152.00,153.00,0.00,10,1220295
107/06/12,6109,153.00,154.00,153.00,154.00,+1.00,10,938786
107/06/13,19170,152.50,152.50,150.50,152.50,-1.50,22,2909424
107/06/14,17010,153.00,153.00,150.50,151.00,-1.50,18,2579025
107/06/15,10150,150.00,153.00,149.00,153.00,+2.00,12,1520450
107/06/19,15180,153.00,153.00,148.00,148.50,-4.50,17,2284130
107/06/20,8460,146.50,151.00,146.50,147.00,-1.50,12,1247309
107/06/21,18000,147.50,150.00,147.00,148.00,+1.00,17,2672000
107/06/22,8200,146.00,149.00,145.50,149.00,+1.00,11,1206100
107/06/25,12100,147.00,149.50,145.50,149.00,0.00,15,1769900
107/06/26,10100,146.00,149.00,146.00,149.00,0.00,13,1479900
107/06/27,21703,148.00,148.50,146.00,146.50,-2.50,27,3187935
107/06/28,14050,143.50,143.50,140.00,143.00,,16,1984150
107/06/29,15600,143.00,143.00,141.00,142.00,-1.00,18,2214200
107/07/02,17000,143.50,143.50,140.00,140.00,-2.00,14,2398000
107/07/03,31070,140.00,141.00,135.00,136.00,-4.00,29,4253090
107/07/04,66683,133.50,133.50,122.50,128.00,-8.00,75,8432741
107/07/05,52495,125.50,125.50,119.00,119.00,-9.00,57,6322400
107/07/06,34373,118.00,118.50,111.50,116.00,-3.00,33,3964141
107/07/09,26101,116.00,118.50,112.00,118.50,+2.50,31,2971967
107/07/10,20750,115.50,116.00,114.00,115.00,-3.50,27,2378500
107/07/11,10180,116.00,121.00,116.00,119.00,+4.00,14,1203330
107/07/12,31267,119.00,123.00,119.00,122.50,+3.50,36,3791074
107/07/13,34030,122.00,122.00,119.00,120.00,-2.50,30,4091630
107/07/16,14352,119.50,120.00,118.50,118.50,-1.50,22,1712563
107/07/17,2033,118.50,118.50,118.50,118.50,0.00,3,240927
107/07/18,11072,119.00,119.00,117.50,117.50,-1.00,12,1307996
107/07/19,3059,117.00,118.00,117.00,118.00,+0.50,8,360021
107/07/20,11017,119.00,119.00,118.50,118.50,+0.50,10,1307506
107/07/23,1030,117.00,117.00,117.00,117.00,-1.50,2,120540
107/07/24,3100,118.00,119.00,118.00,118.00,+1.00,5,366800
107/07/25,7253,118.00,119.00,117.00,119.00,+1.00,10,858607
107/07/26,7075,119.00,119.00,116.00,118.00,-1.00,9,830425
107/07/27,10100,119.00,119.00,118.50,119.00,+1.00,10,1200900
107/07/30,8200,123.00,123.00,120.00,120.00,+1.00,10,989000
107/07/31,3310,119.50,120.00,119.50,120.00,0.00,8,396700
107/08/01,14000,120.00,120.50,118.00,120.00,0.00,13,1679500
107/08/02,577564,129.00,132.00,128.00,132.00,+12.00,277,76094948
107/08/03,291847,129.50,133.00,125.50,132.00,0.00,280,37401957
107/08/06,242520,129.00,129.00,123.00,125.00,-7.00,195,30360540
107/08/07,56365,124.00,127.00,124.00,125.50,+0.50,58,7101490
107/08/08,70003,127.50,128.00,126.00,126.00,+0.50,55,8879381
107/08/09,49300,127.00,130.00,127.00,128.00,+2.00,47,6327100
107/08/10,53085,128.00,130.00,127.50,128.00,0.00,47,6821380
107/08/13,27100,128.00,128.00,122.00,122.50,-5.50,26,3353350
107/08/14,29300,122.50,123.50,121.00,123.50,+1.00,28,3584200
107/08/15,25010,124.00,124.00,123.00,123.00,-0.50,22,3080240
107/08/16,22500,123.00,123.00,122.00,122.00,-1.00,25,2759749
107/08/17,25050,124.00,127.00,123.50,123.50,+1.50,22,3119700
107/08/20,20090,124.50,126.50,123.50,126.00,+2.50,20,2501930
107/08/21,16030,126.00,126.00,125.50,126.00,0.00,14,2017780
107/08/22,16131,126.00,127.50,126.00,126.00,0.00,18,2037939
107/08/23,10145,128.00,128.00,125.50,125.50,-0.50,10,1278697
107/08/24,6100,125.50,125.50,125.00,125.00,-0.50,9,763049
107/08/27,18010,125.00,125.00,123.50,123.50,-1.50,16,2234750
107/08/28,15079,124.00,124.00,123.50,124.00,+0.50,15,1864334
107/08/29,18101,123.50,125.50,123.50,125.50,+1.50,10,2245675
107/08/30,7100,125.00,125.50,125.00,125.00,-0.50,7,888550
107/08/31,25000,126.00,128.00,126.00,127.50,+2.50,25,3173500
107/09/03,16015,128.00,128.00,126.00,126.00,-1.50,16,2033912
107/09/04,52350,127.00,131.50,127.00,131.00,+5.00,51,6765550
107/09/05,43200,131.00,131.50,128.50,129.50,-1.50,39,5598900
107/09/06,24300,130.00,130.50,128.00,128.00,-1.50,23,3146800
107/09/07,35165,128.00,128.00,125.00,125.00,-3.00,32,4449790
107/09/10,38800,124.00,125.00,121.50,124.00,-1.00,37,4771400
107/09/11,17160,123.00,123.00,121.00,121.00,-3.00,16,2086520
107/09/12,16000,121.00,123.00,121.00,122.00,+1.00,15,1951000
107/09/13,14100,122.00,122.00,121.00,121.50,-0.50,15,1714700
107/09/14,6000,122.00,123.00,122.00,123.00,+1.50,5,736000
107/09/17,5050,123.50,123.50,123.00,123.00,0.00,6,622600
107/09/18,9000,124.00,125.50,122.50,122.50,-0.50,9,1115000
107/09/19,3374,123.00,124.00,123.00,124.00,+1.50,6,416563
107/09/20,18500,122.50,122.50,121.00,121.00,-3.00,20,2248000
107/09/21,22000,122.50,122.50,120.00,121.00,0.00,15,2650500
107/09/25,4106,120.00,120.50,119.50,120.50,-0.50,7,492879
107/09/26,6000,120.50,121.00,120.50,121.00,+0.50,6,723500
107/09/27,2000,121.00,121.50,121.00,121.50,+0.50,2,242500
107/09/28,8100,121.50,122.50,120.50,120.50,-1.00,11,986700
107/10/01,3001,122.50,122.50,122.00,122.00,+1.50,4,367122
107/10/02,5000,122.00,122.00,121.00,122.00,0.00,5,608500
107/10/03,15000,125.00,125.00,123.00,123.00,+1.00,13,1863000
107/10/04,5000,122.00,122.00,121.50,121.50,-1.50,5,608000
107/10/05,7008,120.00,120.00,119.00,119.00,-2.50,8,836452
107/10/08,6001,119.00,119.00,115.50,115.50,-3.50,7,696619
107/10/09,4206,117.50,117.50,115.00,115.00,-0.50,7,486293
107/10/11,41000,112.00,112.00,103.50,107.00,-8.00,39,4390500
107/10/12,22068,103.50,108.50,103.50,107.50,+0.50,17,2351844
107/10/15,13000,107.50,107.50,104.00,107.50,0.00,11,1377500
107/10/16,5000,108.50,108.50,108.00,108.00,+0.50,4,541000
107/10/17,8000,109.00,109.50,107.00,108.00,0.00,8,865500
107/10/18,6000,109.50,109.50,107.00,108.00,0.00,6,649000
107/10/19,5000,107.50,107.50,106.50,107.50,-0.50,5,535500
107/10/22,6000,108.50,110.00,108.50,109.50,+2.00,6,656500
107/10/23,5000,108.00,111.50,108.00,111.50,+2.00,5,547500
107/10/24,12100,109.50,111.50,109.00,110.50,-1.00,9,1333000
107/10/25,7069,108.50,108.50,106.00,106.00,-4.50,9,758883
107/10/26,4031,106.00,106.00,105.00,106.00,0.00,5,426317
107/10/29,3000,106.00,106.00,106.00,106.00,0.00,3,318000
107/10/30,9100,106.00,106.00,100.50,105.50,-0.50,11,939749
107/10/31,5000,106.00,107.50,104.00,105.00,-0.50,5,528500
107/11/01,5000,107.00,107.00,105.00,106.00,+1.00,4,531000
107/11/02,11200,106.00,106.00,103.00,104.00,-2.00,14,1171900
107/11/08,37220,122.00,122.00,116.00,116.00,-4.00,40,4390520
107/11/09,43256,124.50,124.50,119.00,123.00,+7.00,50,5220488
107/11/12,24000,121.00,123.00,120.00,120.50,-2.50,24,2916000
107/11/16,100631,129.50,132.50,127.50,132.50,+5.50,90,13150292
107/11/19,54741,135.50,136.00,133.00,134.00,+1.50,58,7359053
107/11/20,37226,132.00,132.50,131.00,131.50,-2.50,34,4898219
107/11/21,40000,127.50,131.50,127.50,131.50,0.00,36,5208000
107/11/22,23000,133.50,134.00,131.50,131.50,0.00,23,3057500
107/11/23,32200,133.00,133.50,131.50,132.50,+1.00,33,4259700
107/11/26,29225,132.50,133.00,130.00,131.00,-1.50,29,3829250
107/11/27,42000,133.00,133.00,131.00,133.00,+2.00,39,5560000
107/11/28,39430,132.50,134.50,130.50,134.00,+1.00,41,5233620
107/11/29,85078,133.00,133.00,127.50,128.50,-5.50,80,11071484
107/11/30,29130,130.50,131.00,128.50,131.00,+2.50,30,3786030
107/12/03,62047,131.50,134.50,130.00,133.50,+2.50,60,8179298
107/12/04,52014,134.00,134.00,130.00,132.00,-1.50,45,6868362
107/12/05,26013,131.50,132.00,130.50,130.50,-1.50,26,3416683
107/12/06,38312,130.50,130.50,125.00,125.00,-5.50,38,4866812
107/12/07,13600,127.00,128.50,127.00,128.00,+3.00,15,1732700
107/12/10,23300,128.00,132.50,127.50,132.00,+4.00,28,3019800
107/12/11,41000,132.00,133.00,131.00,133.00,+1.00,35,5441000
107/12/12,68775,133.00,139.00,133.00,139.00,+6.00,74,9370725
107/12/13,66000,140.00,142.00,137.00,138.00,-1.00,63,9188500
107/12/14,54201,139.00,141.00,138.00,140.00,+2.00,51,7574439
107/12/17,24001,141.00,141.00,137.00,137.50,-2.50,25,3321138
107/12/18,19350,136.50,137.00,134.00,135.00,-2.50,20,2621750
107/12/19,11200,135.00,135.00,133.50,133.50,-1.50,13,1501300
107/12/20,25010,134.50,134.50,131.00,132.50,-1.00,26,3305325
107/12/21,28305,132.00,132.50,129.00,132.50,0.00,23,3688455
107/12/22,150,---,---,---,---,---,2,19275
107/12/24,5410,130.50,131.50,130.00,131.50,0.00,9,707800
107/12/25,8000,130.50,130.50,130.00,130.00,-1.50,6,1041000
107/12/26,3240,130.50,131.00,129.50,129.50,-0.50,6,421720
107/12/27,4000,131.00,131.00,130.00,130.50,+1.00,4,522000
107/12/28,7200,129.50,130.00,129.00,130.00,-0.50,8,932300
108/01/02,5100,130.00,130.50,130.00,130.50,+0.50,6,664550
108/01/03,4000,130.00,130.00,130.00,130.00,-0.50,4,520000
108/01/04,9100,127.50,130.00,127.50,130.00,0.00,11,1173900
108/01/07,9000,130.00,133.00,130.00,133.00,+3.00,9,1185000
108/01/08,11100,133.00,135.00,133.00,133.00,0.00,14,1483700
108/01/09,7130,133.00,133.00,131.00,131.00,-2.00,9,942660
108/01/10,28000,133.00,135.00,133.00,134.00,+3.00,25,3757000
108/01/11,25200,134.50,138.00,134.00,138.00,+4.00,27,3430900
108/01/14,10200,142.50,142.50,138.00,138.00,0.00,14,1416400
108/01/15,15100,139.00,139.00,136.50,136.50,-1.50,16,2074200
108/01/16,15000,136.50,137.00,132.50,137.00,+0.50,15,2028000
108/01/17,12033,135.50,136.50,134.50,136.00,-1.00,11,1631004
108/01/18,2017,136.00,136.00,135.50,135.50,-0.50,3,273812
108/01/21,17182,138.00,138.00,135.00,137.00,+1.50,21,2335116
108/01/22,8022,136.00,136.50,135.50,135.50,-1.50,8,1091003
108/01/23,22040,136.00,139.00,136.00,137.00,+1.50,22,3033520
108/01/28,60481,151.00,152.00,146.00,146.00,-4.50,64,9013707
108/01/29,16150,146.00,147.00,143.50,147.00,+1.00,17,2335050
108/01/30,25403,146.00,146.00,144.00,145.00,-2.00,26,3682435
108/02/11,49482,146.00,150.50,146.00,150.50,+5.50,51,7320318
108/02/12,81987,151.50,157.00,151.50,154.00,+3.50,78,12684502
108/02/13,60150,154.00,154.50,149.00,151.00,-3.00,53,9068650
108/02/14,114130,149.00,149.00,145.00,147.50,-3.50,89,16795175
108/02/15,43120,148.50,151.00,147.00,151.00,+3.50,41,6407940
108/02/18,82000,153.00,155.00,151.00,154.50,+3.50,74,12563500
108/02/19,53440,154.50,158.50,154.00,154.00,-0.50,54,8315260
108/02/20,52882,156.00,156.00,153.00,153.50,-0.50,60,8164884
108/02/21,40280,153.50,153.50,152.00,153.50,0.00,37,6157840
108/02/22,34249,155.00,155.00,152.00,152.00,-1.50,27,5229221
108/02/25,39311,151.50,154.50,151.50,153.50,+1.50,38,5995548
108/02/26,29186,155.50,155.50,154.00,154.50,+1.00,27,4514923
108/02/27,26050,154.00,155.00,154.00,154.50,0.00,26,4025250
108/03/04,9603,154.50,154.50,152.00,154.50,0.00,13,1474161
108/03/05,11000,155.00,156.00,154.50,154.50,0.00,11,1709000
108/03/06,55056,156.00,163.00,156.00,158.00,+3.50,54,8747848
108/03/07,17031,156.00,159.00,155.50,156.00,-2.00,19,2669960
108/03/08,15150,156.00,157.50,156.00,157.50,+1.50,17,2369124
108/03/11,8280,158.00,159.00,158.00,158.50,+1.00,15,1312599
108/03/12,15442,158.50,159.00,158.00,159.00,+0.50,25,2449836
108/03/13,10310,160.00,160.00,158.50,158.50,-0.50,14,1645790
108/03/14,19106,158.00,158.00,157.50,158.00,-0.50,20,3015354
108/03/15,16264,157.50,158.50,157.50,157.50,-0.50,18,2567580
108/03/18,10128,157.50,158.00,157.50,157.50,0.00,12,1596096
108/03/19,73500,158.00,158.00,149.00,152.50,-5.00,66,11330000
108/03/20,24204,153.50,155.50,153.00,155.50,+3.00,25,3722324
108/03/21,21500,156.50,157.00,155.50,156.00,+0.50,19,3366750
108/03/22,19200,157.00,157.50,157.00,157.00,+1.00,22,3017700
108/03/25,15520,157.00,157.00,155.00,156.00,-1.00,17,2428600
108/03/26,6032,156.00,156.00,156.00,156.00,0.00,6,941152
108/03/27,21380,156.50,156.50,155.50,156.00,0.00,22,3338090
108/03/28,24028,158.00,158.00,153.00,153.00,-3.00,21,3728854
108/03/29,9500,154.00,154.00,152.50,152.50,-0.50,13,1453500
