﻿特昇-KY,	6616
日期,成交股數,開盤價,最高價,最低價,收盤價,漲跌價差,成交筆數,成交金額
107/06/01,4000,14.35,14.35,14.00,14.05,-0.30,4,56650
107/06/04,3000,14.30,14.70,14.30,14.30,+0.25,3,43300
107/06/05,2000,14.60,14.80,14.60,14.80,+0.50,2,29400
107/06/06,0,---,---,---,---,---,0,0
107/06/07,4000,14.70,14.70,14.20,14.70,+0.15,4,57850
107/06/08,6001,14.70,14.70,14.50,14.50,-0.20,6,87716
107/06/11,9000,15.00,15.00,14.60,14.90,+0.40,5,133400
107/06/12,15000,14.45,14.80,14.30,14.30,-0.60,7,220250
107/06/13,1000,14.35,14.35,14.35,14.35,+0.05,1,14350
107/06/14,10000,14.30,15.00,14.30,14.60,+0.25,9,145550
107/06/15,5000,14.70,14.70,14.25,14.65,+0.05,5,72250
107/06/19,2000,14.70,14.70,14.70,14.70,+0.05,2,29400
107/06/20,0,---,---,---,---,---,0,0
107/06/21,1000,14.90,14.90,14.90,14.90,+0.20,1,14900
107/06/22,0,---,---,---,---,---,0,0
107/06/25,1000,14.60,14.60,14.60,14.60,-0.15,1,14600
107/06/26,6010,13.90,14.70,13.90,14.70,+0.10,6,85946
107/06/27,1000,14.45,14.45,14.45,14.45,-0.25,1,14450
107/06/28,6000,14.00,14.75,14.00,14.75,+0.30,6,85900
107/06/29,6000,14.10,14.50,14.10,14.50,-0.25,5,86450
107/07/02,62000,14.50,15.40,14.50,15.00,+0.50,18,909200
107/07/03,10000,14.65,14.85,14.50,14.85,-0.15,10,146150
107/07/04,8000,14.80,14.80,14.30,14.70,-0.15,7,116100
107/07/05,9000,14.15,14.35,14.15,14.35,-0.35,8,127550
107/07/06,11000,14.20,14.30,14.00,14.05,-0.30,9,155050
107/07/09,7000,14.20,14.20,13.90,14.20,+0.15,6,98300
107/07/10,18000,14.20,14.40,14.20,14.20,0.00,8,257300
107/07/11,1000,14.00,14.00,14.00,14.00,-0.20,1,14000
107/07/12,15000,14.00,14.00,13.90,14.00,0.00,9,209900
107/07/13,12000,13.90,14.05,13.90,14.00,0.00,9,167300
107/07/16,96010,14.10,14.10,14.00,14.00,0.00,14,1344850
107/07/17,15000,13.00,13.70,13.00,13.50,,12,199750
107/07/18,1000,13.35,13.35,13.35,13.35,-0.15,1,13350
107/07/19,2000,13.80,13.80,13.65,13.65,+0.30,2,27450
107/07/20,8000,13.20,13.60,13.20,13.60,-0.05,6,107000
107/07/23,7000,13.50,13.50,13.05,13.40,-0.20,6,92600
107/07/24,6000,13.35,13.35,12.95,13.05,-0.35,5,78300
107/07/25,1000,13.30,13.30,13.30,13.30,+0.25,1,13300
107/07/26,12000,13.00,13.00,13.00,13.00,-0.30,6,156000
107/07/27,6000,13.20,13.20,13.20,13.20,+0.20,6,79200
107/07/30,0,---,---,---,---,---,0,0
107/07/31,1000,13.30,13.30,13.30,13.30,+0.10,1,13300
107/08/01,9000,13.10,13.10,12.90,12.90,-0.40,4,117300
107/08/02,9000,12.45,13.40,12.45,13.40,+0.50,6,116900
107/08/03,0,---,---,---,---,---,0,0
107/08/06,4001,13.00,13.00,13.00,13.00,-0.25,5,52014
107/08/07,4000,13.00,13.20,13.00,13.05,+0.05,4,52300
107/08/08,5000,13.05,13.05,12.90,12.90,-0.15,4,64900
107/08/09,10000,12.70,12.70,12.40,12.55,-0.35,8,125300
107/08/10,7000,12.65,12.65,12.50,12.50,-0.05,4,87800
107/08/13,10000,12.45,12.45,11.85,12.00,-0.50,10,121050
107/08/14,42000,11.90,11.90,11.50,11.55,-0.45,26,484650
107/08/15,19000,11.60,11.60,11.30,11.30,-0.25,13,216450
107/08/16,9000,11.45,11.45,11.30,11.30,0.00,4,102300
107/08/17,20000,11.65,12.10,11.50,11.65,+0.35,20,234000
107/08/20,5000,11.50,11.65,11.40,11.60,-0.05,4,57800
107/08/21,5000,11.40,11.55,11.40,11.55,-0.05,3,57600
107/08/22,2000,11.50,11.50,11.40,11.40,-0.15,2,22900
107/08/23,3000,11.60,11.60,11.55,11.55,+0.15,3,34700
107/08/24,1000,11.90,11.90,11.90,11.90,+0.35,1,11900
107/08/27,6000,12.20,12.20,11.60,11.65,-0.25,5,70350
107/08/28,8000,11.60,11.60,11.50,11.50,-0.15,5,92200
107/08/29,2000,11.50,11.65,11.50,11.65,+0.15,2,23150
107/08/30,0,---,---,---,---,---,0,0
107/08/31,1000,11.60,11.60,11.60,11.60,-0.05,1,11600
107/09/03,2000,11.80,11.80,11.50,11.50,-0.10,2,23300
107/09/04,0,---,---,---,---,---,0,0
107/09/05,6000,11.80,11.80,11.30,11.30,-0.20,6,68650
107/09/06,8000,11.30,11.30,11.30,11.30,0.00,7,90400
107/09/07,6000,11.50,11.65,11.35,11.35,+0.05,6,69100
107/09/10,1000,11.25,11.25,11.25,11.25,-0.10,1,11250
107/09/11,12000,11.50,11.60,11.35,11.35,+0.10,10,137950
107/09/12,4000,11.35,11.35,11.35,11.35,0.00,2,45400
107/09/13,1000,11.30,11.30,11.30,11.30,-0.05,1,11300
107/09/14,4000,11.40,12.00,11.40,11.90,+0.60,4,46900
107/09/17,8000,11.90,11.90,11.85,11.85,-0.05,5,95100
107/09/18,0,---,---,---,---,---,0,0
107/09/19,81000,11.80,12.60,11.80,12.20,+0.45,38,972350
107/09/20,16000,12.30,12.45,12.30,12.40,+0.20,12,197700
107/09/21,7000,12.05,12.30,12.05,12.10,-0.30,6,84950
107/09/25,30000,12.10,12.10,11.65,11.65,-0.45,16,355950
107/09/26,13000,11.80,11.80,11.60,11.60,-0.05,7,151450
107/09/27,4000,11.60,11.60,11.60,11.60,0.00,2,46400
107/09/28,1000,11.75,11.75,11.75,11.75,+0.15,1,11750
107/10/01,13000,11.75,11.75,11.40,11.40,-0.35,10,149100
107/10/02,4000,11.45,11.55,11.40,11.55,+0.15,4,45800
107/10/03,25000,11.70,11.90,11.70,11.70,+0.15,8,294950
107/10/04,13000,11.60,11.60,11.50,11.50,-0.20,8,149800
107/10/05,7000,11.40,11.40,11.15,11.35,-0.15,6,79050
107/10/08,4000,11.10,11.25,11.10,11.20,-0.15,3,44750
107/10/09,1000,11.25,11.25,11.25,11.25,+0.05,1,11250
107/10/11,21000,11.00,11.20,10.50,10.80,-0.45,14,229000
107/10/12,20000,9.86,10.50,9.86,10.50,-0.30,12,202150
107/10/15,2000,10.05,10.40,10.05,10.40,-0.10,2,20450
107/10/16,6000,10.35,11.00,10.35,10.40,0.00,6,63700
107/10/17,3000,10.70,10.70,10.25,10.25,-0.15,3,31200
107/10/18,3000,10.30,10.30,10.30,10.30,+0.05,3,30900
107/10/19,12000,9.52,10.35,9.52,10.35,+0.05,11,119890
107/10/22,0,---,---,---,---,---,0,0
107/10/23,9000,9.92,10.30,9.92,10.20,-0.15,9,90580
107/10/24,30000,10.05,11.15,10.05,11.15,+0.95,14,309800
107/10/25,18000,10.60,11.15,10.50,10.85,-0.30,10,192950
107/10/26,13000,11.00,11.30,10.50,10.85,0.00,10,139800
107/10/29,1000,10.70,10.70,10.70,10.70,-0.15,1,10700
107/10/30,10000,9.86,10.55,9.86,10.55,-0.15,9,102360
107/10/31,11000,10.75,10.75,10.20,10.40,-0.15,6,113650
107/11/01,5000,10.75,10.90,10.40,10.90,+0.50,5,53150
107/11/02,12000,10.60,11.65,10.60,11.20,+0.30,6,135100
107/11/08,8000,10.55,10.95,10.55,10.70,-0.25,6,86200
107/11/09,13000,10.40,10.85,10.40,10.85,+0.15,10,138850
107/11/12,16000,10.85,11.30,10.85,11.15,+0.30,13,179250
107/11/16,48000,14.20,14.25,13.35,13.45,-0.75,32,660100
107/11/19,8000,13.70,13.70,13.50,13.50,+0.05,5,108400
107/11/20,19000,12.65,13.35,12.65,13.35,-0.15,15,244850
107/11/21,11000,12.80,13.20,12.80,13.20,-0.15,10,142150
107/11/22,7000,13.50,13.50,12.85,12.85,-0.35,6,91000
107/11/23,6000,12.85,12.85,12.75,12.75,-0.10,3,76750
107/11/26,3000,12.80,12.80,12.80,12.80,+0.05,2,38400
107/11/27,15000,12.80,13.45,12.60,13.40,+0.60,12,193600
107/11/28,3000,13.10,13.50,13.10,13.15,-0.25,3,39750
107/11/29,4000,13.40,13.40,13.35,13.35,+0.20,4,53450
107/11/30,8000,13.60,13.60,13.50,13.50,+0.15,6,108400
107/12/03,17000,13.50,14.00,13.50,14.00,+0.50,15,234000
107/12/04,41000,14.20,14.50,14.10,14.25,+0.25,22,584900
107/12/05,23000,14.00,14.90,14.00,14.45,+0.20,16,329400
107/12/06,9000,14.20,14.70,14.10,14.45,0.00,8,128550
107/12/07,25000,15.25,15.25,14.50,14.60,+0.15,15,368600
107/12/10,41000,13.50,16.00,13.50,15.30,+0.70,34,618400
107/12/11,45000,15.40,15.55,14.70,15.20,-0.10,21,681350
107/12/12,23000,15.00,15.40,14.80,15.00,-0.20,15,343600
107/12/13,15000,15.30,15.30,14.60,15.15,+0.15,11,223650
107/12/14,18000,15.00,15.10,14.80,15.05,-0.10,9,267300
107/12/17,1000,15.20,15.20,15.20,15.20,+0.15,1,15200
107/12/18,12000,14.80,15.00,14.70,14.85,-0.35,7,178050
107/12/19,4000,14.80,14.80,14.70,14.70,-0.15,2,59000
107/12/20,11000,14.70,14.90,14.60,14.90,+0.20,6,161500
107/12/21,26000,14.90,14.90,14.65,14.90,0.00,13,384150
107/12/22,16000,14.90,14.90,14.70,14.75,-0.15,8,236600
107/12/24,2000,14.90,14.90,14.75,14.75,0.00,2,29650
107/12/25,0,---,---,---,---,---,0,0
107/12/26,20000,14.90,16.00,14.90,15.10,+0.40,13,302300
107/12/27,5000,15.10,15.30,15.10,15.30,+0.20,5,76100
107/12/28,9000,15.40,15.40,14.75,14.75,-0.55,7,133400
108/01/02,12000,15.50,15.50,15.40,15.45,+0.70,12,185650
108/01/03,6000,15.40,15.40,15.35,15.40,-0.05,4,92300
108/01/04,1000,15.30,15.30,15.30,15.30,-0.10,1,15300
108/01/07,22000,15.50,15.50,15.00,15.20,-0.10,10,331000
108/01/08,17000,15.40,15.40,14.75,14.75,-0.45,9,252050
108/01/09,15000,14.90,15.00,14.90,15.00,+0.25,8,224700
108/01/10,2000,15.00,15.00,14.90,14.90,-0.10,2,29900
108/01/11,178000,16.35,16.35,16.30,16.35,+1.45,75,2910250
108/01/14,328000,17.90,17.95,17.25,17.25,+0.90,158,5838300
108/01/15,105002,17.25,17.35,16.70,16.70,-0.55,61,1782382
108/01/16,155148,16.70,18.35,16.70,18.35,+1.65,91,2758365
108/01/17,261540,19.55,20.10,18.00,20.00,+1.65,153,4974089
108/01/18,171000,19.85,19.85,18.70,18.85,-1.15,97,3266150
108/01/21,86000,18.60,19.75,18.50,19.10,+0.25,56,1658250
108/01/22,66000,19.10,19.10,18.00,18.70,-0.40,41,1226000
108/01/23,28000,18.60,19.00,18.25,18.75,+0.05,22,521150
108/01/28,51000,18.50,18.85,18.00,18.70,+0.25,35,933450
108/01/29,52000,18.50,19.75,18.40,19.70,+1.00,41,1000250
108/01/30,50000,19.20,19.25,18.80,19.00,-0.70,34,951000
108/02/11,61000,18.25,19.95,18.15,19.95,+0.95,37,1132650
108/02/12,50000,18.50,19.50,18.50,18.80,-1.15,36,940050
108/02/13,21000,18.70,19.30,18.65,18.90,+0.10,18,394850
108/02/14,37000,18.90,18.90,18.15,18.90,0.00,22,692050
108/02/15,19010,18.75,18.95,18.50,18.95,+0.05,15,357389
108/02/18,106053,19.90,19.90,19.25,19.60,+0.65,58,2084888
108/02/19,37000,19.50,19.50,19.10,19.30,-0.30,32,712500
108/02/20,42000,19.20,19.30,19.05,19.30,0.00,21,802250
108/02/21,38000,19.20,19.35,19.05,19.30,0.00,19,729800
108/02/22,7000,19.15,19.60,19.15,19.40,+0.10,7,135700
108/02/25,46200,19.45,19.50,19.35,19.35,-0.05,32,895890
108/02/26,13000,19.30,19.55,19.30,19.35,0.00,11,252400
108/02/27,24000,19.35,19.50,19.30,19.30,-0.05,17,464400
108/03/04,73000,19.35,19.85,19.30,19.85,+0.55,43,1424300
108/03/05,103000,19.80,20.45,19.70,20.35,+0.50,72,2083750
108/03/06,101000,20.55,21.50,20.45,21.40,+1.05,80,2125250
108/03/07,110000,21.60,21.80,20.90,21.65,+0.25,76,2339650
108/03/08,23000,21.10,21.80,21.05,21.80,+0.15,19,496300
108/03/11,88000,21.50,21.50,20.35,20.70,-1.10,65,1821300
108/03/12,31053,20.70,20.70,20.40,20.55,-0.15,24,637178
108/03/13,88000,20.55,20.55,19.45,19.50,-1.05,51,1747500
108/03/14,27000,19.80,20.05,19.80,19.85,+0.35,18,537450
108/03/15,38000,20.00,20.00,19.35,19.50,-0.35,21,746750
108/03/18,31000,19.40,19.50,18.95,19.50,0.00,23,594650
108/03/19,11000,18.95,19.60,18.90,19.60,+0.10,6,208750
108/03/20,30000,19.20,20.35,19.20,20.15,+0.55,25,598800
108/03/21,53000,20.15,20.80,20.15,20.50,+0.35,38,1082400
108/03/22,42000,20.50,20.50,20.00,20.05,-0.45,29,847750
108/03/25,16000,19.85,19.95,19.75,19.75,-0.30,15,316600
108/03/26,11000,20.35,20.35,19.90,20.10,+0.35,10,222100
108/03/27,19000,20.05,20.10,20.05,20.05,-0.05,5,381000
108/03/28,202000,20.05,22.05,20.05,22.05,+2.00,100,4395950
108/03/29,354000,23.10,24.25,22.25,24.25,+2.20,246,8362650
