﻿均華,	6640
日期,成交股數,開盤價,最高價,最低價,收盤價,漲跌價差,成交筆數,成交金額
107/10/23,850050,37.50,41.00,37.50,39.60,+2.10,518,33016050
107/10/24,367664,38.10,38.95,37.90,38.10,-1.50,260,14064832
107/10/25,314020,37.70,38.45,37.50,38.00,-0.10,179,11868704
107/10/26,118100,38.85,38.85,37.70,37.90,-0.10,71,4474990
107/10/29,202018,38.10,38.10,36.85,37.45,-0.45,123,7575416
107/10/30,210400,36.95,37.45,36.00,36.00,-1.45,140,7695869
107/10/31,84010,37.00,37.30,36.00,37.30,+1.30,64,3088272
107/11/01,64117,37.30,37.50,36.80,37.50,+0.20,55,2383590
107/11/02,43000,37.50,38.10,37.50,37.80,+0.30,33,1628700
107/11/08,22388,37.50,37.50,37.00,37.20,-0.20,23,835744
107/11/09,23000,37.50,37.50,36.35,37.15,-0.05,19,843600
107/11/12,20062,36.40,37.00,36.40,36.45,-0.70,18,734030
107/11/16,16000,35.10,36.50,35.10,36.50,+0.50,14,576400
107/11/19,9000,36.50,36.50,36.00,36.00,-0.50,7,327700
107/11/20,20000,36.50,36.50,35.80,35.80,-0.20,16,718800
107/11/21,20000,36.00,36.45,36.00,36.00,+0.20,10,723600
107/11/22,33000,35.90,35.90,35.40,35.90,-0.10,15,1175300
107/11/23,3000,35.35,35.90,35.35,35.90,0.00,3,107100
107/11/26,11020,35.90,36.00,35.10,35.90,0.00,8,390075
107/11/27,21000,35.80,35.80,35.40,35.80,-0.10,12,746350
107/11/28,24000,35.75,35.85,35.15,35.75,-0.05,18,856500
107/11/29,24005,35.80,35.80,35.30,35.35,-0.40,17,854128
107/11/30,137000,35.35,38.85,35.35,38.85,+3.50,77,5228500
107/12/03,159000,40.00,40.00,38.35,38.85,0.00,107,6241550
107/12/04,57000,38.30,39.00,37.30,38.00,-0.85,39,2167750
107/12/05,67000,36.05,37.45,36.05,36.65,-1.35,42,2465750
107/12/06,38000,37.50,37.50,36.15,36.15,-0.50,25,1381700
107/12/07,17000,37.00,37.00,36.35,36.35,+0.20,15,624950
107/12/10,9030,36.35,36.50,35.65,35.65,-0.70,10,328122
107/12/11,15000,36.65,36.70,35.60,35.65,0.00,10,539650
107/12/12,11030,36.90,36.90,36.00,36.70,+1.05,12,401431
107/12/13,6040,36.05,36.45,36.00,36.45,-0.25,7,218492
107/12/14,115075,36.00,37.00,36.00,36.85,+0.40,27,4159092
107/12/17,37000,36.05,36.30,35.55,36.05,-0.80,26,1332300
107/12/18,10000,35.90,35.90,35.50,35.75,-0.30,8,357200
107/12/19,25000,36.00,36.70,36.00,36.50,+0.75,19,909500
107/12/20,12000,36.50,36.50,35.90,35.90,-0.60,12,434400
107/12/21,11000,35.90,35.90,35.70,35.90,0.00,7,394700
107/12/22,7000,35.90,36.70,35.90,36.20,+0.30,6,254750
107/12/24,3100,36.70,36.70,36.55,36.55,+0.35,4,113920
107/12/25,19050,36.60,38.70,36.10,36.20,-0.35,18,703705
107/12/26,17101,36.20,36.30,35.50,35.50,-0.70,13,618506
107/12/27,2050,35.80,36.25,35.80,36.25,+0.75,3,73865
107/12/28,15000,36.95,36.95,36.00,36.00,-0.25,7,541900
108/01/02,10050,36.25,36.30,35.30,36.00,0.00,9,363030
108/01/03,7000,34.85,35.50,34.85,35.50,-0.50,6,246450
108/01/04,0,---,---,---,---,---,0,0
108/01/07,6100,35.75,35.75,35.75,35.75,+0.30,4,218040
108/01/08,11100,35.60,35.70,35.60,35.60,-0.15,8,395295
108/01/09,5000,35.60,36.00,35.60,36.00,+0.40,5,179150
108/01/10,20060,36.00,36.30,36.00,36.30,+0.30,10,724231
108/01/11,5000,36.35,36.40,36.35,36.40,+0.10,4,181900
108/01/14,3000,35.50,35.60,35.50,35.60,-0.80,3,106700
108/01/15,6200,35.60,36.30,35.60,36.20,+0.60,9,224139
108/01/16,5000,36.30,36.50,36.30,36.50,+0.30,5,181700
108/01/17,5000,36.80,36.85,36.40,36.50,0.00,4,183050
108/01/18,10000,36.50,36.60,36.10,36.60,+0.10,9,363100
108/01/21,10000,36.75,37.00,36.70,36.70,+0.10,9,368200
108/01/22,5000,36.00,36.20,36.00,36.20,-0.50,5,180400
108/01/23,6120,36.00,36.10,36.00,36.10,-0.10,5,220756
108/01/28,7238,36.60,36.90,36.35,36.35,-1.25,10,264950
108/01/29,14000,36.75,36.75,36.10,36.10,-0.25,8,506350
108/01/30,8070,36.20,36.60,36.20,36.50,+0.40,6,292879
108/02/11,6000,37.00,37.00,36.50,36.50,0.00,2,219500
108/02/12,20000,36.80,36.80,36.25,36.25,-0.25,13,730300
108/02/13,50300,36.25,36.80,35.50,36.80,+0.55,29,1805170
108/02/14,21100,36.05,36.50,36.00,36.25,-0.55,19,764760
108/02/15,29010,35.65,36.60,35.65,35.70,-0.55,20,1041760
108/02/18,37000,35.70,35.70,35.00,35.70,0.00,21,1302950
108/02/19,7003,36.15,36.15,36.00,36.10,+0.40,8,252409
108/02/20,30000,36.10,37.25,36.10,36.60,+0.50,20,1098950
108/02/21,28000,36.60,36.80,36.30,36.30,-0.30,11,1022000
108/02/22,4000,36.40,36.80,36.35,36.70,+0.40,4,146250
108/02/25,43000,37.00,37.60,37.00,37.60,+0.90,34,1601100
108/02/26,22000,37.40,37.40,37.15,37.15,-0.45,14,820000
108/02/27,10100,37.35,37.35,37.00,37.00,-0.15,9,375860
108/03/04,16000,37.20,37.25,37.15,37.25,+0.25,13,595150
108/03/05,12000,37.00,37.20,36.90,37.20,-0.05,10,444850
108/03/06,25000,37.15,37.20,36.80,37.20,0.00,21,924400
108/03/07,33000,37.20,37.20,36.10,36.50,-0.70,23,1210800
108/03/08,19000,36.40,36.80,36.00,36.00,-0.50,13,689100
108/03/11,9000,36.70,36.80,35.85,35.85,-0.15,9,325800
108/03/12,12003,36.05,36.15,36.05,36.10,+0.25,13,433059
108/03/13,6000,36.15,36.50,36.15,36.50,+0.40,6,218600
108/03/14,1000,36.50,36.50,36.50,36.50,0.00,1,36500
108/03/15,15000,36.90,37.00,36.90,36.90,+0.40,15,554300
108/03/18,27000,36.95,37.10,36.80,36.80,-0.10,16,998000
108/03/19,10000,36.80,36.90,36.80,36.80,0.00,7,368350
108/03/20,26235,36.80,37.50,36.70,37.50,+0.70,23,972059
108/03/21,448315,38.50,41.25,38.15,41.25,+3.75,282,17969415
108/03/22,394234,41.10,42.25,40.60,41.50,+0.25,270,16316351
108/03/25,167116,41.00,41.10,39.30,40.40,-1.10,133,6710350
108/03/26,165000,39.90,40.80,39.90,40.65,+0.25,95,6668900
108/03/27,133009,40.15,40.65,39.40,39.70,-0.95,74,5317857
108/03/28,227000,39.30,42.00,39.30,41.00,+1.30,145,9248800
108/03/29,124000,41.10,41.50,40.60,40.65,-0.35,92,5071750
108/04/01,114000,40.25,41.05,40.25,40.70,+0.05,75,4644850
108/04/02,238435,40.50,43.00,40.50,42.50,+1.80,156,9973287
108/04/03,88000,42.30,42.30,41.75,41.85,-0.65,74,3686300
108/04/08,219007,41.45,43.70,41.45,43.50,+1.65,137,9320404
108/04/09,211100,43.00,44.50,42.80,42.80,-0.70,123,9195984
108/04/10,122000,42.30,42.60,42.05,42.30,-0.50,56,5168000
108/04/11,372325,39.75,40.45,38.50,39.20,-3.10,233,14661131
108/04/12,67155,38.70,39.50,38.70,39.00,-0.20,44,2629245
108/04/15,152170,39.00,39.00,38.50,39.00,0.00,72,5886860
108/04/16,92300,39.00,39.00,38.55,38.85,-0.15,45,3567715
108/04/17,98500,38.90,40.40,38.90,40.00,+1.15,71,3913050
108/04/18,40000,39.65,40.20,39.65,39.85,-0.15,23,1600950
108/04/19,72000,39.60,40.00,39.40,39.60,-0.25,50,2855750
108/04/22,42001,39.80,40.15,39.40,40.15,+0.55,23,1671289
108/04/23,20050,40.60,40.60,40.60,40.60,+0.45,14,814025
108/04/24,29000,40.60,40.65,40.05,40.65,+0.05,17,1176800
108/04/25,1,---,---,---,---,---,1,37
108/04/26,10001,39.75,40.00,39.45,40.00,-0.65,10,397189
108/04/29,25000,39.10,40.50,39.00,40.50,+0.50,21,985050
108/04/30,24000,40.00,40.50,40.00,40.35,-0.15,12,967350
108/05/02,3100,40.20,40.30,40.20,40.30,-0.05,4,124730
108/05/03,9000,39.65,40.20,39.50,40.20,-0.10,7,357400
108/05/06,29000,39.60,39.70,39.00,39.05,-1.15,21,1143550
108/05/07,12000,39.50,39.70,39.45,39.70,+0.65,11,474650
108/05/08,13000,39.00,39.50,39.00,39.50,-0.20,10,510100
108/05/09,16060,39.55,39.55,39.00,39.50,0.00,15,630460
108/05/10,19000,39.10,39.10,38.70,39.00,-0.50,16,740850
108/05/13,5000,38.50,38.50,38.50,38.50,-0.50,3,192500
108/05/14,17000,38.65,38.95,38.20,38.95,+0.45,16,655450
108/05/15,4102,38.30,39.00,38.30,39.00,+0.05,5,159152
108/05/16,22000,39.05,39.05,38.60,38.80,-0.20,15,854500
108/05/17,7000,38.50,38.80,38.30,38.80,0.00,7,269500
108/05/20,12000,38.40,38.80,38.35,38.80,0.00,12,462650
108/05/21,7000,38.50,38.80,38.50,38.80,0.00,7,270800
108/05/22,23000,38.80,38.80,38.50,38.80,0.00,9,886400
108/05/23,36001,38.60,38.60,37.00,38.05,-0.75,19,1361387
108/05/24,7000,38.00,38.40,38.00,38.35,+0.30,7,267400
108/05/27,13000,37.50,38.20,37.50,38.20,-0.15,11,488900
108/05/28,1050,38.40,38.40,38.40,38.40,+0.20,2,40337
108/05/29,7000,38.00,38.25,37.80,38.25,-0.15,7,265900
108/05/30,9020,38.00,38.10,37.60,38.10,-0.15,9,341169
108/05/31,6000,37.85,38.25,37.85,38.25,+0.15,5,227550
108/06/03,19000,37.55,38.25,37.50,38.25,0.00,10,715650
108/06/04,3000,37.90,38.25,37.90,38.25,0.00,3,114050
108/06/05,5000,38.25,38.25,38.25,38.25,0.00,4,191250
108/06/06,1000,38.25,38.25,38.25,38.25,0.00,1,38250
108/06/10,13000,38.20,38.85,37.60,38.85,+0.60,6,492100
108/06/11,7100,37.80,38.55,37.80,38.55,-0.30,7,271455
108/06/12,11000,37.90,38.05,37.90,38.05,-0.50,8,417650
108/06/13,0,---,---,---,---,---,0,0
108/06/14,15000,37.70,38.15,37.65,38.15,+0.10,7,565350
108/06/17,20000,38.10,38.30,37.75,38.30,+0.15,9,759000
108/06/18,6000,38.00,38.20,37.85,38.15,-0.15,4,228600
108/06/19,23000,38.30,38.55,38.30,38.55,+0.40,17,883250
108/06/20,22000,38.70,39.50,38.70,39.50,+0.95,17,860200
108/06/21,25000,39.50,40.00,39.20,39.50,0.00,22,991350
108/06/24,11000,39.50,39.70,39.05,39.70,+0.20,9,432150
108/06/25,2500,39.70,39.70,39.70,39.70,0.00,3,99250
108/06/26,0,---,---,---,---,---,0,0
108/06/27,23409,39.50,39.80,39.50,39.80,+0.30,12,924955
108/06/28,35000,39.80,39.80,39.10,39.10,-0.70,23,1382300
