﻿鈺太,	6679
日期,成交股數,開盤價,最高價,最低價,收盤價,漲跌價差,成交筆數,成交金額
108/05/09,1205500,90.90,90.90,85.40,86.00,+16.00,854,104906800
108/05/10,791790,85.30,91.90,85.30,89.90,+3.90,590,70714821
108/05/13,348095,89.00,89.00,85.40,85.70,-4.20,249,30076951
108/05/14,738050,84.00,84.00,80.70,83.80,-1.90,442,60778925
108/05/15,821458,83.60,90.80,83.20,90.80,+7.00,503,72268193
108/05/16,662003,88.30,92.90,88.00,90.30,-0.50,481,59783776
108/05/17,463023,91.40,91.40,88.00,90.60,+0.30,315,41319163
108/05/20,307152,91.30,91.30,88.00,89.80,-0.80,230,27510173
108/05/21,225098,89.30,90.10,87.00,88.50,-1.30,158,19948984
108/05/22,200053,87.90,90.20,87.80,89.00,+0.50,127,17821069
108/05/23,240100,88.00,88.00,85.70,85.80,-3.20,170,20730388
108/05/24,250050,85.80,86.20,83.20,84.00,-1.80,175,21040375
108/05/27,159043,84.80,84.80,81.30,82.00,-2.00,128,13072151
108/05/28,217026,82.00,84.50,80.90,83.80,+1.80,132,17802210
108/05/29,148000,83.70,84.40,82.00,83.50,-0.30,101,12344500
108/05/30,74000,82.90,84.20,82.90,83.40,-0.10,57,6163500
108/05/31,128000,83.30,84.60,83.30,84.20,+0.80,111,10761200
108/06/03,65006,83.40,83.60,82.00,83.50,-0.70,59,5406096
108/06/04,39000,83.90,83.90,82.70,82.70,-0.80,36,3237300
108/06/05,127000,83.80,84.40,82.50,82.70,0.00,79,10569900
108/06/06,200150,83.00,83.00,80.40,80.50,-2.20,108,16250900
108/06/10,191200,82.00,83.70,81.00,83.20,+2.70,150,15835100
108/06/11,231010,84.00,86.50,84.00,85.80,+2.60,191,19690858
108/06/12,118023,85.50,85.90,83.50,85.00,-0.80,94,9979448
108/06/13,103000,85.30,85.30,83.20,83.30,-1.70,65,8642000
108/06/14,94000,84.00,84.40,82.50,84.20,+0.90,51,7829200
108/06/17,31000,84.60,84.60,83.20,84.10,-0.10,29,2602500
108/06/18,43000,83.90,84.60,83.90,84.20,+0.10,41,3622600
108/06/19,152000,84.90,85.50,84.40,85.40,+1.20,114,12929400
108/06/20,74226,87.00,87.00,85.20,85.50,+0.10,57,6351432
108/06/21,238013,86.00,88.40,84.70,87.50,+2.00,171,20608541
108/06/24,1045591,87.90,95.00,87.80,95.00,+7.50,784,96323245
108/06/25,725300,95.00,97.90,92.50,95.00,0.00,565,69046870
108/06/26,425050,94.50,97.80,93.50,97.00,+2.00,339,40758150
108/06/27,387350,97.00,97.70,95.20,96.50,-0.50,312,37448968
108/06/28,890500,97.20,101.50,95.70,100.00,+3.50,602,88559448
108/07/01,1103925,102.00,107.00,100.50,105.00,+5.00,696,114315125
108/07/02,1163844,104.50,113.50,103.00,108.50,+3.50,798,126884496
108/07/03,2523042,108.50,119.00,107.00,115.50,+7.00,1651,291590830
108/07/04,2248830,117.50,122.00,115.50,116.50,+1.00,1700,265476193
108/07/05,1116047,117.00,118.00,113.00,114.00,-2.50,912,128113880
108/07/08,1414323,115.50,120.50,113.50,116.50,+2.50,1073,165717627
108/07/09,877310,116.00,117.50,111.50,113.00,-3.50,598,100635840
108/07/10,1064501,115.00,119.00,113.50,116.50,+3.50,777,124488366
108/07/11,1955100,117.00,123.50,116.50,119.00,+2.50,1467,235708600
108/07/12,1074572,120.00,122.00,117.50,122.00,+3.00,884,128873784
108/07/15,588300,122.00,122.50,118.00,118.50,-3.50,472,70445700
108/07/16,468274,118.50,121.00,118.50,118.50,0.00,377,56048969
108/07/17,767536,118.50,118.50,113.50,113.50,-5.00,628,88373640
108/07/18,255185,115.50,116.00,113.00,113.50,0.00,222,29171497
108/07/19,547286,116.00,118.50,115.00,117.50,+4.00,416,64228034
108/07/22,970300,120.00,123.00,117.00,117.00,-0.50,739,115810949
108/07/23,458325,118.50,118.50,113.50,115.00,-2.00,381,52806875
108/07/24,452225,115.00,116.00,112.00,112.00,-3.00,343,51184762
108/07/25,510000,112.50,115.00,109.00,115.00,+3.00,346,57275500
108/07/26,473035,115.00,118.00,115.00,115.00,0.00,400,55017490
108/07/29,339274,115.00,115.00,110.50,111.50,-3.50,292,37974688
108/07/30,693230,112.50,112.50,104.50,107.50,-4.00,503,74062225
108/07/31,260050,107.00,110.50,104.00,109.50,+2.00,211,27942450
108/08/01,137270,109.00,111.50,108.00,109.00,-0.50,118,15091930
108/08/02,282939,106.00,107.00,104.00,105.00,-4.00,227,29889156
108/08/05,196300,105.50,106.00,102.50,103.50,-1.50,144,20375400
108/08/06,620255,100.00,105.00,98.70,105.00,+1.50,476,62594975
108/08/07,214011,105.00,105.00,102.00,103.00,,183,22130633
108/08/08,788453,107.00,111.00,105.00,108.00,+5.00,644,85461924
108/08/12,442256,106.00,110.00,105.00,105.50,-2.50,338,47589007
108/08/13,218100,105.50,107.00,104.50,106.00,+0.50,180,23078000
108/08/14,359575,108.00,110.00,107.00,109.00,+3.00,304,39076100
108/08/15,184434,105.50,107.00,105.00,106.00,-3.00,146,19568221
108/08/16,159552,107.00,107.00,105.00,105.50,-0.50,145,16836012
108/08/19,287715,106.00,107.50,105.00,106.00,+0.50,254,30499575
108/08/20,2510261,106.00,116.50,105.50,115.00,+9.00,1622,284530015
108/08/21,1452100,115.00,117.00,112.00,116.00,+1.00,1052,166384050
108/08/22,2224921,116.00,121.50,115.50,118.50,+2.50,1655,265674637
108/08/23,1635611,118.00,122.00,115.50,117.00,-1.50,1198,194787681
108/08/26,1007502,113.00,115.00,111.00,112.00,-5.00,716,113433975
108/08/27,2725535,114.00,123.00,113.50,122.50,+10.50,1793,326659270
108/08/28,6090803,125.00,131.50,122.50,126.00,+3.50,4304,776953678
108/08/29,2869048,128.00,132.50,126.00,126.00,0.00,2148,371157048
108/08/30,1874450,130.00,131.50,121.50,122.00,-4.00,1441,237960625
108/09/02,3563196,124.50,133.50,124.00,133.50,+11.50,2504,464269068
108/09/03,1137457,133.00,134.00,130.00,130.00,-3.50,920,149896910
108/09/04,3617042,131.00,137.00,131.00,131.50,+1.50,2735,484270544
108/09/05,1572135,132.50,135.00,126.00,130.00,-1.50,1133,207140685
108/09/06,1365248,133.00,133.00,125.00,126.00,-4.00,1052,174948244
108/09/09,490327,126.50,127.50,125.00,127.00,+1.00,368,61947529
108/09/10,643010,128.00,131.00,124.50,126.00,-1.00,507,81744275
108/09/11,377100,126.00,129.00,125.00,128.00,+2.00,314,48115750
108/09/12,354500,129.50,129.50,127.00,127.00,-1.00,269,45465500
108/09/16,732706,127.00,131.00,126.50,127.00,0.00,566,94510162
108/09/17,311120,128.00,128.00,125.50,125.50,-1.50,227,39371060
108/09/18,804675,126.00,126.00,120.50,121.00,-4.50,610,98929512
108/09/19,632040,121.00,124.00,119.00,123.00,+2.00,507,76919460
108/09/20,817491,123.00,123.00,119.00,119.50,-3.50,629,98220665
108/09/23,244126,119.50,121.50,118.50,121.00,+1.50,204,29388998
108/09/24,293227,123.00,123.50,120.50,120.50,-0.50,264,35656467
108/09/25,193633,121.00,121.00,120.00,120.50,0.00,167,23370960
108/09/26,1395173,123.00,128.50,121.50,126.00,+5.50,1117,175723711
108/09/27,2139558,128.50,131.00,123.00,123.50,-2.50,1603,271957411
108/10/01,492480,123.50,123.50,120.50,122.00,-1.50,426,59829320
108/10/02,215205,122.00,123.00,120.50,122.50,+0.50,184,26178920
108/10/03,612223,120.50,122.50,118.00,121.50,-1.00,475,73589706
108/10/04,435200,121.50,124.00,120.50,121.00,-0.50,366,53159400
108/10/07,836709,121.00,121.00,116.00,117.00,-4.00,643,98701162
108/10/08,623117,117.00,118.00,114.00,116.00,-1.00,480,72155129
108/10/09,187699,115.50,116.00,114.50,114.50,-1.50,147,21573385
108/10/14,403043,116.00,119.00,116.00,117.50,+3.00,341,47330552
108/10/15,425215,118.00,121.00,118.00,119.00,+1.50,377,50907477
108/10/16,306062,121.00,121.00,118.00,119.00,0.00,221,36512033
108/10/17,152000,120.50,120.50,118.00,118.50,-0.50,118,18017000
108/10/18,1479007,119.00,129.00,118.00,127.00,+8.50,1195,184365389
108/10/21,2146250,128.50,133.00,127.00,128.00,+1.00,1683,278286874
108/10/22,2743559,128.50,135.50,128.00,135.50,+7.50,2111,363707181
108/10/23,6031785,139.00,149.00,136.00,144.00,+8.50,4368,871370431
108/10/24,2191604,144.00,146.50,140.00,145.50,+1.50,1674,314460881
108/10/25,4552042,147.00,157.50,145.00,145.00,-0.50,3474,687778608
108/10/28,2051200,150.00,153.50,146.50,148.00,+3.00,1571,306804300
108/10/29,1522386,148.50,149.50,140.50,143.00,-5.00,1164,220898774
108/10/30,4363462,146.00,156.00,145.50,153.00,+10.00,3349,662496072
108/10/31,3413253,157.50,162.00,153.00,153.00,0.00,2700,533642968
108/11/01,1090676,153.00,155.50,151.00,154.00,+1.00,896,167259791
108/11/04,899526,154.50,154.50,149.00,149.00,-5.00,695,135958607
108/11/05,1454349,148.50,157.00,148.50,154.00,+5.00,1133,223150746
108/11/06,1389236,151.50,154.50,148.50,151.50,-2.50,905,209927872
108/11/07,2038091,150.00,152.50,138.50,148.50,-3.00,1374,296190741
108/11/08,895350,150.50,151.00,143.00,143.50,-5.00,740,130149575
108/11/11,675270,141.00,142.00,138.00,139.00,-4.50,487,94641300
108/11/12,1316150,141.50,148.50,141.50,144.00,+5.00,1041,191818700
108/11/13,580184,144.00,148.00,143.00,145.50,+1.50,470,84125232
108/11/14,504409,146.50,147.00,142.50,143.50,-2.00,351,72867396
108/11/15,2794704,145.50,155.00,145.00,154.50,+11.00,2150,423447672
108/11/18,3546111,157.00,161.50,148.00,148.00,-6.50,2768,548428650
108/11/19,1419933,149.00,150.50,142.00,144.00,-4.00,1083,206636852
108/11/20,2023537,143.50,146.50,135.00,135.00,-9.00,1461,280356069
108/11/21,1265100,133.50,139.50,131.00,139.50,+4.50,953,171936700
108/11/22,614000,138.00,141.00,135.50,135.50,-4.00,515,84442500
108/11/25,756039,136.50,141.00,136.00,138.00,+2.50,622,105261096
108/11/26,1619570,139.00,149.00,137.00,146.50,+8.50,1298,232829005
108/11/27,3535544,146.50,156.00,146.50,149.00,+2.50,2711,536986870
108/11/28,4318170,153.00,157.50,151.00,156.00,+7.00,3216,670405200
108/11/29,2177201,159.00,159.50,152.00,152.00,-4.00,1639,339225356
108/12/02,2214110,153.50,158.50,148.50,158.50,+6.50,1660,342360265
108/12/03,2156070,154.50,158.00,152.00,152.00,-6.50,1690,333944780
108/12/04,5088204,154.50,162.00,153.00,154.00,+2.00,3804,802180416
108/12/05,1871341,155.00,159.00,154.50,159.00,+5.00,1430,292930729
108/12/06,5027274,165.00,171.00,161.50,162.50,+3.50,3949,827853572
108/12/09,1039256,164.00,164.50,159.50,161.00,-1.50,849,168290728
108/12/10,1748331,164.00,167.00,161.00,167.00,+6.00,1389,287016610
108/12/11,3150014,166.00,172.00,164.00,167.00,0.00,2435,529740343
108/12/12,2010288,170.00,171.50,164.00,164.00,-3.00,1501,337193585
108/12/13,2568301,166.00,166.00,150.00,155.00,-9.00,2091,402490359
108/12/16,3121374,156.00,170.00,154.50,166.00,+11.00,2381,510064517
108/12/17,4900343,167.50,174.50,166.50,169.00,+3.00,3814,837846310
108/12/18,7616122,174.50,181.00,172.50,176.00,+7.00,5735,1353974594
108/12/19,2317106,179.00,179.50,172.50,173.50,-2.50,1816,406022368
108/12/20,1731200,175.00,176.00,168.00,173.00,-0.50,1386,296920099
108/12/23,1796150,176.00,178.50,171.00,174.50,+1.50,1468,314296750
108/12/24,1606500,175.00,179.00,173.00,177.50,+3.00,1349,284238500
108/12/25,1244010,177.50,177.50,173.50,174.00,-3.50,995,218304240
108/12/26,818155,175.50,178.00,173.50,178.00,+4.00,707,143674900
108/12/27,3770145,179.50,186.00,175.00,175.00,-3.00,3087,681366100
108/12/30,950456,175.00,175.50,170.50,172.00,-3.00,804,164173300
108/12/31,1374062,173.00,179.00,171.00,177.50,+5.50,1110,242298191
109/01/02,1582200,181.50,183.00,178.00,178.00,+0.50,1210,285411500
109/01/03,1523145,179.50,183.00,175.50,177.00,-1.00,1262,273219882
109/01/06,1156710,175.50,176.00,170.50,171.00,-6.00,903,199181540
109/01/07,1667333,172.50,174.00,162.00,164.50,-6.50,1311,277473444
109/01/08,997605,161.00,167.00,160.00,162.50,-2.00,776,162785207
109/01/09,815233,167.00,167.50,164.00,167.00,+4.50,663,135326644
109/01/10,656150,169.00,170.00,165.00,165.00,-2.00,527,109588400
109/01/13,1045400,167.00,174.00,164.00,173.50,+8.50,786,177483400
109/01/14,924010,175.00,176.50,171.00,175.00,+1.50,775,161165285
109/01/15,542085,175.50,176.50,173.00,175.50,+0.50,473,94932679
109/01/16,1345953,176.50,181.00,176.00,178.50,+3.00,1064,240852899
109/01/17,801140,179.00,181.00,176.50,176.50,-2.00,661,143168270
109/01/20,584970,176.00,180.50,174.50,178.00,+1.50,492,104185644
109/01/30,931963,166.50,169.00,160.50,160.50,-17.50,681,152397060
109/01/31,1257431,163.50,169.50,153.00,168.50,+8.00,958,204237485
109/02/03,956323,160.00,163.50,155.50,159.50,-9.00,784,152843180
109/02/04,979000,162.00,164.00,159.00,160.00,+0.50,700,157603500
109/02/05,962746,159.50,160.00,154.00,154.50,-5.50,810,150666638
109/02/06,822720,156.50,162.00,155.50,162.00,+7.50,698,130693718
109/02/07,363600,160.00,160.50,155.00,156.50,-5.50,330,57313400
109/02/10,783295,155.00,157.00,151.50,156.00,-0.50,491,121291871
109/02/11,822257,160.00,162.50,158.50,160.00,+4.00,685,131942247
109/02/12,1666112,161.00,175.00,160.00,171.00,+11.00,1363,279383816
109/02/13,2224100,172.00,179.00,171.00,174.00,+3.00,1793,389104650
109/02/14,1500011,173.50,179.00,171.50,179.00,+5.00,1173,264308502
109/02/17,834017,177.50,180.50,175.50,177.00,-2.00,700,148293060
109/02/18,2600265,177.50,183.50,169.00,171.50,-5.50,2036,462168905
109/02/19,817000,172.50,176.00,171.00,172.00,+0.50,708,141302500
109/02/20,795003,174.00,176.00,169.00,172.50,+0.50,718,136802064
109/02/21,1009030,173.50,175.00,167.50,168.00,-4.50,872,171461085
109/02/24,564600,165.50,167.00,163.00,164.00,-4.00,489,93047200
109/02/25,1238368,160.50,173.00,160.50,168.50,+4.50,1099,208932692
109/02/26,1041063,166.00,169.50,164.00,164.00,-4.50,876,172241989
109/02/27,1023035,164.00,166.00,157.00,157.50,-6.50,868,163551974
109/03/02,493267,154.00,160.50,154.00,159.00,+1.50,437,77908453
109/03/03,416000,163.50,165.50,161.50,161.50,+2.50,393,68043000
109/03/04,282010,161.00,162.00,158.50,160.00,-1.50,251,45004605
109/03/05,495018,163.50,164.00,161.00,164.00,+4.00,394,80552650
109/03/06,1343050,165.50,170.00,161.50,161.50,-2.50,1119,224178725
109/03/09,669301,156.50,161.00,154.00,155.50,-6.00,574,105031757
109/03/10,791476,154.00,157.00,150.00,157.00,+1.50,663,121004232
109/03/11,415700,160.00,160.50,152.50,153.00,-4.00,361,65126349
109/03/12,1259596,148.00,148.00,138.00,138.00,-15.00,844,177451400
109/03/13,767236,124.50,127.50,124.50,127.00,-11.00,463,95835180
109/03/16,2455420,125.00,138.00,124.50,132.00,+5.00,1574,321887020
109/03/17,2831957,125.50,135.00,119.00,126.00,-6.00,1947,357083082
109/03/18,2293577,129.50,129.50,113.50,113.50,-12.50,1346,271401986
109/03/19,1039168,110.50,110.50,102.50,102.50,-11.00,680,108457640
109/03/20,5309543,98.00,109.50,95.00,95.00,-7.50,3892,547872871
109/03/23,1605845,93.00,93.00,85.50,85.60,-9.40,1063,139043028
109/03/24,1179131,91.00,94.10,89.20,94.10,+8.50,585,110134027
109/03/25,652541,102.50,103.50,101.50,103.50,+9.40,356,67232493
109/03/26,2657304,108.00,113.50,107.00,113.50,+10.00,1785,296154003
109/03/27,1405521,122.00,124.50,121.00,124.50,+11.00,722,174118364
109/03/30,2528150,119.50,130.00,117.00,123.50,-1.00,2023,314649900
109/03/31,3452016,127.00,134.50,122.50,126.00,+2.50,2721,445949160
109/04/01,2666423,128.50,135.00,128.00,133.50,+7.50,2117,349932028
109/04/06,1761810,138.50,142.00,133.50,134.50,+1.00,1468,239930943
109/04/07,1245160,138.50,139.00,134.50,135.00,+0.50,953,170468080
109/04/08,1775100,137.00,143.00,137.00,137.50,+2.50,1457,247826100
109/04/09,1391611,140.00,144.50,138.00,138.00,+0.50,1098,196366232
109/04/10,1072034,140.50,141.50,135.00,136.00,-2.00,825,147648709
109/04/13,1140373,135.50,138.00,128.50,138.00,+2.00,959,153017728
109/04/14,2713100,140.00,147.50,139.00,142.50,+4.50,2234,388793800
109/04/15,1085440,144.00,145.50,140.50,142.00,-0.50,849,154817480
109/04/16,528862,140.00,143.00,140.00,140.50,-1.50,453,74738042
109/04/17,2260300,143.50,148.00,141.50,148.00,+7.50,1895,328334900
109/04/20,2030226,151.00,152.00,143.00,145.00,-3.00,1802,297577770
109/04/21,1232154,144.00,146.50,136.50,140.00,-5.00,1054,173715714
109/04/22,712145,139.50,142.00,136.00,140.00,0.00,594,99340800
109/04/23,623500,143.00,143.00,138.00,138.00,-2.00,550,87656000
109/04/24,413050,136.50,140.00,136.00,139.00,+1.00,349,57166000
109/04/27,543050,143.00,143.00,141.00,141.50,+2.50,422,77062600
109/04/28,753460,142.50,144.50,141.00,144.00,+2.50,615,107905700
109/04/29,5000906,146.50,158.00,146.50,158.00,+14.00,3539,767239648
109/04/30,2319109,158.00,159.50,155.00,156.00,-2.00,1849,364747004
109/05/04,733570,151.50,154.00,150.50,154.00,-2.00,623,111655780
109/05/05,2860665,159.50,164.00,155.00,156.50,+2.50,2443,456162070
109/05/06,2743940,161.00,165.00,157.00,158.50,+2.00,2269,440946900
109/05/07,1169535,160.00,161.50,157.00,161.00,+2.50,960,186017170
109/05/08,2106764,164.00,169.00,162.50,163.50,+2.50,1949,347401560
109/05/11,863675,166.50,167.00,162.50,163.00,-0.50,744,141638200
109/05/12,1506680,164.50,164.50,153.50,155.00,-8.00,1343,237586260
109/05/13,887000,155.50,158.00,152.00,155.50,+0.50,749,137069000
109/05/14,1292769,154.00,154.00,146.00,148.00,-7.50,1144,193449850
109/05/15,1681296,151.00,151.00,142.00,145.00,-3.00,1330,243365512
109/05/18,672301,145.00,148.00,140.00,144.00,-1.00,582,96404446
109/05/19,611234,148.50,149.00,144.00,148.50,+4.50,499,89672334
109/05/20,502500,149.50,151.50,147.50,150.00,+1.50,449,75029000
109/05/21,1152063,153.00,156.00,151.00,151.50,+1.50,922,176282702
109/05/22,578713,150.50,151.50,145.00,146.00,-5.50,491,85602237
109/05/25,450085,146.50,148.50,142.00,145.00,-1.00,399,64821995
109/05/26,1727517,147.50,155.50,145.50,155.00,+10.00,1399,261599669
109/05/27,2967083,158.00,161.00,155.50,156.50,+1.50,2376,469067031
109/05/28,1688044,158.50,159.00,149.00,149.00,-7.50,1428,257397076
109/05/29,748020,149.50,151.00,144.50,148.00,-1.00,616,110473100
