﻿東捷資訊,	6697
日期,成交股數,開盤價,最高價,最低價,收盤價,漲跌價差,成交筆數,成交金額
108/12/26,1567800,50.60,51.80,47.80,47.95,+5.35,1124,78894210
108/12/27,717002,47.50,47.50,44.65,45.05,-2.90,561,32804641
108/12/30,325200,44.60,45.50,43.70,43.90,-1.15,274,14372640
108/12/31,216500,44.30,44.35,43.00,43.10,-0.80,184,9433750
109/01/02,157000,43.20,44.00,43.15,43.50,+0.40,140,6828050
109/01/03,345000,43.50,43.50,41.50,41.50,-2.00,258,14529650
109/01/06,295751,40.70,40.80,38.75,39.30,-2.20,227,11702364
109/01/07,116060,39.30,39.30,38.30,38.60,-0.70,94,4486042
109/01/08,128100,39.00,39.95,39.00,39.10,+0.50,104,5039875
109/01/09,51030,39.00,39.50,38.85,39.20,+0.10,49,1996773
109/01/10,56071,39.20,39.25,38.65,38.65,-0.55,43,2187619
109/01/13,81179,38.80,39.95,38.80,39.40,+0.75,71,3202802
109/01/14,121000,39.50,40.30,39.50,40.30,+0.90,92,4851750
109/01/15,111110,40.35,40.80,40.10,40.55,+0.25,84,4504561
109/01/16,80170,40.65,40.65,40.20,40.20,-0.35,61,3239934
109/01/17,71010,40.25,40.25,39.50,39.90,-0.30,62,2833252
109/01/20,57100,39.90,39.95,39.20,39.30,-0.60,52,2257030
109/01/30,131000,37.00,37.00,35.40,35.40,-3.90,101,4680750
109/01/31,74000,35.80,35.80,34.20,34.30,-1.10,64,2564700
109/02/03,117297,33.40,33.50,32.00,32.30,-2.00,93,3820767
109/02/04,85000,33.50,34.00,33.00,33.45,+1.15,63,2848700
109/02/05,41000,33.45,34.25,33.45,33.65,+0.20,38,1385800
109/02/06,212000,34.00,37.00,33.90,37.00,+3.35,131,7747200
109/02/07,240000,36.95,39.45,36.50,37.40,+0.40,195,9059350
109/02/10,643776,41.10,41.10,40.50,41.10,+3.70,349,26440543
109/02/11,296730,41.00,41.20,40.10,40.30,-0.80,229,12037684
109/02/12,346160,41.00,42.95,40.75,41.55,+1.25,269,14450870
109/02/13,213200,42.80,42.80,41.10,41.30,-0.25,165,8892250
109/02/14,211125,41.30,41.30,40.05,40.45,-0.85,157,8524168
109/02/17,179250,40.60,41.65,40.60,41.20,+0.75,137,7373350
109/02/18,147000,42.10,42.10,40.60,40.65,-0.55,106,6051600
109/02/19,54000,41.10,41.10,40.50,40.75,+0.10,46,2198900
109/02/20,75190,41.10,41.30,40.70,41.05,+0.30,53,3076961
109/02/21,66875,40.90,41.45,40.80,41.00,-0.05,46,2753206
109/02/24,66010,41.00,41.60,40.45,41.60,+0.60,57,2712216
109/02/25,93000,41.00,41.50,40.50,41.00,-0.60,59,3817100
109/02/26,171250,41.00,41.00,39.65,39.85,-1.15,111,6894111
109/02/27,141002,39.20,40.00,38.85,38.90,-0.95,98,5548677
109/03/02,192150,36.90,37.95,36.90,37.40,-1.50,123,7130375
109/03/03,56003,38.60,38.60,37.50,37.95,+0.55,44,2119714
109/03/04,21000,37.90,38.25,37.80,38.20,+0.25,19,798600
109/03/05,52050,39.00,39.00,37.90,38.40,+0.20,38,1989060
109/03/06,60006,38.90,39.70,38.15,39.10,+0.70,52,2332987
109/03/09,149460,38.20,38.20,36.70,37.10,-2.00,111,5549434
109/03/10,67000,35.55,36.95,35.55,36.80,-0.30,50,2434950
109/03/11,77003,36.85,37.60,36.35,36.40,-0.40,52,2835871
109/03/12,124000,36.20,36.20,34.00,34.00,-2.40,95,4305900
109/03/13,211100,33.00,33.05,30.60,32.55,-1.45,136,6532705
109/03/16,32010,32.40,32.40,30.80,31.00,-1.55,27,998565
109/03/17,60370,30.60,31.75,30.60,31.35,+0.35,52,1889805
109/03/18,61000,31.15,31.80,30.05,30.05,-1.30,45,1892400
109/03/19,73000,30.40,30.40,27.20,27.25,-2.80,52,2060150
109/03/20,64000,29.65,29.65,27.80,29.10,+1.85,46,1857550
109/03/23,28000,27.40,28.30,27.40,28.25,-0.85,20,772500
109/03/24,69000,29.90,31.00,29.90,31.00,+2.75,58,2108650
109/03/25,93100,32.15,33.50,32.00,32.50,+1.50,64,3043360
109/03/26,28000,32.50,32.50,31.55,31.85,-0.65,25,898900
109/03/27,50000,32.55,32.55,31.85,31.90,+0.05,29,1601500
109/03/30,29075,31.00,31.90,30.40,31.85,-0.05,25,912546
109/03/31,33000,31.40,32.35,31.40,32.15,+0.30,21,1060400
109/04/01,37200,31.10,32.25,31.10,32.20,+0.05,12,1188660
109/04/06,43000,32.60,32.65,32.20,32.60,+0.40,29,1395700
109/04/07,55100,33.50,33.50,32.75,33.00,+0.40,43,1818750
109/04/08,96000,32.80,35.90,32.60,34.75,+1.75,64,3243350
109/04/09,65100,34.85,35.80,34.50,34.70,-0.05,56,2281505
109/04/10,75052,34.90,35.60,34.80,35.35,+0.65,57,2637190
109/04/13,82000,35.60,36.50,34.90,35.70,+0.35,58,2888900
109/04/14,64000,35.95,36.40,35.50,35.50,-0.20,52,2293200
109/04/15,69000,36.20,36.25,35.50,35.50,0.00,41,2472650
109/04/16,61000,35.30,36.45,35.20,36.35,+0.85,43,2193700
109/04/17,150000,36.50,38.40,36.45,36.60,+0.25,100,5596900
109/04/20,51000,37.40,38.00,36.65,37.75,+1.15,40,1908150
109/04/21,68299,37.75,38.35,36.55,36.70,-1.05,63,2551110
109/04/22,28050,37.05,37.40,36.35,37.20,+0.50,27,1033747
109/04/23,41001,37.20,37.80,36.60,37.20,0.00,35,1524937
109/04/24,22000,36.70,37.30,36.35,37.00,-0.20,20,812700
109/04/27,107000,37.70,37.70,37.10,37.50,+0.50,72,3997800
109/04/28,46000,38.10,38.10,37.20,37.35,-0.15,33,1721200
109/04/29,92000,37.50,37.90,37.20,37.80,+0.45,59,3456350
109/04/30,198279,38.40,40.60,38.30,40.55,+2.75,142,7808189
109/05/04,158049,40.40,42.00,39.00,41.30,+0.75,120,6388523
109/05/05,98000,41.50,42.00,40.20,40.50,-0.80,69,4014350
109/05/06,78000,41.00,41.80,40.55,41.05,+0.55,63,3218000
109/05/07,47050,41.05,41.45,40.70,41.00,-0.05,32,1928730
109/05/08,85000,41.20,41.65,40.30,41.00,0.00,52,3490650
109/05/11,94049,41.90,41.90,40.70,41.00,0.00,67,3857984
109/05/12,151300,41.00,41.00,39.40,39.45,-1.55,116,6031620
109/05/13,57049,39.90,39.90,38.00,38.65,-0.80,48,2212578
109/05/14,82000,37.65,38.95,37.65,37.65,-1.00,60,3106550
109/05/15,17500,38.20,38.20,37.45,37.65,0.00,16,659950
109/05/18,122200,41.40,41.40,37.65,38.55,+0.90,88,4873150
109/05/19,197300,39.50,41.00,38.65,40.90,+2.35,154,7939345
109/05/20,442750,41.20,42.50,40.90,42.50,+1.60,319,18428387
109/05/21,1063765,43.80,46.75,43.80,46.75,+4.25,701,48515160
109/05/22,1053280,45.80,49.45,45.50,49.40,+2.65,675,50252381
109/05/25,1117707,50.00,51.00,48.00,49.35,-0.05,775,55480758
109/05/26,515100,49.35,49.45,46.95,47.50,-1.85,379,24899379
109/05/27,301227,47.50,48.00,46.00,46.00,-1.50,219,14113760
109/05/28,203090,46.00,47.80,44.30,45.60,-0.40,173,9344195
109/05/29,202149,46.00,47.80,45.20,47.30,+1.70,159,9487453
109/06/01,297021,47.50,48.35,47.30,48.30,+1.00,192,14267442
109/06/02,173203,48.30,48.60,47.70,48.30,0.00,124,8333795
109/06/03,173000,48.65,48.65,48.00,48.25,-0.05,119,8362650
109/06/04,1025070,48.50,53.00,48.40,53.00,+4.75,635,52366610
109/06/05,748000,52.00,52.50,50.20,50.20,-2.80,517,38129000
109/06/08,723100,49.20,49.30,45.50,46.20,-4.00,515,34160634
109/06/09,133567,46.20,47.20,46.20,46.75,+0.55,107,6232600
109/06/10,145048,46.75,47.20,46.40,46.50,-0.25,95,6760440
109/06/11,228538,46.95,46.95,44.00,44.00,-2.50,185,10330822
109/06/12,239050,42.80,44.50,41.35,44.50,+0.50,136,10153195
109/06/15,191100,44.50,46.50,44.50,45.20,+0.70,127,8724515
109/06/16,76020,45.70,45.70,44.80,45.30,+0.10,48,3440015
109/06/17,225000,45.50,47.60,45.50,47.60,+2.30,151,10534000
109/06/18,292020,48.00,49.25,47.20,48.00,+0.40,193,14066769
109/06/19,438080,49.00,50.20,48.50,49.35,+1.35,265,21606184
109/06/22,316100,50.00,50.40,48.60,49.90,+0.55,207,15620340
109/06/23,522500,49.90,52.00,48.40,51.40,+1.50,342,26196148
109/06/24,381200,51.60,52.70,50.70,50.90,-0.50,269,19632379
109/06/29,236000,50.50,51.40,49.65,50.20,-0.70,159,11889800
109/06/30,436077,50.80,53.90,50.60,52.00,+1.80,298,22618072
109/07/01,305315,52.30,53.70,52.20,53.10,+1.10,214,16144314
109/07/02,252165,53.40,54.30,52.80,53.40,+0.30,170,13404428
109/07/03,356135,53.40,53.40,50.30,51.60,-1.80,249,18381711
109/07/06,250400,52.90,53.20,52.00,53.10,+1.50,185,13213940
109/07/07,371163,53.10,55.00,52.80,53.70,+0.60,232,19951302
109/07/08,305400,53.70,54.40,52.70,52.70,-1.00,261,16334500
109/07/09,189583,51.10,52.50,51.10,51.50,,145,9823089
109/07/10,143614,52.40,52.40,48.70,50.20,-1.30,108,7259872
109/07/13,88996,50.20,51.40,50.20,51.00,+0.80,68,4561095
109/07/14,55000,50.90,50.90,50.10,50.30,-0.70,42,2766300
109/07/15,93004,50.30,50.50,49.00,49.15,-1.15,58,4601098
109/07/16,93280,49.15,49.55,48.90,49.50,+0.35,57,4594520
109/07/17,104000,49.35,49.80,47.00,48.30,-1.20,82,5027500
109/07/20,153040,48.30,48.50,46.50,47.65,-0.65,112,7256408
109/07/21,47235,47.65,49.00,47.65,47.95,+0.30,36,2295229
109/07/22,53000,48.65,48.90,48.20,48.60,+0.65,39,2581450
109/07/23,38600,48.50,48.50,47.65,47.75,-0.85,35,1848929
109/07/24,123315,47.15,47.60,45.40,45.60,-2.15,106,5736606
109/07/27,119025,47.00,47.00,43.60,44.20,-1.40,89,5242965
109/07/28,82019,43.70,43.70,43.00,43.05,-1.15,67,3552871
109/07/29,47100,43.05,45.05,43.05,44.20,+1.15,40,2073360
109/07/30,44000,45.80,45.80,44.30,45.10,+0.90,32,1979350
109/07/31,16100,44.50,45.50,44.45,44.70,-0.40,14,720410
109/08/03,19237,45.00,45.00,44.35,44.50,-0.20,19,860991
109/08/04,21100,45.50,45.50,44.60,45.10,+0.60,18,950200
109/08/05,19004,45.10,45.10,44.60,44.60,-0.50,20,853680
109/08/06,53006,45.00,45.05,43.90,44.70,+0.10,45,2359020
109/08/07,55000,44.00,44.00,43.50,43.60,-1.10,43,2405450
109/08/10,75108,43.25,43.55,42.90,42.90,-0.70,61,3235132
109/08/11,89100,42.50,42.50,41.00,41.40,-1.50,83,3716190
109/08/12,106000,41.10,41.10,40.05,40.40,-1.00,68,4266050
109/08/13,61340,40.40,40.75,40.00,40.20,-0.20,59,2472701
109/08/14,30000,40.80,43.25,40.80,41.70,+1.50,28,1256450
109/08/17,41000,41.30,42.50,41.10,42.50,+0.80,33,1715750
109/08/18,12000,43.00,43.00,42.00,42.00,-0.50,12,508700
109/08/19,27000,41.60,41.85,41.50,41.60,-0.40,20,1124550
109/08/20,90000,41.90,41.90,40.00,40.15,-1.45,63,3667700
109/08/21,46000,39.50,41.80,39.50,41.25,+1.10,39,1875500
109/08/24,36000,41.80,42.10,41.70,41.90,+0.65,35,1507100
109/08/25,26000,41.55,42.50,41.55,41.95,+0.05,24,1091250
109/08/26,13000,42.00,42.30,42.00,42.30,+0.35,13,547450
109/08/27,20000,42.30,43.00,41.90,43.00,+0.70,20,846250
109/08/28,13000,42.80,43.00,42.40,43.00,0.00,13,554500
109/08/31,18000,42.15,43.00,42.15,43.00,0.00,15,765000
109/09/01,10038,43.00,43.05,42.35,42.45,-0.55,11,428062
109/09/02,9000,43.30,43.30,42.30,42.30,-0.15,9,382550
109/09/03,19000,42.65,43.20,42.50,43.20,+0.90,14,811650
109/09/04,13000,42.20,42.30,42.20,42.30,-0.90,10,549450
109/09/07,15000,41.85,42.05,40.80,41.90,-0.40,15,619750
109/09/08,15100,41.50,41.50,40.55,40.60,-1.30,14,614900
109/09/09,16000,40.25,41.00,40.15,40.55,-0.05,14,647550
109/09/10,7000,42.90,42.90,41.20,41.20,+0.65,7,296000
109/09/11,32030,41.95,42.20,40.50,40.60,-0.60,24,1315140
109/09/14,24000,40.80,41.00,40.35,40.50,-0.10,19,974450
109/09/15,65000,40.50,40.90,40.35,40.40,-0.10,33,2631500
109/09/16,14000,40.50,40.60,40.50,40.50,+0.10,12,567450
109/09/17,19000,40.50,41.40,40.50,41.00,+0.50,12,777400
109/09/18,24000,41.00,41.25,40.90,40.90,-0.10,12,984600
109/09/21,34000,41.00,41.15,40.40,40.40,-0.50,22,1382600
109/09/22,37000,40.90,40.90,39.70,39.70,-0.70,32,1476000
109/09/23,52100,39.70,40.20,38.90,39.00,-0.70,41,2041950
109/09/24,64000,38.75,38.75,36.95,36.95,-2.05,58,2392850
109/09/25,59000,37.10,37.25,35.70,36.00,-0.95,49,2133900
109/09/28,25000,37.70,37.70,36.00,36.50,+0.50,20,906950
109/09/29,41770,36.50,36.50,35.60,35.65,-0.85,28,1502851
109/09/30,45000,35.20,37.10,35.05,36.20,+0.55,25,1609700
109/10/05,27000,36.20,36.20,35.80,36.00,-0.20,18,970200
109/10/06,25000,36.90,36.90,35.50,36.50,+0.50,21,898200
109/10/07,19000,36.55,36.60,35.65,35.85,-0.65,19,683600
109/10/08,68060,36.90,37.40,36.05,37.40,+1.55,55,2518044
109/10/12,53000,38.80,38.80,36.35,37.00,-0.40,35,1971050
109/10/13,15000,37.50,37.50,36.85,37.00,0.00,12,554800
109/10/14,7000,37.00,37.45,36.60,37.45,+0.45,7,258750
109/10/15,11000,37.45,37.70,37.25,37.25,-0.20,10,412000
109/10/16,26100,37.25,37.35,37.00,37.35,+0.10,23,970385
109/10/19,11000,36.80,38.10,36.80,37.45,+0.10,11,408500
109/10/20,10000,37.45,37.60,37.40,37.60,+0.15,9,374700
109/10/21,26000,37.35,37.95,37.20,37.95,+0.35,12,969900
109/10/22,14030,37.50,37.50,37.50,37.50,-0.45,5,526125
109/10/23,1000,37.50,37.50,37.50,37.50,0.00,1,37500
109/10/26,3000,37.50,37.50,37.50,37.50,0.00,3,112500
109/10/27,22000,37.30,38.00,37.30,38.00,+0.50,13,831050
109/10/28,0,---,---,---,---,---,0,0
109/10/29,5000,37.70,37.70,37.10,37.20,-0.80,5,186800
109/10/30,8000,37.20,37.60,37.00,37.00,-0.20,8,297200
109/11/02,12000,37.90,37.90,36.60,37.70,+0.70,11,443100
109/11/03,12056,37.55,38.00,37.35,37.35,-0.35,13,455268
109/11/04,2000,37.60,37.60,37.60,37.60,+0.25,2,75200
109/11/05,5000,37.30,37.30,37.00,37.10,-0.50,5,185850
109/11/06,24000,37.90,38.40,37.05,38.10,+1.00,20,905350
109/11/09,10001,37.15,37.70,37.10,37.50,-0.60,11,374988
109/11/10,17000,37.30,38.00,37.25,37.45,-0.05,16,639650
109/11/11,41000,37.40,37.80,37.25,37.45,0.00,20,1531850
109/11/12,23100,37.80,37.95,37.35,37.35,-0.10,12,871135
109/11/13,19100,38.75,38.75,37.20,37.50,+0.15,16,725850
109/11/16,48114,37.30,38.00,37.20,37.25,-0.25,31,1797725
109/11/17,22135,37.20,37.35,37.20,37.30,+0.05,20,824922
109/11/18,29000,37.20,37.35,37.00,37.20,-0.10,27,1076200
109/11/19,10000,37.30,37.40,37.10,37.10,-0.10,9,372600
109/11/20,27019,37.10,37.10,37.00,37.00,-0.10,18,1000203
109/11/23,41000,37.00,37.60,37.00,37.50,+0.50,29,1522400
109/11/24,39000,37.05,37.35,37.00,37.10,-0.40,29,1446200
109/11/25,43000,37.10,37.80,37.10,37.80,+0.70,34,1612050
109/11/26,19000,37.80,37.80,37.30,37.55,-0.25,15,712200
109/11/27,34175,37.55,37.55,37.25,37.30,-0.25,23,1277671
109/11/30,24000,38.00,38.55,37.70,38.30,+1.00,19,914700
109/12/01,35000,38.00,38.35,37.80,38.35,+0.05,23,1329800
109/12/02,15000,38.20,38.40,38.00,38.40,+0.05,13,571650
109/12/03,17000,38.05,38.10,37.80,37.85,-0.55,16,645100
109/12/04,18000,37.80,37.80,37.60,37.60,-0.25,15,678400
109/12/07,29000,37.70,37.70,37.05,37.05,-0.55,23,1079550
109/12/08,12000,37.10,37.35,37.10,37.20,+0.15,12,445900
109/12/09,42120,37.15,37.15,36.80,36.95,-0.25,30,1556022
109/12/10,28000,36.80,37.40,36.80,37.20,+0.25,19,1036850
109/12/11,38000,37.30,38.20,37.05,37.45,+0.25,30,1419100
109/12/14,28000,37.50,37.50,36.95,36.95,-0.50,16,1036800
109/12/15,10000,37.00,37.35,37.00,37.30,+0.35,8,371250
109/12/16,9000,37.45,37.45,37.00,37.35,+0.05,8,334350
109/12/17,27000,37.15,37.50,37.10,37.10,-0.25,22,1003850
109/12/18,24025,37.00,37.10,37.00,37.10,0.00,7,889227
109/12/21,32000,37.10,37.90,36.95,37.70,+0.60,20,1192050
109/12/22,37000,37.50,38.25,37.50,37.60,-0.10,33,1400700
109/12/23,17000,37.70,37.70,37.40,37.50,-0.10,9,639500
109/12/24,25000,38.50,38.50,37.55,37.80,+0.30,21,950550
109/12/25,39000,38.00,38.15,37.60,38.15,+0.35,27,1478900
109/12/28,40000,37.80,37.80,37.50,37.50,-0.65,30,1502550
109/12/29,15000,38.00,38.40,37.70,37.70,+0.20,14,572150
109/12/30,22000,38.45,38.45,37.80,38.00,+0.30,17,838150
109/12/31,14000,37.65,38.00,37.20,38.00,0.00,11,527050
110/01/04,6000,38.00,38.05,37.60,38.05,+0.05,6,227050
110/01/05,4000,37.70,38.05,37.70,37.75,-0.30,4,151300
110/01/06,25000,37.95,38.00,37.55,37.55,-0.20,18,942550
110/01/07,20000,38.00,38.00,37.35,37.80,+0.25,14,751500
110/01/08,53000,37.50,37.80,37.15,37.15,-0.65,29,1987150
110/01/11,44000,37.05,37.40,37.05,37.15,0.00,16,1634350
110/01/12,405303,38.55,40.85,38.50,40.85,+3.70,257,16410825
110/01/13,303280,38.25,39.90,38.25,39.30,-1.55,202,11838688
110/01/14,75566,39.00,40.40,38.50,40.40,+1.10,68,2956015
110/01/15,42000,40.00,40.00,39.05,39.05,-1.35,39,1649400
110/01/18,23000,39.50,39.80,38.60,39.15,+0.10,22,897400
110/01/19,14101,39.80,39.80,38.90,39.10,-0.05,15,552240
110/01/20,68000,39.25,39.25,37.50,38.40,-0.70,42,2603400
110/01/21,37199,38.40,38.40,37.75,37.75,-0.65,33,1416467
110/01/22,14100,37.80,38.20,37.80,37.80,+0.05,13,535909
110/01/25,13000,38.00,38.40,37.50,38.40,+0.60,13,490750
110/01/26,23000,37.05,37.50,37.05,37.50,-0.90,19,855500
110/01/27,12500,37.80,38.10,37.75,37.80,+0.30,13,473950
110/01/28,11000,37.10,38.00,37.10,38.00,+0.20,9,415450
110/01/29,23000,38.00,38.95,37.70,37.75,-0.25,18,871650
