﻿軒郁,	6703
日期,成交股數,開盤價,最高價,最低價,收盤價,漲跌價差,成交筆數,成交金額
109/10/20,1066150,125.00,127.00,118.00,121.00,+24.10,832,129946650
109/10/21,330397,122.00,123.00,120.50,120.50,-0.50,273,40134337
109/10/22,361205,118.50,118.50,115.00,115.00,-5.50,308,41962672
109/10/23,202370,116.00,120.50,115.50,118.00,+3.00,183,23931660
109/10/26,116042,118.50,118.50,115.00,115.50,-2.50,128,13531548
109/10/27,94900,116.00,116.00,113.00,114.00,-1.50,100,10827180
109/10/28,384254,114.00,114.00,107.00,107.50,-6.50,318,41875855
109/10/29,157496,106.00,106.00,103.50,105.00,-2.50,161,16445966
109/10/30,299966,106.00,110.00,105.00,107.50,+2.50,245,32245253
109/11/02,163280,106.50,108.50,105.00,108.00,+0.50,141,17454847
109/11/03,98126,108.00,109.00,107.00,107.00,-1.00,90,10615137
109/11/04,117061,108.00,108.00,105.00,106.00,-1.00,107,12406230
109/11/05,71065,106.50,108.00,105.00,107.00,+1.00,60,7576959
109/11/06,311056,108.00,116.00,107.50,113.00,+6.00,283,34879931
109/11/09,279535,112.00,113.00,110.00,111.00,-2.00,245,31000486
109/11/10,113150,112.00,112.00,108.50,108.50,-2.50,103,12381150
109/11/11,129750,109.50,112.00,109.50,112.00,+3.50,113,14323500
109/11/12,69230,112.00,112.00,109.50,110.00,-2.00,65,7623520
109/11/13,104550,110.00,114.50,110.00,112.50,+2.50,103,11805725
109/11/16,118308,111.00,112.00,110.50,112.00,-0.50,115,13168556
109/11/17,227271,113.50,117.00,113.00,115.50,+3.50,201,26209093
109/11/18,147631,116.50,116.50,113.50,114.50,-1.00,142,16966108
109/11/19,86356,115.00,115.50,113.50,115.50,+1.00,87,9898660
109/11/20,97200,115.50,116.00,114.00,116.00,+0.50,91,11176725
109/11/23,84010,116.50,118.00,115.00,115.00,-1.00,84,9760690
109/11/24,253502,115.00,115.00,111.00,111.00,-4.00,209,28577534
109/11/25,94318,111.00,114.00,111.00,113.50,+2.50,95,10646374
109/11/26,89392,113.50,113.50,111.50,112.00,-1.50,84,10010206
109/11/27,81676,112.00,114.50,112.00,113.00,+1.00,79,9257660
109/11/30,112431,113.00,115.00,113.00,114.00,+1.00,117,12828895
109/12/01,65495,115.00,115.50,113.00,114.50,+0.50,71,7470810
109/12/02,92550,114.00,116.50,114.00,115.50,+1.00,90,10669875
109/12/03,76899,115.50,115.50,114.00,115.00,-0.50,84,8845651
109/12/04,120312,116.00,116.00,114.00,114.00,-1.00,121,13820304
109/12/07,107576,115.00,115.00,112.50,114.00,0.00,95,12217714
109/12/08,160249,114.50,118.00,114.50,116.50,+2.50,142,18742331
109/12/09,394889,124.50,128.00,122.00,128.00,+11.50,318,49703934
109/12/10,1076878,140.50,140.50,127.00,132.00,+4.00,696,146026601
109/12/11,477369,132.00,136.50,127.00,128.50,-3.50,394,62734337
109/12/14,388043,131.50,131.50,119.50,119.50,-9.00,347,47509436
109/12/15,182478,124.00,124.00,119.50,121.50,+2.00,131,22305838
109/12/16,158454,121.00,121.50,118.00,120.50,-1.00,144,18939507
109/12/17,112430,120.50,121.00,118.00,118.50,-2.00,94,13354484
109/12/18,48135,118.50,120.00,117.00,118.50,0.00,53,5692497
109/12/21,69911,117.00,119.50,116.00,119.00,+0.50,69,8238787
109/12/22,75835,118.50,118.50,115.50,115.50,-3.50,73,8863695
109/12/23,42000,115.50,118.00,115.50,116.00,+0.50,41,4897500
109/12/24,47494,117.50,118.00,116.50,116.50,+0.50,50,5569534
109/12/25,84175,117.50,119.00,116.50,118.00,+1.50,72,9911150
109/12/28,143932,117.00,117.00,114.50,115.50,-2.50,128,16625834
109/12/29,81721,115.00,115.50,114.00,115.00,-0.50,80,9362302
109/12/30,69357,114.50,115.50,114.50,115.50,+0.50,58,7975658
109/12/31,60351,115.00,117.00,115.00,116.50,+1.00,52,6976086
110/01/04,67363,116.50,117.50,115.00,116.00,-0.50,59,7803029
110/01/05,101078,115.00,116.00,114.00,115.50,-0.50,82,11583032
110/01/06,89765,115.50,116.50,114.00,114.50,-1.00,84,10327583
110/01/07,49518,115.50,116.50,115.00,116.50,+2.00,63,5730595
110/01/08,67273,116.50,117.00,116.00,116.50,0.00,62,7828384
110/01/11,216226,114.00,114.00,109.00,112.00,-4.50,221,24151132
110/01/12,70712,110.50,112.00,109.50,109.50,-2.50,78,7818890
110/01/13,62872,110.00,111.00,110.00,110.00,+0.50,69,6945089
110/01/14,54718,110.00,111.50,110.00,110.50,+0.50,58,6061038
110/01/15,55416,110.00,110.00,108.50,108.50,-2.00,57,6050458
110/01/18,24448,108.50,110.00,108.00,108.50,0.00,34,2658902
110/01/19,22092,108.50,109.00,108.00,108.50,0.00,25,2397459
110/01/20,123294,108.00,108.00,105.00,106.00,-2.50,127,13051806
110/01/21,36881,106.00,107.50,104.50,104.50,-1.50,55,3890073
110/01/22,51301,105.50,105.50,103.50,104.50,0.00,54,5352612
110/01/25,44151,104.00,104.50,103.50,104.00,-0.50,41,4580907
110/01/26,51233,103.50,108.00,103.50,108.00,+4.00,55,5374565
110/01/27,23136,109.00,109.00,105.00,106.00,-2.00,34,2456765
110/01/28,30499,104.00,105.00,103.50,104.00,-2.00,41,3180227
110/01/29,63313,106.00,110.50,106.00,106.50,+2.50,71,6811665
110/02/01,259842,111.00,117.00,109.00,116.50,+10.00,292,29406178
110/02/02,152348,114.00,115.50,111.00,111.50,-5.00,170,17237461
110/02/03,66447,112.00,112.50,109.50,110.00,-1.50,69,7356022
110/02/04,32700,109.00,110.00,107.50,108.50,-1.50,47,3545578
110/02/05,17863,111.50,111.50,108.00,108.00,-0.50,36,1943133
110/02/17,49028,107.00,110.00,106.00,106.50,-1.50,60,5227567
110/02/18,50272,106.50,109.00,106.00,107.50,+1.00,66,5382255
110/02/19,55362,106.50,108.50,106.00,108.50,+1.00,63,5899030
110/02/22,70865,109.00,112.00,108.50,111.00,+2.50,109,7813414
110/02/23,71464,108.50,115.00,108.50,112.50,+1.50,88,8050221
110/02/24,73022,113.50,113.50,109.50,109.50,-3.00,80,8069551
110/02/25,34435,109.50,112.00,109.50,110.00,+0.50,43,3788368
110/02/26,28356,111.50,111.50,107.50,110.00,0.00,88,3106208
110/03/02,37817,110.00,111.00,108.50,108.50,-1.50,66,4145057
110/03/03,21382,109.00,109.50,108.00,109.00,+0.50,36,2323946
110/03/04,26243,109.00,109.00,108.00,108.00,-1.00,45,2840159
110/03/05,14209,109.00,109.00,108.00,108.00,0.00,28,1536633
110/03/08,19026,108.50,108.50,107.00,107.00,-1.00,42,2052416
110/03/09,24083,107.00,107.00,106.00,107.00,0.00,42,2566599
110/03/10,144767,108.50,115.00,108.50,113.00,+6.00,168,16206740
110/03/11,70440,114.50,115.00,112.00,112.50,-0.50,88,7997866
110/03/12,130117,113.00,115.50,113.00,114.00,+1.50,160,14888738
110/03/15,67846,115.00,115.00,113.00,113.00,-1.00,112,7701679
110/03/16,57079,114.50,114.50,113.00,114.00,+1.00,59,6487941
110/03/17,98505,113.00,114.00,111.00,112.50,-1.50,89,11021722
110/03/18,61768,112.00,112.50,111.00,111.50,-1.00,82,6893497
110/03/19,48058,111.50,113.50,111.00,112.00,+0.50,69,5385627
110/03/22,57192,113.00,113.00,111.00,112.00,0.00,80,6390962
110/03/23,38262,113.50,113.50,111.00,111.50,-0.50,59,4279666
110/03/24,73158,111.50,111.50,109.50,110.00,-1.50,91,8082862
110/03/25,64123,111.00,111.50,108.50,111.00,+1.00,59,7073177
110/03/26,24289,112.50,112.50,111.00,112.00,+1.00,33,2720999
110/03/29,49451,112.50,112.50,110.50,112.00,0.00,52,5501791
110/03/30,28211,111.50,112.00,111.50,112.00,0.00,38,3155843
110/03/31,45309,112.00,112.00,111.00,111.50,-0.50,56,5050678
110/04/01,93458,113.00,113.00,110.00,111.00,-0.50,92,10362750
110/04/06,100208,111.50,111.50,109.00,110.00,-1.00,113,10984190
110/04/07,34084,109.00,110.50,109.00,110.50,+0.50,35,3739345
110/04/08,59746,111.00,111.50,110.00,110.50,0.00,229,6614784
110/04/09,273266,112.00,116.00,112.00,115.00,+4.50,562,31233642
110/04/12,233252,116.00,118.00,115.50,116.00,+1.00,343,27269021
110/04/13,130178,114.50,116.00,112.50,112.50,-3.50,248,14772877
110/04/14,61427,113.50,113.50,110.50,111.50,-1.00,131,6857364
110/04/15,27576,111.50,113.00,111.50,112.00,+0.50,123,3085034
110/04/16,38337,112.00,112.00,111.00,111.00,-1.00,98,4283587
110/04/19,38092,112.50,112.50,111.50,112.00,+1.00,283,4255839
110/04/20,56598,112.00,112.50,111.00,111.50,-0.50,282,6320274
110/04/21,88524,111.50,111.50,110.50,110.50,-1.00,372,9809387
110/04/22,47159,111.00,111.00,110.00,110.00,-0.50,144,5202932
110/04/23,57058,109.00,111.50,108.50,110.50,+0.50,88,6257911
110/04/26,27700,110.50,111.00,110.00,110.50,0.00,87,3055427
110/04/27,57015,110.50,110.50,109.50,110.50,0.00,57,6272650
110/04/28,46230,111.00,111.50,110.00,111.00,+0.50,44,5120634
110/04/29,65163,111.00,111.00,109.50,111.00,0.00,57,7191587
