﻿達亞,	6762
日期,成交股數,開盤價,最高價,最低價,收盤價,漲跌價差,成交筆數,成交金額
110/01/04,54225,271.00,271.00,265.00,266.00,-4.00,49,14577175
110/01/05,16000,266.50,268.00,266.00,268.00,+2.00,16,4269500
110/01/06,18550,267.00,267.00,264.00,264.00,-4.00,23,4920120
110/01/07,27001,264.00,266.00,262.00,263.00,-1.00,24,7124761
110/01/08,53311,265.00,269.00,264.50,266.00,+3.00,51,14199599
110/01/11,94302,267.00,274.50,267.00,270.00,+4.00,97,25551680
110/01/12,31100,270.00,271.00,265.00,265.00,-5.00,30,8332000
110/01/13,39130,264.00,264.00,261.00,261.00,-4.00,42,10239490
110/01/14,16200,260.00,260.00,256.00,257.00,-4.00,18,4175200
110/01/15,20220,257.00,259.50,256.00,259.50,+2.50,25,5204780
110/01/18,70389,259.00,273.00,259.00,269.00,+9.50,78,18898891
110/01/19,9118,269.00,269.00,263.50,264.00,-5.00,14,2417176
110/01/20,40072,263.50,263.50,256.50,258.00,-6.00,36,10383208
110/01/21,27000,267.50,267.50,257.00,257.00,-1.00,24,6980000
110/01/22,9169,265.00,265.00,257.50,260.00,+3.00,12,2394177
110/01/25,17570,261.00,261.00,260.00,260.50,+0.50,26,4580569
110/01/26,29237,265.50,265.50,257.00,257.50,-3.00,32,7616578
110/01/27,26115,260.00,262.00,260.00,260.50,+3.00,26,6809542
110/01/28,46425,262.50,266.50,260.50,264.50,+4.00,49,12234420
110/01/29,15290,268.00,268.00,262.50,262.50,-2.00,22,4040481
110/02/01,19268,261.50,265.00,261.50,265.00,+2.50,22,5078520
110/02/02,6002,262.50,263.50,262.50,263.50,-1.50,7,1579520
110/02/03,29020,266.00,266.50,264.00,265.00,+1.50,26,7709270
110/02/04,16060,263.50,266.00,263.50,266.00,+1.00,16,4253700
110/02/05,18036,266.50,266.50,265.00,266.50,+0.50,19,4791079
110/02/17,114630,267.50,273.00,265.00,268.00,+1.50,106,30921600
110/02/18,270342,267.00,294.50,267.00,294.50,+26.50,237,77309501
110/02/19,186896,294.50,295.00,280.00,284.00,-10.50,164,53793954
110/02/22,270179,287.50,312.00,287.00,312.00,+28.00,262,81675118
110/02/23,109015,324.00,324.00,303.00,310.00,-2.00,119,33690831
110/02/24,99371,315.00,315.00,307.00,309.00,-1.00,86,30768666
110/02/25,73508,314.00,315.00,309.50,313.50,+4.50,80,22952654
110/02/26,50130,309.00,311.00,307.00,311.00,-2.50,45,15459905
110/03/02,54250,312.50,314.50,303.50,304.50,-6.50,54,16835439
110/03/03,81131,306.00,306.00,292.50,296.00,-8.50,61,24170225
110/03/04,111838,296.00,296.00,285.00,287.00,-9.00,93,32478950
110/03/05,44193,287.00,292.00,281.50,287.00,0.00,50,12672757
110/03/08,54438,288.00,304.00,288.00,291.00,+4.00,62,16138583
110/03/09,36521,291.00,291.00,283.50,287.00,-4.00,42,10488884
110/03/10,23232,289.50,290.00,287.50,289.00,+2.00,26,6714255
110/03/11,13222,298.00,298.00,296.50,298.00,+9.00,19,3932239
110/03/12,69152,300.00,300.00,280.00,288.00,-10.00,66,19738565
110/03/15,335073,288.00,291.00,286.00,286.00,-2.00,26,93393077
110/03/16,26200,282.00,288.00,281.00,288.00,+2.00,23,7502100
110/03/17,33000,288.00,292.00,288.00,289.00,+1.00,26,9535000
110/03/18,30083,289.00,290.50,289.00,289.50,+0.50,29,8717690
110/03/19,59452,291.50,299.00,289.00,299.00,+9.50,59,17581270
110/03/22,36031,298.50,298.50,295.50,297.00,-2.00,34,10698985
110/03/23,27072,294.00,294.00,288.00,291.00,-6.00,25,7914260
110/03/24,13050,292.50,295.00,291.50,291.50,+0.50,15,3816500
110/03/25,23012,291.50,293.50,290.50,292.50,+1.00,19,6722004
110/03/26,43130,293.00,298.50,293.00,297.50,+5.00,37,12725740
110/03/29,48145,298.00,302.50,297.50,302.00,+4.50,46,14436990
110/03/30,104869,305.00,321.00,305.00,318.00,+16.00,122,32936278
110/03/31,69770,319.00,322.50,308.00,310.50,-7.50,85,21948560
110/04/01,50031,311.00,312.00,301.00,307.50,-3.00,49,15305032
110/04/06,42400,303.00,306.00,300.00,300.50,-7.00,51,12853660
110/04/07,42132,301.00,302.00,299.00,301.50,+1.00,42,12672023
110/04/08,41031,300.00,304.50,299.00,302.00,+0.50,40,12351934
110/04/09,131816,308.50,324.00,308.50,317.50,+15.50,155,41576339
110/04/12,104407,324.00,329.50,320.00,328.00,+10.50,137,33986868
110/04/13,263074,328.50,360.50,328.50,350.00,+22.00,265,92615151
110/04/14,155219,346.00,366.00,333.00,347.00,-3.00,163,53851319
110/04/15,90994,346.50,346.50,332.00,334.00,-13.00,112,30622906
110/04/16,81772,331.00,331.00,320.00,325.00,-9.00,114,26582083
110/04/19,52237,325.00,328.50,318.00,321.50,-3.50,81,16836410
110/04/20,20887,322.00,325.00,322.00,325.00,+3.50,36,6764897
110/04/21,37986,325.00,325.00,318.00,319.00,-6.00,59,12136340
110/04/22,36071,320.00,321.00,318.50,319.00,0.00,39,11523200
110/04/23,46020,321.50,322.00,318.50,318.50,-0.50,43,14700500
110/04/26,36517,323.50,330.00,323.50,330.00,+11.50,43,11933447
110/04/27,17653,328.00,328.00,324.50,325.00,-5.00,30,5746139
110/04/28,11500,325.00,335.00,325.00,335.00,+10.00,21,3776299
110/04/29,59565,328.00,328.00,320.50,322.00,-13.00,68,19280215
