﻿意德士,	7556
日期,成交股數,開盤價,最高價,最低價,收盤價,漲跌價差,成交筆數,成交金額
109/10/30,650830,115.00,115.00,105.00,106.00,+18.00,555,71109680
109/11/02,471084,103.00,104.00,94.50,94.50,-11.50,383,46608114
109/11/03,335916,95.00,104.00,95.00,100.00,+5.50,268,33594920
109/11/04,162120,100.50,100.50,96.50,96.80,-3.20,139,15886100
109/11/05,128100,96.80,97.50,95.10,95.60,-1.20,123,12317240
109/11/06,260052,95.00,97.50,95.00,96.50,+0.90,119,24974552
109/11/09,152318,97.50,98.00,95.70,96.30,-0.20,129,14731563
109/11/10,417501,97.50,105.50,97.50,105.50,+9.20,317,42724180
109/11/11,441445,104.50,108.00,102.00,103.00,-2.50,318,46137630
109/11/12,87564,103.00,104.00,100.50,100.50,-2.50,91,8979904
109/11/13,303117,100.50,110.00,98.00,108.00,+7.50,266,31703634
109/11/16,575672,108.00,118.50,106.50,118.50,+10.50,442,66032730
109/11/17,726221,122.00,130.00,121.00,130.00,+11.50,578,92772020
109/11/18,338330,126.00,130.50,124.00,126.00,-4.00,314,42652323
109/11/19,216341,125.00,129.00,120.00,125.50,-0.50,207,26913740
109/11/20,243300,124.50,128.00,120.00,120.50,-5.00,211,29754349
109/11/23,147206,120.50,125.00,117.50,120.50,0.00,149,17732530
109/11/24,141709,120.00,122.00,116.50,118.00,-2.50,159,16794442
109/11/25,156587,118.00,118.50,112.00,113.00,-5.00,149,18080553
109/11/26,74532,113.00,117.00,112.00,116.00,+3.00,84,8541371
109/11/27,46237,115.00,116.00,113.00,113.00,-3.00,53,5290542
109/11/30,128898,113.00,115.00,110.50,112.50,-0.50,95,14501146
109/12/01,99410,112.50,112.50,110.50,110.50,-2.00,81,11024269
109/12/02,286887,111.00,121.50,109.50,121.50,+11.00,248,33804328
109/12/03,203350,121.50,123.50,114.50,116.50,-5.00,209,23900280
109/12/04,113668,116.50,120.00,115.50,115.50,-1.00,110,13338576
109/12/07,91377,119.00,119.00,113.00,113.50,-2.00,86,10500406
109/12/08,50110,113.50,116.00,113.00,115.50,+2.00,51,5725998
109/12/09,49231,113.00,115.00,112.50,112.50,-3.00,55,5582351
109/12/10,115287,112.00,112.00,107.00,107.50,-5.00,101,12566563
109/12/11,115280,104.00,108.00,100.00,102.50,-5.00,95,11918660
109/12/14,34140,101.00,106.00,101.00,103.50,+1.00,38,3530139
109/12/15,27073,102.50,102.50,100.00,100.00,-3.50,31,2733949
109/12/16,45049,102.00,107.50,102.00,105.00,+5.00,44,4754743
109/12/17,40000,106.00,106.00,103.50,104.00,-1.00,38,4190500
109/12/18,23010,103.00,106.00,102.00,102.00,-2.00,23,2377550
109/12/21,34109,100.50,102.00,99.00,102.00,0.00,53,3427242
109/12/22,31590,101.00,101.00,100.00,100.00,-2.00,38,3168000
109/12/23,34679,100.00,102.00,100.00,102.00,+2.00,35,3501567
109/12/24,21000,101.50,101.50,100.00,100.00,-2.00,20,2115500
109/12/25,146714,102.50,110.00,102.50,110.00,+10.00,134,15929254
109/12/28,147168,112.00,113.00,104.50,110.00,0.00,141,16217895
109/12/29,53004,110.00,111.50,106.00,108.50,-1.50,51,5725419
109/12/30,28138,109.00,109.00,106.50,107.00,-1.50,31,3028432
109/12/31,38192,108.50,110.00,106.50,106.50,-0.50,42,4110544
110/01/04,40000,106.50,108.50,105.50,106.50,0.00,38,4258000
110/01/05,55143,107.00,108.00,104.00,105.50,-1.00,54,5804945
110/01/06,128118,105.00,105.00,100.00,100.00,-5.50,109,13048182
110/01/07,49200,100.00,103.50,100.00,102.00,+2.00,49,5033000
110/01/08,49000,103.00,104.00,101.00,101.50,-0.50,46,5010000
110/01/11,121444,106.00,107.50,103.00,107.50,+6.00,102,12891508
110/01/12,34032,107.50,108.50,103.00,103.00,-4.50,35,3583840
110/01/13,45575,102.50,106.50,102.50,105.00,+2.00,45,4775882
110/01/14,30005,103.50,104.50,102.50,104.50,-0.50,30,3104530
110/01/15,569706,107.00,114.50,107.00,114.50,+10.00,421,64581824
110/01/18,260000,112.50,112.50,104.00,109.00,-5.50,232,28290000
110/01/19,87010,108.00,108.50,105.50,106.50,-2.50,79,9278585
110/01/20,135000,106.00,108.50,103.50,107.50,+1.00,125,14235500
110/01/21,96300,107.50,108.50,106.00,108.50,+1.00,91,10373410
110/01/22,409500,110.50,119.00,110.50,119.00,+10.50,273,48213500
110/01/25,552397,127.00,130.50,126.00,130.50,+11.50,366,71414307
110/01/26,832556,134.50,137.00,121.50,123.50,-7.00,653,108185673
110/01/27,722866,123.00,135.50,121.00,135.50,+12.00,598,95450840
110/01/28,878363,133.00,149.00,130.00,149.00,+13.50,697,125138941
110/01/29,1019599,160.00,161.50,142.00,143.00,-6.00,904,153935350
110/02/01,414794,143.00,143.50,130.00,132.00,-11.00,405,55508201
110/02/02,367720,135.00,139.00,131.00,137.50,+5.50,328,49553849
110/02/03,247813,135.00,138.50,131.00,134.00,-3.50,235,33350354
110/02/04,386377,131.50,142.00,131.00,138.00,+4.00,319,53064769
110/02/05,253446,137.00,139.00,134.00,134.00,-4.00,241,34414798
110/02/17,356341,139.00,147.00,138.50,147.00,+13.00,257,51376627
110/02/18,609063,156.00,161.50,155.00,161.50,+14.50,482,97399669
110/02/19,464099,177.50,177.50,172.00,177.50,+16.00,333,81666572
110/02/22,1043719,195.00,195.00,177.50,195.00,+17.50,984,198081039
110/02/23,422412,190.00,195.00,184.50,191.00,-4.00,455,79730959
110/02/24,281899,188.00,191.50,183.00,183.00,-8.00,324,52254856
110/02/25,249827,188.00,188.00,175.00,179.50,-3.50,271,44574788
110/02/26,162332,170.50,177.50,170.50,175.50,-4.00,180,28431980
110/03/02,329507,178.50,179.50,158.00,158.00,-17.50,344,55462451
110/03/03,369391,154.00,158.00,147.50,155.00,-3.00,349,56141327
110/03/04,198072,149.50,153.00,147.50,148.50,-6.50,194,29608500
110/03/05,237365,144.00,163.00,142.00,163.00,+14.50,258,36402064
110/03/08,323880,167.00,176.50,161.00,165.00,+2.00,348,54729238
110/03/09,112403,169.00,170.00,160.00,168.00,+3.00,138,18607425
110/03/10,113876,168.00,174.00,165.00,167.00,-1.00,124,19387604
110/03/11,133763,175.50,175.50,166.00,171.00,+4.00,158,22682404
110/03/12,142796,175.00,175.00,166.00,168.50,-2.50,152,24068609
110/03/15,159137,170.00,171.00,164.50,164.50,-4.00,168,26589518
110/03/16,130091,164.50,166.50,161.00,161.00,-3.50,151,21311533
110/03/17,177521,161.50,165.00,157.00,157.00,-4.00,184,28219264
110/03/18,203652,158.00,172.50,158.00,172.50,+15.50,213,34344055
110/03/19,391558,172.00,180.00,172.00,179.00,+6.50,413,69271334
110/03/22,144896,180.00,181.00,170.00,174.00,-5.00,164,25495559
110/03/23,138031,178.50,178.50,168.00,168.50,-5.50,150,23737600
110/03/24,122994,166.50,170.50,164.50,165.50,-3.00,144,20428226
110/03/25,62595,168.00,169.50,165.50,167.00,+1.50,73,10462519
110/03/26,86828,168.00,168.50,165.00,167.50,+0.50,112,14460558
110/03/29,145994,171.00,172.00,168.00,172.00,+4.50,146,24880323
110/03/30,199989,176.00,176.50,169.50,173.50,+1.50,200,34453685
110/03/31,106110,173.50,173.50,167.00,169.00,-4.50,126,17978160
110/04/01,82046,172.00,172.50,169.00,171.00,+2.00,86,14025678
110/04/06,714635,173.00,188.00,172.50,175.00,+4.00,615,130196650
110/04/07,305099,179.50,188.00,176.00,180.00,+5.00,292,55512708
110/04/08,265156,183.50,188.00,180.50,182.00,+2.00,265,48706702
110/04/09,214142,185.00,187.00,175.00,178.50,-3.50,223,38862757
110/04/12,465360,181.00,192.50,181.00,183.50,+5.00,456,87125138
110/04/13,156192,187.50,187.50,179.00,180.50,-3.00,160,28641731
110/04/14,312441,180.50,182.00,162.50,174.00,-6.50,314,53933704
110/04/15,121411,174.50,176.00,168.00,171.50,-2.50,142,20696254
110/04/16,79379,172.50,172.50,169.00,170.50,-1.00,97,13512736
110/04/19,89280,168.00,168.00,165.50,166.00,-4.50,118,14874789
110/04/20,108265,166.00,169.00,164.00,168.00,+2.00,109,18007210
110/04/21,64522,167.00,170.00,166.00,166.00,-2.00,74,10825031
110/04/22,107199,171.00,171.00,162.00,162.00,-4.00,104,17772581
110/04/23,30265,162.00,166.50,162.00,165.00,+3.00,39,4985673
110/04/26,74335,165.00,166.00,160.50,161.50,-3.50,79,12105275
110/04/27,209776,161.00,161.50,155.00,155.50,-6.00,219,33132597
110/04/28,77424,153.00,155.00,150.00,155.00,-0.50,86,11770740
110/04/29,54199,155.00,159.00,152.00,152.00,-3.00,57,8386644
