﻿生展,	8279
日期,成交股數,開盤價,最高價,最低價,收盤價,漲跌價差,成交筆數,成交金額
107/06/01,320473,146.50,156.50,146.50,152.00,+8.00,301,48915423
107/06/04,286059,157.00,158.50,154.00,156.50,+4.50,256,44860145
107/06/05,233100,159.00,161.50,153.00,153.50,-3.00,188,36655350
107/06/06,119230,155.50,155.50,151.00,152.50,-1.00,117,18223190
107/06/07,65200,152.50,155.50,151.50,152.50,0.00,63,10003000
107/06/08,89066,153.00,154.50,150.50,153.00,+0.50,80,13575598
107/06/11,131030,155.00,155.00,149.50,152.00,-1.00,111,19859575
107/06/12,118163,150.00,152.00,149.00,149.00,-3.00,103,17729787
107/06/13,56022,149.00,150.00,146.50,147.00,-2.00,55,8312756
107/06/14,82712,146.00,148.50,146.00,146.00,-1.00,74,12133664
107/06/15,108000,148.00,151.00,146.50,149.00,+3.00,100,15994500
107/06/19,67375,149.00,151.50,146.50,146.50,-2.50,61,9968812
107/06/20,96552,146.00,148.00,143.50,144.50,-2.00,89,13982868
107/06/21,72002,144.00,146.50,144.00,145.50,+1.00,68,10443290
107/06/22,75125,148.50,148.50,145.00,145.50,0.00,64,10953437
107/06/25,36000,147.00,147.00,144.50,145.00,-0.50,33,5233500
107/06/26,119217,142.00,144.50,140.50,141.50,-3.50,100,16969314
107/06/27,52050,141.50,143.50,140.50,140.50,-1.00,53,7384100
107/06/28,42000,140.50,142.00,140.50,140.50,0.00,33,5910000
107/06/29,47060,142.00,142.50,141.00,141.00,+0.50,39,6657520
107/07/02,45202,143.00,144.00,141.50,141.50,+0.50,46,6453487
107/07/03,31000,143.50,143.50,141.00,141.00,-0.50,31,4401000
107/07/04,69109,141.00,141.50,137.50,138.00,-3.00,70,9644705
107/07/05,102010,138.00,139.00,131.50,131.50,-6.50,99,13727845
107/07/06,131000,135.00,135.00,130.00,130.50,-1.00,106,17164500
107/07/09,86000,121.00,124.00,121.00,123.50,,78,10501500
107/07/10,133000,123.50,123.50,118.50,119.50,-4.00,113,15964500
107/07/11,67000,119.50,122.00,118.00,121.50,+2.00,62,8084500
107/07/12,90000,121.50,126.50,121.50,126.50,+5.00,82,11188000
107/07/13,82200,126.50,131.00,126.50,128.00,+1.50,78,10579300
107/07/16,65101,130.50,130.50,128.50,129.00,+1.00,62,8416130
107/07/17,38002,127.50,128.50,126.00,126.00,-3.00,36,4833758
107/07/18,59000,126.00,127.50,124.50,125.00,-1.00,57,7405500
107/07/19,44000,126.00,128.00,124.00,124.00,-1.00,44,5533000
107/07/20,40000,124.00,126.00,124.00,124.00,0.00,36,4986500
107/07/23,21100,122.00,124.00,121.00,121.00,-3.00,23,2575700
107/07/24,85100,121.00,122.50,119.50,122.50,+1.50,64,10282300
107/07/25,43500,122.00,122.00,120.00,121.00,-1.50,48,5238000
107/07/26,35000,121.00,123.00,120.00,123.00,+2.00,33,4247500
107/07/27,26300,123.00,123.00,121.00,121.00,-2.00,27,3195350
107/07/30,33120,120.00,120.50,119.00,119.00,-2.00,32,3951020
107/07/31,27000,116.00,120.00,116.00,119.00,0.00,24,3204500
107/08/01,21200,119.00,122.00,119.00,120.00,+1.00,21,2547900
107/08/02,48000,119.50,121.50,118.50,120.00,0.00,32,5757500
107/08/03,91000,120.00,125.00,118.50,122.00,+2.00,79,11127000
107/08/06,52417,122.00,125.00,122.00,124.00,+2.00,51,6492208
107/08/07,27030,124.00,124.00,123.00,123.00,-1.00,23,3342400
107/08/08,20000,123.00,123.00,121.00,121.00,-2.00,18,2436500
107/08/09,21020,120.50,121.50,120.50,121.00,0.00,20,2539660
107/08/10,144000,119.00,119.50,114.00,115.50,-5.50,129,16712000
107/08/13,140500,112.50,115.00,104.50,105.50,-10.00,128,15256500
107/08/14,78812,104.00,106.00,102.50,105.50,0.00,82,8218072
107/08/15,52581,104.00,104.00,102.50,102.50,-3.00,65,5431711
107/08/16,71419,102.50,102.50,101.00,101.00,-1.50,71,7257157
107/08/17,50200,102.50,105.50,102.50,103.00,+2.00,55,5199700
107/08/20,22110,103.00,103.00,101.00,101.00,-2.00,26,2252665
107/08/21,114275,101.00,102.00,99.00,99.50,-1.50,117,11409833
107/08/22,35202,99.50,100.50,99.50,99.70,+0.20,41,3519302
107/08/23,35300,99.70,101.00,99.70,100.50,+0.80,37,3542700
107/08/24,30200,99.90,99.90,98.50,98.50,-2.00,33,2999178
107/08/27,23300,98.50,100.00,98.20,99.50,+1.00,27,2311800
107/08/28,27200,100.00,101.50,100.00,100.00,+0.50,27,2738700
107/08/29,23800,100.00,100.00,99.30,99.90,-0.10,27,2374200
107/08/30,19700,100.50,101.50,100.50,101.00,+1.10,22,1988400
107/08/31,15298,100.00,101.00,99.70,100.00,-1.00,20,1534149
107/09/03,22247,100.00,102.00,100.00,100.50,+0.50,20,2231670
107/09/04,24191,99.00,100.50,99.00,99.90,-0.60,24,2422205
107/09/05,20300,100.00,100.00,99.10,99.30,-0.60,19,2022350
107/09/06,20300,99.30,100.00,99.00,99.00,-0.30,19,2012700
107/09/07,59003,99.20,100.50,95.00,96.00,-3.00,62,5740288
107/09/10,62402,96.00,96.00,91.10,91.10,-4.90,72,5813298
107/09/11,47000,92.00,94.00,91.40,93.00,+1.90,49,4350000
107/09/12,59300,93.00,95.30,92.00,94.00,+1.00,56,5551810
107/09/13,65680,92.80,93.70,90.40,93.20,-0.80,64,6086980
107/09/14,48130,93.20,94.00,92.30,93.00,-0.20,48,4472725
107/09/17,59090,93.00,93.50,91.70,93.50,+0.50,58,5463109
107/09/18,45603,93.50,93.50,90.00,92.50,-1.00,53,4195376
107/09/19,15800,92.50,92.50,91.00,91.00,-1.50,23,1451900
107/09/20,47710,91.00,92.50,90.10,90.20,-0.80,46,4321955
107/09/21,42200,90.20,91.20,89.10,90.00,-0.20,47,3796800
107/09/25,55000,90.00,91.00,88.30,91.00,+1.00,52,4921700
107/09/26,37300,91.00,91.00,89.40,89.70,-1.30,40,3371850
107/09/27,47100,89.70,90.80,89.70,89.80,+0.10,37,4245900
107/09/28,55636,91.00,91.20,89.80,89.80,0.00,60,5035840
107/10/01,41100,91.10,91.10,89.40,89.60,-0.20,39,3698820
107/10/02,47532,90.10,91.50,89.80,91.50,+1.90,49,4291844
107/10/03,148922,92.20,100.50,92.20,100.50,+9.00,131,14692360
107/10/04,230002,100.00,105.50,98.50,100.50,0.00,223,23469095
107/10/05,167586,99.90,100.00,91.50,92.40,-8.10,163,15873584
107/10/08,77701,91.40,93.40,90.70,92.40,0.00,78,7116640
107/10/09,73330,93.00,93.30,90.70,92.40,0.00,70,6713358
107/10/11,142238,88.00,88.00,84.00,85.50,-6.90,124,12217006
107/10/12,58347,83.40,88.00,83.40,88.00,+2.50,56,5048118
107/10/15,45530,88.00,92.00,86.90,91.50,+3.50,45,4098660
107/10/16,29520,89.20,92.60,89.20,91.20,-0.30,34,2679524
107/10/17,28002,91.40,92.50,91.40,91.50,+0.30,29,2570492
107/10/18,10700,90.50,90.50,90.00,90.00,-1.50,14,966500
107/10/19,15200,91.00,91.00,88.70,91.00,+1.00,17,1364860
107/10/22,22100,90.00,91.80,89.50,91.80,+0.80,21,2001800
107/10/23,8700,89.10,91.10,89.10,89.50,-2.30,12,779750
107/10/24,23100,89.00,90.00,89.00,89.50,0.00,23,2068100
107/10/25,29300,85.50,88.90,85.50,86.00,-3.50,26,2528700
107/10/26,13200,87.00,87.00,85.10,85.20,-0.80,16,1139000
107/10/29,26100,85.00,85.00,83.10,83.20,-2.00,23,2181030
107/10/30,12300,83.20,84.00,82.40,83.90,+0.70,15,1022230
107/10/31,21800,83.90,86.70,83.90,86.00,+2.10,25,1873279
107/11/01,12100,90.00,90.00,85.10,87.60,+1.60,13,1067010
107/11/02,13200,88.00,88.50,88.00,88.50,+0.90,16,1165159
107/11/08,15000,94.50,94.90,92.00,93.00,+1.50,15,1392800
107/11/09,11100,93.00,93.50,90.00,90.50,-2.50,12,1008400
107/11/12,79837,92.00,95.00,92.00,94.10,+3.60,73,7469761
107/11/16,10138,94.80,94.80,93.80,93.90,+0.10,15,956056
107/11/19,15000,94.00,94.20,93.90,94.20,+0.30,13,1409000
107/11/20,31140,94.20,94.50,93.50,93.50,-0.70,27,2932860
107/11/21,16260,93.00,93.00,91.10,92.50,-1.00,21,1497580
107/11/22,5000,92.80,92.80,90.60,91.20,-1.30,5,458300
107/11/23,5000,91.50,91.80,91.00,91.00,-0.20,5,456500
107/11/26,4000,91.00,92.00,91.00,91.50,+0.50,4,365600
107/11/27,14000,91.50,92.10,90.80,91.50,0.00,14,1281400
107/11/28,22502,93.90,94.00,93.00,94.00,+2.50,29,2113088
107/11/29,70802,95.00,99.90,95.00,96.90,+2.90,73,6891811
107/11/30,47218,99.50,99.50,96.90,98.70,+1.80,49,4651915
107/12/03,74000,100.00,101.00,98.90,99.60,+0.90,65,7378197
107/12/04,25076,99.60,99.60,97.30,98.80,-0.80,14,2490792
107/12/05,18179,97.90,98.50,97.20,98.50,-0.30,28,1781329
107/12/06,22074,98.50,98.50,95.10,95.70,-2.80,23,2124044
107/12/07,33301,98.50,99.80,98.00,99.70,+4.00,34,3295001
107/12/10,18103,97.60,100.00,97.60,99.90,+0.20,19,1783885
107/12/11,26600,102.50,102.50,98.90,98.90,-1.00,31,2649620
107/12/12,116800,98.10,99.00,98.10,98.80,-0.10,17,11468958
107/12/13,10121,99.00,99.00,98.80,98.80,0.00,13,1001033
107/12/14,4441,99.00,99.50,99.00,99.00,+0.20,11,439937
107/12/17,5432,98.00,99.50,98.00,99.50,+0.50,8,534052
107/12/18,12600,98.00,98.00,96.70,97.10,-2.40,16,1225300
107/12/19,16404,97.10,98.00,96.40,96.50,-0.60,19,1589505
107/12/20,29297,96.60,96.60,95.00,95.00,-1.50,28,2816615
107/12/21,20203,96.00,97.00,95.00,95.20,+0.20,23,1931588
107/12/22,12100,95.20,98.00,95.20,97.90,+2.70,14,1171600
107/12/24,42200,97.90,100.50,97.90,99.40,+1.50,41,4209580
107/12/25,17121,99.00,99.00,95.10,96.60,-2.80,19,1664388
107/12/26,7357,97.80,97.80,96.00,96.00,-0.60,10,710272
107/12/27,11049,99.00,99.00,96.10,96.10,+0.10,13,1072632
107/12/28,10190,96.80,97.50,96.10,96.10,0.00,10,983630
108/01/02,10219,96.20,97.50,96.10,96.10,0.00,14,988501
108/01/03,17594,96.20,97.70,96.20,97.00,+0.90,19,1710102
108/01/04,21701,97.00,97.00,95.60,96.90,-0.10,20,2090376
108/01/07,27880,97.50,98.50,96.90,97.80,+0.90,30,2724900
108/01/08,6725,98.50,98.50,98.10,98.10,+0.30,9,661576
108/01/09,32200,98.50,99.90,97.30,98.20,+0.10,33,3174078
108/01/10,25004,98.20,98.20,96.70,96.70,-1.50,22,2432290
108/01/11,36502,98.00,98.00,96.00,96.10,-0.60,37,3526592
108/01/14,5145,95.60,95.60,95.50,95.50,-0.60,7,491778
108/01/15,20382,96.00,96.00,95.60,95.80,+0.30,20,1950872
108/01/16,7500,94.00,96.90,94.00,95.00,-0.80,10,713899
108/01/17,12485,96.00,96.60,96.00,96.00,+1.00,16,1199117
108/01/18,25000,96.10,97.00,96.10,96.10,+0.10,21,2404000
108/01/21,10100,96.20,97.20,96.20,96.20,+0.10,11,974250
108/01/22,24000,96.20,96.60,96.20,96.30,+0.10,13,2309500
108/01/23,7300,96.40,97.70,96.40,97.70,+1.40,8,707110
108/01/28,161052,98.50,108.00,98.50,106.00,+7.60,148,16674512
108/01/29,62785,105.00,105.50,105.00,105.50,-0.50,62,6601528
108/01/30,35478,108.00,108.00,105.00,105.00,-0.50,42,3756690
108/02/11,51414,105.50,105.50,104.00,104.00,-1.00,46,5396470
108/02/12,30700,105.00,107.00,105.00,105.50,+1.50,30,3243649
108/02/13,34840,105.50,105.50,104.00,105.00,-0.50,35,3658200
108/02/14,22999,106.00,107.50,106.00,106.00,+1.00,24,2448395
108/02/15,24128,106.00,107.00,104.00,104.50,-1.50,26,2532631
108/02/18,33157,105.50,106.00,104.50,105.50,+1.00,32,3489985
108/02/19,31845,105.50,105.50,103.50,103.50,-2.00,25,3315112
108/02/20,57150,103.00,105.00,103.00,103.00,-0.50,41,5921950
108/02/21,26000,103.00,103.00,102.00,103.00,0.00,20,2667000
108/02/22,6101,102.00,103.00,102.00,102.00,-1.00,7,624802
108/02/25,15300,101.00,102.00,101.00,102.00,0.00,21,1551200
108/02/26,7005,102.00,102.00,101.00,102.00,0.00,7,712510
108/02/27,17100,101.00,101.50,101.00,101.50,-0.50,18,1728100
108/03/04,194389,104.00,111.50,104.00,111.50,+10.00,177,21269870
108/03/05,214681,112.00,115.50,109.50,112.00,+0.50,211,24045426
108/03/06,59900,112.00,114.00,112.00,113.50,+1.50,64,6788549
108/03/07,187740,113.50,119.00,113.50,114.00,+0.50,173,21817990
108/03/08,172026,113.50,120.00,113.50,120.00,+6.00,164,20204594
108/03/11,218759,123.00,128.00,122.00,123.50,+3.50,205,27296616
108/03/12,101801,124.50,125.00,121.00,124.00,+0.50,111,12484824
108/03/13,66047,122.50,124.00,121.00,122.50,-1.50,65,8083781
108/03/14,121060,122.50,123.00,118.00,118.50,-4.00,105,14531550
108/03/15,70611,119.50,123.00,119.50,121.00,+2.50,74,8570931
108/03/18,61268,122.00,122.00,118.50,121.00,0.00,60,7363660
108/03/19,66170,120.00,120.00,117.00,118.50,-2.50,66,7802975
108/03/20,39172,120.00,121.00,118.50,120.00,+1.50,37,4691968
108/03/21,42750,119.00,119.50,118.00,118.00,-2.00,44,5075625
108/03/22,90200,120.00,120.50,118.00,120.00,+2.00,89,10804000
108/03/25,78200,119.50,119.50,116.50,117.00,-3.00,63,9183700
108/03/26,66200,119.00,119.00,116.00,116.50,-0.50,50,7727700
108/03/27,60999,115.50,116.50,114.00,116.00,-0.50,61,7007385
108/03/28,27539,116.00,116.00,113.50,114.00,-2.00,25,3156407
108/03/29,20310,114.00,114.00,112.50,113.00,-1.00,22,2296185
108/04/01,25131,113.50,113.50,112.50,113.00,0.00,26,2842303
108/04/02,42000,113.00,113.50,111.50,111.50,-1.50,43,4713998
108/04/03,58200,112.00,118.00,112.00,116.50,+5.00,61,6699100
108/04/08,92037,117.50,119.00,115.00,116.00,-0.50,89,10746792
108/04/09,47900,116.00,117.00,115.00,117.00,+1.00,48,5564850
108/04/10,72200,117.50,120.00,117.00,119.50,+2.50,72,8586899
108/04/11,106331,121.50,122.00,119.00,119.50,0.00,97,12798053
108/04/12,68066,119.00,120.00,119.00,120.00,+0.50,65,8114920
108/04/15,57200,119.50,120.00,118.00,119.50,-0.50,48,6799899
108/04/16,35002,119.50,119.50,118.00,118.50,-1.00,26,4138738
108/04/17,28100,118.50,118.50,117.50,118.50,0.00,26,3322300
108/04/18,52100,120.00,120.00,116.00,117.50,-1.00,41,6110200
108/04/19,35545,117.50,118.00,117.00,117.50,0.00,33,4171492
108/04/22,67256,118.00,120.50,118.00,120.50,+3.00,72,8030089
108/04/23,31249,120.50,120.50,118.50,120.00,-0.50,33,3730131
108/04/24,49588,119.50,119.50,118.50,119.00,-1.00,44,5908384
108/04/25,21810,118.00,122.00,118.00,119.50,+0.50,26,2623700
108/04/26,17300,119.50,120.00,118.50,119.00,-0.50,17,2067200
108/04/29,41422,118.50,119.00,117.00,117.50,-1.50,34,4880163
108/04/30,14301,117.50,118.50,117.50,117.50,0.00,16,1690366
108/05/02,245142,119.00,128.00,119.00,127.00,+9.50,213,30492392
108/05/03,103247,126.50,127.00,124.50,126.00,-1.00,96,12989498
108/05/06,85286,126.00,128.50,123.50,126.50,+0.50,87,10765890
108/05/07,114187,126.00,133.00,126.00,131.00,+4.50,121,14766310
108/05/08,62257,131.00,132.00,129.00,130.00,-1.00,68,8112153
108/05/09,67528,128.50,128.50,123.00,125.00,-5.00,73,8519500
108/05/10,72212,126.00,126.00,121.50,124.00,-1.00,75,8898076
108/05/13,64332,124.00,124.00,118.50,119.50,-4.50,64,7724173
108/05/14,37001,118.00,119.00,116.00,119.00,-0.50,35,4351120
108/05/15,52500,119.00,122.50,119.00,121.00,+2.00,46,6349000
108/05/16,32000,120.00,120.00,119.00,120.00,-1.00,31,3823500
108/05/17,39500,119.00,119.00,117.00,118.50,-1.50,37,4654750
108/05/20,16000,117.00,118.50,116.00,118.00,-0.50,16,1876000
108/05/21,16230,118.50,119.50,118.50,119.00,+1.00,15,1929140
108/05/22,16200,120.00,120.50,119.00,119.00,0.00,16,1941800
108/05/23,5200,119.00,119.00,117.50,117.50,-1.50,7,614500
108/05/24,28100,117.00,118.00,116.50,118.00,+0.50,28,3292750
108/05/27,25100,118.50,118.50,117.50,118.00,0.00,23,2958300
108/05/28,15213,118.00,118.50,117.00,117.50,-0.50,18,1790134
108/05/29,15100,118.50,118.50,117.00,118.00,+0.50,16,1780250
108/05/30,7000,119.00,119.00,118.00,118.00,0.00,7,832000
108/05/31,16020,119.50,119.50,118.00,119.00,+1.00,16,1906900
108/06/03,16000,117.00,119.00,117.00,119.00,0.00,15,1889000
108/06/04,25400,119.00,122.50,119.00,120.00,+1.00,27,3073600
108/06/05,22800,120.50,120.50,120.00,120.00,0.00,25,2737500
108/06/06,17400,120.00,121.00,119.50,119.50,-0.50,19,2088500
108/06/10,30300,120.50,121.00,119.50,121.00,+1.50,30,3645500
108/06/11,95379,124.00,126.00,123.00,125.00,+4.00,92,11913875
108/06/12,54300,125.50,125.50,123.50,125.00,0.00,45,6766500
108/06/13,21200,126.00,126.00,123.00,124.00,-1.00,22,2632100
108/06/14,65000,125.50,127.00,124.00,126.50,+2.50,60,8165000
108/06/17,32150,127.00,127.00,125.00,126.50,0.00,28,4054400
108/06/18,31200,125.50,126.50,125.50,126.50,0.00,28,3935100
108/06/19,60150,126.50,126.50,124.50,126.00,-0.50,53,7532750
108/06/20,50100,126.00,126.00,125.00,125.00,-1.00,46,6293900
108/06/21,74200,125.50,126.00,125.00,125.00,0.00,47,9334800
108/06/24,37800,125.00,126.00,124.50,126.00,+1.00,35,4734400
108/06/25,30400,126.00,126.00,125.00,125.00,-1.00,29,3820100
108/06/26,24033,124.50,124.50,124.00,124.50,-0.50,21,2986608
108/06/27,101500,125.50,127.50,125.00,126.00,+1.50,71,12820000
108/06/28,153637,126.00,130.50,125.50,128.00,,133,19671215
