﻿綠電,	8440
日期,成交股數,開盤價,最高價,最低價,收盤價,漲跌價差,成交筆數,成交金額
107/06/01,137280,21.90,21.90,21.30,21.40,-0.60,94,2974048
107/06/04,131036,21.50,21.50,21.00,21.00,-0.40,98,2772754
107/06/05,120030,21.00,21.45,20.85,21.00,0.00,86,2519230
107/06/06,138075,21.35,22.00,21.35,21.50,+0.50,99,2983127
107/06/07,70000,21.50,21.50,21.25,21.30,-0.20,51,1497150
107/06/08,76200,21.35,21.85,21.30,21.70,+0.40,62,1649930
107/06/11,127000,21.80,22.00,21.80,21.95,+0.25,77,2782750
107/06/12,84000,21.60,21.60,21.45,21.55,-0.40,32,1805300
107/06/13,64400,21.55,21.60,21.30,21.40,-0.15,39,1381200
107/06/14,59650,21.20,21.50,21.10,21.40,0.00,40,1269545
107/06/15,68000,21.40,21.50,21.30,21.40,0.00,31,1452550
107/06/19,118200,21.25,21.30,21.00,21.00,-0.40,53,2504720
107/06/20,67150,21.00,21.10,20.85,20.95,-0.05,43,1406050
107/06/21,22000,21.35,21.35,20.95,20.95,0.00,18,462900
107/06/22,88000,20.95,21.05,20.80,20.85,-0.10,38,1842600
107/06/25,23000,20.90,21.50,20.70,20.80,-0.05,19,481450
107/06/26,59200,20.80,20.80,20.45,20.65,-0.15,45,1218650
107/06/27,24055,20.60,20.60,20.45,20.55,-0.10,19,493605
107/06/28,24400,20.40,20.45,20.30,20.35,-0.20,19,497209
107/06/29,56000,20.25,20.75,20.25,20.60,+0.25,36,1142650
107/07/02,33350,20.90,21.10,20.45,20.45,-0.15,22,688974
107/07/03,27000,20.90,20.90,20.50,20.50,+0.05,14,556600
107/07/04,30000,20.40,20.50,20.35,20.40,-0.10,19,612050
107/07/05,88000,20.30,20.40,20.25,20.25,-0.15,32,1787400
107/07/06,77000,20.20,20.25,20.00,20.00,-0.25,40,1551750
107/07/09,27000,20.00,20.00,19.80,19.85,-0.15,25,536800
107/07/10,98000,19.60,19.70,19.40,19.50,-0.35,66,1914200
107/07/11,22000,19.50,19.85,19.10,19.50,0.00,20,431350
107/07/12,20000,19.20,19.65,19.20,19.65,+0.15,15,386850
107/07/13,20000,19.85,19.90,19.70,19.70,+0.05,12,396650
107/07/16,55100,19.55,19.90,19.40,19.90,+0.20,23,1077050
107/07/17,41000,19.90,19.90,19.50,19.50,-0.40,19,801850
107/07/18,24000,19.50,19.60,19.50,19.60,+0.10,16,469800
107/07/19,24100,19.80,19.80,19.50,19.50,-0.10,19,470750
107/07/20,68030,19.50,19.60,19.00,19.20,-0.30,43,1314426
107/07/23,56200,18.80,19.05,18.80,18.80,-0.40,53,1060290
107/07/24,32001,18.70,18.75,18.60,18.65,-0.15,22,598018
107/07/25,42299,18.80,19.25,18.80,19.10,+0.45,28,801531
107/07/26,45000,19.00,19.55,19.00,19.55,+0.45,29,867650
107/07/27,36000,19.55,19.55,19.45,19.55,0.00,18,703550
107/07/30,61200,19.60,20.10,19.55,19.95,+0.40,37,1212030
107/07/31,190200,20.30,21.80,20.05,21.20,+1.25,114,4010200
107/08/01,144000,21.10,21.10,20.00,20.05,-1.15,91,2921300
107/08/02,38150,20.20,20.20,19.80,19.90,-0.15,25,760420
107/08/03,33000,20.00,20.00,19.60,19.80,-0.10,26,650900
107/08/06,32500,19.70,20.15,19.60,20.00,+0.20,22,641075
107/08/07,26000,20.00,20.00,19.60,19.85,-0.15,22,510700
107/08/08,28200,19.60,20.00,19.60,19.75,-0.10,24,558440
107/08/09,13000,20.00,20.00,19.70,19.70,-0.05,9,256950
107/08/10,78000,19.70,19.70,19.40,19.40,-0.30,30,1521300
107/08/13,70153,19.20,19.20,18.70,18.80,-0.60,53,1321561
107/08/14,51000,18.80,18.80,18.15,18.30,-0.50,36,945450
107/08/15,95000,18.35,18.40,17.80,17.80,-0.50,58,1706850
107/08/16,46000,17.80,17.80,17.50,17.60,-0.20,31,811850
107/08/17,29000,17.75,17.80,17.70,17.75,+0.15,17,515000
107/08/20,26000,17.65,17.65,17.50,17.55,-0.20,24,456400
107/08/21,23000,17.70,18.00,17.65,17.65,+0.10,17,407850
107/08/22,5000,17.55,17.80,17.55,17.80,+0.15,4,88100
107/08/23,9117,17.80,18.00,17.65,17.80,0.00,10,162182
107/08/24,29000,17.95,17.95,17.60,17.65,-0.15,15,513300
107/08/27,14741,17.70,17.85,17.70,17.80,+0.15,11,262228
107/08/28,20000,17.85,17.85,17.65,17.75,-0.05,16,354250
107/08/29,9100,17.85,18.10,17.85,18.10,+0.35,10,163600
107/08/30,19120,18.10,18.10,17.85,18.00,-0.10,14,342860
107/08/31,62000,18.05,18.30,18.05,18.25,+0.25,31,1130300
107/09/03,27000,18.25,18.25,18.25,18.25,0.00,14,492750
107/09/04,35000,18.30,18.60,18.30,18.60,+0.35,21,647400
107/09/05,17000,18.35,18.35,18.00,18.10,-0.50,11,309450
107/09/06,15235,18.30,18.30,18.10,18.10,0.00,11,277530
107/09/07,92000,18.20,18.20,17.50,17.75,-0.35,46,1635650
107/09/10,49000,17.75,17.75,17.40,17.40,-0.35,22,861000
107/09/11,52000,17.40,17.40,17.15,17.40,0.00,25,897100
107/09/12,20000,17.40,17.40,17.10,17.15,-0.25,16,344200
107/09/13,20000,18.00,18.00,17.25,17.40,+0.25,14,350000
107/09/14,7365,17.35,17.35,17.30,17.35,-0.05,6,127628
107/09/17,24050,17.45,18.50,17.45,18.50,+1.15,22,433065
107/09/18,1055000,17.90,17.90,17.80,17.80,-0.70,6,21089150
107/09/19,28100,17.60,17.60,17.50,17.50,-0.30,20,493015
107/09/20,10000,17.50,17.50,17.45,17.50,0.00,6,174950
107/09/21,14000,17.95,17.95,17.55,17.55,+0.05,8,248750
107/09/25,29400,17.55,17.55,17.25,17.35,-0.20,18,510779
107/09/26,51000,17.40,17.80,17.40,17.50,+0.15,14,892650
107/09/27,10658,17.50,17.70,17.50,17.55,+0.05,8,187812
107/09/28,28001,17.55,17.75,17.55,17.75,+0.20,18,493717
107/10/01,69000,17.75,17.95,17.70,17.95,+0.20,28,1223800
107/10/02,80000,18.00,18.45,18.00,18.45,+0.50,60,1461250
107/10/03,58000,18.25,18.50,18.25,18.25,-0.20,35,1062000
107/10/04,23800,18.20,18.20,17.80,17.80,-0.45,19,425550
107/10/05,72075,17.70,17.70,17.50,17.55,-0.25,31,1265620
107/10/08,25000,17.55,18.00,17.55,17.60,+0.05,12,445250
107/10/09,1538600,17.60,17.60,17.40,17.40,-0.20,24,29180990
107/10/11,235000,17.20,17.20,15.70,15.70,-1.70,111,3723600
107/10/12,48000,15.10,16.00,15.10,16.00,+0.30,19,758850
107/10/15,18000,16.00,16.15,16.00,16.10,+0.10,15,288650
107/10/16,37000,16.20,16.35,16.20,16.35,+0.25,12,600450
107/10/17,44000,16.35,16.50,16.30,16.50,+0.15,25,720500
107/10/18,21100,16.50,16.90,16.50,16.90,+0.40,15,353890
107/10/19,22000,16.40,16.40,16.05,16.15,-0.75,13,356650
107/10/22,19050,16.15,16.85,16.15,16.60,+0.45,15,318230
107/10/23,8300,16.50,16.50,16.50,16.50,-0.10,12,136949
107/10/24,12000,16.10,16.40,16.10,16.20,-0.30,9,194150
107/10/25,5257,16.10,16.10,16.00,16.00,-0.20,6,84412
107/10/26,32000,16.00,16.00,15.70,15.75,-0.25,19,506100
107/10/29,16055,15.50,15.50,15.50,15.50,-0.25,12,248858
107/10/30,14000,15.60,15.60,15.50,15.50,0.00,10,217800
107/10/31,5000,15.50,15.55,15.50,15.50,0.00,4,77650
107/11/01,4000,15.55,15.55,15.55,15.55,+0.05,4,62200
107/11/02,31000,15.55,16.00,15.55,15.95,+0.40,24,493850
107/11/08,20000,16.00,16.00,15.90,16.00,0.00,18,319300
107/11/09,6000,16.00,16.00,16.00,16.00,0.00,3,96000
107/11/12,10100,16.00,16.40,16.00,16.20,+0.20,6,163440
107/11/16,11000,15.80,16.00,15.70,15.70,+0.10,11,174100
107/11/19,43002,15.75,16.45,15.50,16.00,+0.30,25,682284
107/11/20,3000,16.30,16.30,16.00,16.20,+0.20,3,48500
107/11/21,14275,16.10,16.20,15.90,16.15,-0.05,13,230705
107/11/22,10000,16.10,16.10,15.90,15.90,-0.25,7,160050
107/11/23,8000,15.90,16.00,15.80,15.80,-0.10,5,127000
107/11/26,0,---,---,---,---,---,0,0
107/11/27,9000,15.90,15.90,15.80,15.80,0.00,9,142750
107/11/28,75000,15.90,15.90,15.45,15.85,+0.05,50,1170150
107/11/29,41000,15.70,15.70,15.45,15.45,-0.40,34,637450
107/11/30,4000,15.45,15.50,15.45,15.50,+0.05,4,61850
107/12/03,21000,15.75,15.80,15.50,15.60,+0.10,17,327300
107/12/04,11000,15.70,15.80,15.60,15.80,+0.20,9,172900
107/12/05,20000,15.60,15.95,15.55,15.60,-0.20,13,313850
107/12/06,29000,15.95,15.95,15.50,15.80,+0.20,23,455200
107/12/07,18100,15.80,15.80,15.60,15.80,0.00,18,285029
107/12/10,20000,15.60,15.60,15.35,15.40,-0.40,18,309350
107/12/11,40064,15.30,15.55,15.30,15.55,+0.15,29,618245
107/12/12,26000,15.40,15.55,15.30,15.50,-0.05,20,401250
107/12/13,22000,15.40,15.50,15.35,15.50,0.00,14,338400
107/12/14,31000,15.90,15.90,15.40,15.85,+0.35,19,487000
107/12/17,28000,15.80,15.80,15.40,15.75,-0.10,21,435400
107/12/18,30000,15.35,15.70,15.35,15.35,-0.40,20,464850
107/12/19,14001,15.35,15.35,15.30,15.35,0.00,13,214566
107/12/20,68000,15.35,15.35,15.00,15.10,-0.25,42,1030250
107/12/21,34000,15.00,15.10,15.00,15.05,-0.05,18,510750
107/12/22,43000,15.00,15.50,15.00,15.30,+0.25,25,654250
107/12/24,9000,15.25,15.25,15.15,15.15,-0.15,8,136750
107/12/25,20000,15.00,15.05,15.00,15.05,-0.10,12,300100
107/12/26,17000,15.00,15.05,14.95,15.00,-0.05,13,255050
107/12/27,16000,15.00,15.05,14.85,14.90,-0.10,13,238450
107/12/28,6000,15.00,15.00,14.90,15.00,+0.10,5,89900
108/01/02,16000,15.00,15.00,14.80,15.00,0.00,12,238700
108/01/03,9000,15.00,15.15,14.80,15.00,0.00,9,134450
108/01/04,8000,14.80,14.95,14.70,14.95,-0.05,6,118650
108/01/07,17000,15.20,15.20,15.20,15.20,+0.25,13,258400
108/01/08,17200,15.20,15.40,15.20,15.20,0.00,8,262540
108/01/09,11000,15.50,15.50,15.05,15.25,+0.05,10,166650
108/01/10,10000,15.25,15.30,15.15,15.15,-0.10,6,152450
108/01/11,3000,15.00,15.30,15.00,15.30,+0.15,2,45300
108/01/14,20002,15.30,15.45,15.30,15.45,+0.15,11,308283
108/01/15,12000,15.15,15.45,15.15,15.45,0.00,10,184300
108/01/16,9000,15.50,15.50,15.35,15.35,-0.10,7,139350
108/01/17,21000,15.50,15.50,15.50,15.50,+0.15,8,325500
108/01/18,29000,15.45,15.55,15.45,15.50,0.00,17,449950
108/01/21,13003,15.65,15.65,15.25,15.55,+0.05,10,201951
108/01/22,11000,15.55,15.60,15.55,15.55,0.00,8,171300
108/01/23,44000,15.55,16.00,15.50,16.00,+0.45,40,695450
108/01/28,32069,16.55,16.90,16.40,16.80,+0.40,29,535554
108/01/29,10050,16.85,16.85,16.40,16.65,-0.15,9,167330
108/01/30,42000,16.70,18.15,16.50,17.75,+1.10,40,723250
108/02/11,51000,17.75,17.75,17.30,17.60,-0.15,37,897250
108/02/12,36508,17.70,17.70,17.20,17.60,0.00,26,635439
108/02/13,36005,17.60,17.60,17.30,17.55,-0.05,28,628737
108/02/14,29000,17.55,17.55,17.00,17.50,-0.05,26,500550
108/02/15,20100,17.05,17.50,17.05,17.20,-0.30,22,344260
108/02/18,15005,17.20,17.20,16.95,17.05,-0.15,14,256085
108/02/19,25200,17.10,17.10,16.90,17.00,-0.05,17,426930
108/02/20,29024,16.90,17.15,16.80,17.15,+0.15,34,491408
108/02/21,23005,17.15,17.15,16.85,17.15,0.00,14,391586
108/02/22,23000,17.00,17.00,16.80,16.80,-0.35,13,388900
108/02/25,30000,17.20,17.20,16.80,16.90,+0.10,25,508350
108/02/26,12003,17.00,17.00,16.85,16.95,+0.05,7,202501
108/02/27,7259,16.90,16.95,16.65,16.90,-0.05,8,121777
108/03/04,15000,16.90,17.00,16.65,17.00,+0.10,7,253000
108/03/05,12000,17.00,17.00,16.80,17.00,0.00,12,203150
108/03/06,44000,16.90,16.90,16.65,16.90,-0.10,28,738500
108/03/07,15100,16.90,16.90,16.60,16.60,-0.30,12,251460
108/03/08,50000,16.50,16.50,16.30,16.30,-0.30,30,817950
108/03/11,5000,16.20,16.60,16.20,16.50,+0.20,4,82500
108/03/12,12200,16.30,16.30,16.25,16.30,-0.20,4,198770
108/03/13,26200,16.80,16.80,16.30,16.65,+0.35,18,435210
108/03/14,25098,16.35,16.35,15.80,16.10,-0.55,22,401463
108/03/15,26098,16.40,16.40,15.75,16.10,0.00,23,418477
108/03/18,11000,16.35,16.35,15.90,15.95,-0.15,10,176450
108/03/19,208000,15.80,15.80,15.15,15.40,-0.55,125,3177400
108/03/20,25000,15.40,15.80,15.30,15.80,+0.40,21,389050
108/03/21,24220,15.50,15.80,15.35,15.80,0.00,22,376376
108/03/22,152000,15.85,17.00,15.85,16.70,+0.90,78,2533000
108/03/25,15000,16.50,16.60,16.15,16.20,-0.50,12,245350
108/03/26,52000,16.70,17.00,16.10,16.10,-0.10,36,847350
108/03/27,24224,16.00,16.55,16.00,16.25,+0.15,19,395073
108/03/28,56000,16.25,16.40,15.85,15.85,-0.40,28,900800
108/03/29,101000,15.80,16.00,15.40,15.50,-0.35,48,1571450
108/04/01,17000,15.50,15.60,15.50,15.50,0.00,14,264000
108/04/02,18023,15.50,15.55,15.35,15.55,+0.05,17,278707
108/04/03,8037,15.55,15.55,15.55,15.55,0.00,10,124978
108/04/08,28023,15.45,15.90,15.45,15.65,+0.10,21,441093
108/04/09,21000,15.55,15.60,15.45,15.50,-0.15,17,325750
108/04/10,42000,15.50,15.50,15.30,15.35,-0.15,30,645900
108/04/11,17500,15.35,15.45,15.35,15.40,+0.05,17,268850
108/04/12,50100,15.45,15.60,15.05,15.10,-0.30,40,764500
108/04/15,29100,15.10,15.35,15.10,15.30,+0.20,24,442035
108/04/16,25100,15.25,15.40,15.25,15.35,+0.05,10,386235
108/04/17,9000,15.30,15.35,15.30,15.30,-0.05,9,137800
108/04/18,15000,15.50,15.50,15.30,15.30,0.00,10,230750
108/04/19,12000,15.30,15.45,15.30,15.40,+0.10,9,184400
108/04/22,17000,15.40,15.45,15.40,15.40,0.00,12,262050
108/04/23,27000,15.50,15.55,15.50,15.55,+0.15,15,418650
108/04/24,16000,15.60,15.70,15.55,15.55,0.00,11,249950
108/04/25,1000,15.85,15.85,15.85,15.85,+0.30,1,15850
108/04/26,10000,15.40,15.65,15.40,15.60,-0.25,9,155050
108/04/29,19000,15.70,15.70,15.50,15.50,-0.10,16,296100
108/04/30,9009,15.80,15.80,15.50,15.65,+0.15,11,140540
108/05/02,18000,15.55,15.70,15.55,15.65,0.00,13,281600
108/05/03,20000,15.65,15.70,15.60,15.70,+0.05,10,313050
108/05/06,64131,15.65,16.00,15.65,15.90,+0.20,40,1015982
108/05/07,27000,15.90,16.05,15.90,15.90,0.00,22,430800
108/05/08,27000,15.80,16.00,15.80,16.00,+0.10,21,430450
108/05/09,55000,16.25,16.25,15.90,16.00,0.00,38,884050
108/05/10,15000,16.10,16.10,15.90,16.00,0.00,15,239500
108/05/13,146266,16.15,16.15,15.95,16.00,0.00,77,2347431
108/05/14,62027,15.05,15.35,14.75,15.25,,41,938210
108/05/15,10265,15.00,15.25,15.00,15.25,0.00,10,154290
108/05/16,9000,15.25,15.25,15.05,15.20,-0.05,9,136300
108/05/17,7000,15.20,15.20,15.10,15.10,-0.10,4,106250
108/05/20,56000,15.10,15.10,14.75,14.80,-0.30,37,829450
108/05/21,22000,15.00,15.00,14.80,14.90,+0.10,15,326200
108/05/22,86000,14.80,14.90,14.70,14.70,-0.20,43,1269450
108/05/23,32000,14.50,14.70,14.45,14.50,-0.20,19,465300
108/05/24,17014,14.45,14.50,14.10,14.40,-0.10,15,243623
108/05/27,17098,14.65,14.65,14.35,14.60,+0.20,12,246479
108/05/28,32035,14.55,14.55,14.30,14.30,-0.30,19,459261
108/05/29,3020,14.45,14.45,14.30,14.30,0.00,4,43514
108/05/30,10021,14.50,14.60,14.50,14.60,+0.30,8,145579
108/05/31,10040,14.45,14.60,14.45,14.60,0.00,9,145541
108/06/03,38042,14.30,14.45,14.10,14.20,-0.40,25,540423
108/06/04,12000,14.20,14.35,14.20,14.35,+0.15,10,171300
108/06/05,9019,14.35,14.50,14.25,14.50,+0.15,11,129398
108/06/06,10000,14.50,14.90,14.50,14.90,+0.40,5,145400
108/06/10,4037,14.65,14.65,14.55,14.55,-0.35,7,58946
108/06/11,7010,15.10,15.10,14.55,14.55,0.00,8,102755
108/06/12,1020,14.65,14.65,14.65,14.65,+0.10,3,14970
108/06/13,18020,14.55,14.65,14.30,14.65,0.00,13,261371
108/06/14,10043,14.85,14.85,14.60,14.70,+0.05,9,147192
108/06/17,8000,14.50,14.50,14.45,14.50,-0.20,4,115900
108/06/18,13000,14.30,14.35,14.20,14.30,-0.20,11,185400
108/06/19,13210,14.50,14.50,14.25,14.30,0.00,12,189350
108/06/20,24000,14.30,14.35,14.25,14.25,-0.05,11,342150
108/06/21,41000,14.25,14.50,14.25,14.25,0.00,25,585400
108/06/24,5000,14.35,14.35,14.30,14.30,+0.05,4,71550
108/06/25,5000,14.35,14.50,14.30,14.30,0.00,4,71800
108/06/26,14000,14.50,14.95,14.40,14.40,+0.10,12,203900
108/06/27,12000,14.40,14.55,14.40,14.55,+0.15,12,173850
108/06/28,47015,14.45,14.60,14.35,14.60,+0.05,20,684090
108/07/01,1016,14.60,14.60,14.60,14.60,0.00,3,14856
108/07/02,18000,14.45,14.45,14.35,14.45,-0.15,14,259250
108/07/03,24000,14.35,14.45,14.35,14.45,0.00,8,345650
108/07/04,28000,14.40,14.40,14.30,14.35,-0.10,12,401750
108/07/05,18000,14.35,14.35,14.25,14.35,0.00,10,256750
108/07/08,46000,14.25,14.90,14.25,14.60,+0.25,21,674450
108/07/09,10000,14.60,14.60,14.40,14.40,-0.20,6,144900
108/07/10,7000,14.30,14.75,14.30,14.60,+0.20,6,101900
108/07/11,27000,15.15,15.15,14.65,14.65,+0.05,14,404750
108/07/12,24716,14.65,14.70,14.55,14.60,-0.05,21,361852
108/07/15,36019,14.40,14.55,14.40,14.45,-0.15,18,521822
108/07/16,42018,14.35,14.40,14.25,14.30,-0.15,28,601257
108/07/17,78038,14.25,14.50,14.10,14.50,+0.20,35,1105750
108/07/18,8060,14.35,14.35,14.30,14.30,-0.20,9,115407
108/07/19,37000,14.25,14.30,14.25,14.30,0.00,18,528100
108/07/22,13000,14.30,14.30,14.25,14.25,-0.05,6,185350
108/07/23,19107,14.25,14.25,14.15,14.25,0.00,16,271724
108/07/24,59000,14.20,14.20,14.10,14.10,-0.15,16,833150
108/07/25,35577,14.15,14.15,14.00,14.00,-0.10,24,500185
108/07/26,59000,14.00,14.10,14.00,14.05,+0.05,20,827700
108/07/29,33000,14.10,14.10,14.00,14.05,0.00,18,463200
108/07/30,40000,14.00,14.10,14.00,14.10,+0.05,12,560200
108/07/31,17000,14.20,14.20,14.00,14.00,-0.10,8,238250
