﻿深100           ,	00639
日期,成交股數,開盤價,最高價,最低價,收盤價,漲跌價差,成交筆數,成交金額
104/06/09,56512000,16.00,16.08,15.77,15.82,-0.25,6456,901728420
104/06/10,25601000,15.80,16.00,15.55,15.99,0.17,2474,405446140
104/06/11,15315015,15.99,16.00,15.83,15.90,-0.09,1536,244340946
104/06/12,12331000,15.96,15.99,15.75,15.92,0.02,1123,196314500
104/06/15,15261000,15.92,15.99,15.51,15.56,-0.36,1810,239817960
104/06/16,11514000,15.46,15.46,14.95,15.02,-0.54,1972,174598510
104/06/17,7839600,15.00,15.10,14.76,14.94,-0.08,1385,116960710
104/06/18,7747000,15.18,15.18,14.80,14.80,-0.14,999,115772180
104/06/22,6830000,14.30,14.30,14.01,14.16,-0.64,1164,96224190
104/06/23,13476000,14.25,14.39,13.87,14.27,0.11,1649,191259470
104/06/24,6717500,14.39,14.57,14.31,14.34,0.07,1100,96980404
104/06/25,5611400,14.69,14.76,14.58,14.76,0.42,796,82473730
104/06/26,13447000,14.50,14.50,13.96,13.96,-0.80,2102,190612270
104/06/29,18261000,13.90,14.10,12.47,12.52,-1.44,2923,244066910
104/06/30,15059500,12.70,13.49,12.38,13.35,0.83,2281,192848410
104/07/01,14779000,13.53,13.92,13.53,13.80,0.45,1697,203287470
104/07/02,11993000,13.64,13.65,13.20,13.20,-0.60,1814,161057050
104/07/03,11432000,13.10,13.24,12.67,13.15,-0.05,1821,148092630
104/07/06,23565228,13.25,13.79,12.63,12.90,-0.25,2947,312339508
104/07/07,12316100,13.10,13.11,12.60,12.70,-0.20,2038,157814179
104/07/08,16755600,12.40,12.40,11.12,11.12,-1.58,3222,196964302
104/07/09,23166272,10.87,11.08,9.92,10.92,-0.20,3127,244372622
104/07/13,14513000,11.80,12.40,11.70,12.40,1.48,2505,172999890
104/07/14,17137000,12.41,12.67,12.25,12.30,-0.10,1977,213721810
104/07/15,8171020,12.40,12.50,12.10,12.10,-0.20,1250,100548328
104/07/16,9050000,12.12,12.33,11.70,12.15,0.05,1362,108971130
104/07/17,6086999,12.17,12.34,12.14,12.33,0.18,779,74611487
104/07/20,15053001,12.47,12.76,12.45,12.53,0.20,1780,189632622
104/07/21,10059200,12.60,12.93,12.49,12.91,0.38,1475,128432660
104/07/22,5913000,12.91,12.93,12.62,12.65,-0.26,867,75739360
104/07/23,6628000,12.74,12.94,12.74,12.85,0.20,887,85284500
104/07/24,7145000,12.99,13.09,12.86,13.00,0.15,1012,92831070
104/07/27,9504500,12.79,12.79,12.13,12.13,-0.87,1407,118919910
104/07/28,9546228,11.53,11.89,11.24,11.63,-0.50,1652,110447388
104/07/29,4268188,11.70,11.88,11.59,11.66,0.03,734,50024367
104/07/30,4617200,12.10,12.14,11.91,11.97,0.31,721,55479544
104/07/31,3071000,11.80,11.91,11.72,11.83,-0.14,493,36365700
104/08/03,2347000,11.90,11.90,11.64,11.64,-0.19,398,27625310
104/08/04,3350000,11.69,11.93,11.69,11.89,0.25,573,39772810
104/08/05,4594001,12.12,12.23,11.98,11.98,0.09,700,55546382
104/08/06,2617400,12.02,12.09,11.91,12.07,0.09,335,31432310
104/08/07,4221200,12.04,12.19,11.97,12.14,0.07,470,51079968
104/08/10,4648228,12.14,12.53,12.12,12.53,0.39,652,57238232
104/08/11,5961000,12.66,12.75,12.55,12.61,0.08,893,75519420
104/08/12,5403000,12.60,12.61,12.34,12.47,-0.14,639,67468970
104/08/13,6722000,12.45,12.46,12.10,12.19,-0.28,822,82709650
104/08/14,4386000,12.46,12.46,12.30,12.30,0.11,496,54196710
104/08/17,2855000,12.40,12.40,12.14,12.24,-0.06,396,35015780
104/08/18,3364200,12.34,12.42,12.15,12.15,-0.09,398,41383408
104/08/19,6894000,11.80,11.88,11.50,11.76,-0.39,1277,80680640
104/08/20,4084000,11.98,11.99,11.76,11.87,0.11,399,48597630
104/08/21,8662000,11.63,11.65,11.05,11.20,-0.67,941,98698380
104/08/24,14549000,10.97,10.97,9.17,9.30,-1.90,1526,145117960
104/08/25,15188100,9.00,9.19,8.79,9.02,-0.28,2143,136287780
104/08/26,14117100,9.20,9.43,8.66,9.31,0.29,1746,127395279
104/08/27,12126000,9.27,9.49,9.17,9.21,-0.10,1326,113187540
104/08/28,9517000,9.66,9.79,9.57,9.67,0.46,1250,91938760
104/08/31,7161000,9.86,9.86,9.50,9.60,-0.07,888,69558250
104/09/01,6856000,9.83,9.83,9.41,9.53,-0.07,1007,66025110
104/09/02,11478000,9.60,9.65,9.38,9.49,-0.04,1469,109025260
104/09/03,2267000,9.50,9.50,9.35,9.41,-0.08,394,21341970
104/09/04,2040100,9.36,9.45,9.20,9.20,-0.21,427,18978230
104/09/07,9048000,9.25,9.79,9.25,9.66,0.46,1300,86940890
104/09/08,4911000,9.51,9.69,9.51,9.58,-0.08,499,47137570
104/09/09,6829000,9.98,10.27,9.94,10.25,0.67,1180,68970530
104/09/10,3486000,10.15,10.27,10.05,10.22,-0.03,517,35435900
104/09/11,3495000,10.17,10.27,10.10,10.13,-0.09,557,35583000
104/09/14,5908000,10.16,10.20,9.72,9.80,-0.33,842,58681130
104/09/15,6744000,9.64,9.68,9.46,9.55,-0.25,928,64501610
104/09/16,5523000,9.51,9.52,9.33,9.33,-0.22,995,52067980
104/09/17,5237000,9.72,9.74,9.56,9.70,0.37,823,50619000
104/09/18,2599000,9.56,9.66,9.53,9.66,-0.04,398,24934210
104/09/21,2855000,9.58,9.72,9.43,9.66,,382,27350770
104/09/22,5945000,9.80,10.00,9.80,9.93,0.27,802,58849890
104/09/23,3971000,9.80,9.88,9.78,9.80,-0.13,450,39021550
104/09/24,3572000,9.75,9.97,9.75,9.92,0.12,410,35366360
104/09/25,3552000,9.96,10.00,9.73,9.77,-0.15,456,35080740
104/09/30,3092000,9.64,9.91,9.64,9.86,0.09,289,30208050
104/10/01,1378000,9.86,9.93,9.84,9.88,0.02,165,13606940
104/10/02,1108000,9.85,9.94,9.84,9.93,0.05,126,10946710
104/10/05,2321000,10.01,10.17,10.01,10.12,0.19,315,23464670
104/10/06,2784000,10.31,10.31,10.21,10.24,0.12,398,28581700
104/10/07,2365183,10.24,10.41,10.18,10.41,0.17,414,24376345
104/10/08,6141000,10.50,10.53,10.13,10.17,-0.24,821,63080680
104/10/12,6947000,10.22,10.72,10.22,10.72,0.55,966,73301440
104/10/13,6347000,10.80,10.81,10.59,10.73,0.01,846,68127240
104/10/14,4614000,10.74,10.83,10.67,10.81,0.08,624,49611910
104/10/15,6154000,10.72,10.85,10.65,10.85,0.04,800,66151640
104/10/16,7940000,10.87,11.00,10.85,10.95,0.10,910,86780320
104/10/19,6810000,11.02,11.09,10.94,10.95,,809,74949270
104/10/20,2527000,11.00,11.01,10.90,10.98,0.03,373,27719710
104/10/21,5752100,11.09,11.12,11.04,11.06,0.08,723,63700576
104/10/22,7089000,10.75,10.89,10.66,10.66,-0.40,931,76262510
104/10/23,3873000,10.92,10.96,10.90,10.93,0.27,488,42340560
104/10/26,5414000,11.10,11.21,11.10,11.21,0.28,772,60370750
104/10/27,5505000,11.21,11.21,10.85,11.01,-0.20,727,60519600
104/10/28,3756000,11.10,11.19,11.01,11.04,0.03,487,41643030
104/10/29,3487000,11.05,11.08,10.97,11.01,-0.03,368,38381550
104/10/30,2871100,11.01,11.16,10.95,11.13,0.12,308,31674570
104/11/02,4167000,11.08,11.09,10.95,10.97,-0.16,395,45889160
104/11/03,3680000,10.91,11.00,10.86,10.91,-0.06,417,40244120
104/11/04,10884000,10.91,11.27,10.89,11.22,0.31,883,121482110
104/11/05,10208100,11.36,11.68,11.30,11.61,0.39,1350,117527371
104/11/06,5781000,11.58,11.80,11.50,11.80,0.19,806,67048140
104/11/09,10783200,11.83,12.00,11.78,11.95,0.15,1214,128420970
104/11/10,6523200,11.90,12.05,11.85,11.91,-0.04,726,77997280
104/11/11,4778000,11.95,12.01,11.92,11.96,0.05,566,57154990
104/11/12,9109000,12.10,12.15,11.88,11.88,-0.08,896,109299810
104/11/13,4421000,11.83,11.95,11.72,11.78,-0.10,583,52313480
104/11/16,6138000,11.72,11.74,11.57,11.72,-0.06,612,71545290
104/11/17,5687300,11.98,12.14,11.98,12.06,0.34,758,68591378
104/11/18,4972200,11.95,11.98,11.80,11.80,-0.26,744,59201410
104/11/19,6137025,11.85,11.88,11.75,11.79,-0.01,662,72425091
104/11/20,3281000,11.94,11.97,11.78,11.90,0.11,406,38996310
104/11/23,3023000,11.83,11.94,11.83,11.88,-0.02,321,35934270
104/11/24,5167000,11.85,11.85,11.62,11.69,-0.19,592,60624080
104/11/25,2575300,11.75,11.86,11.73,11.85,0.16,381,30350729
104/11/26,3608025,11.90,11.97,11.83,11.89,0.04,408,42968687
104/11/27,4124000,11.84,11.84,11.47,11.47,-0.42,626,47985110
104/11/30,8043000,11.20,11.32,10.88,10.93,-0.54,1238,89282480
104/12/01,4576000,11.19,11.24,11.10,11.23,0.30,630,51115050
104/12/02,6967000,11.25,11.59,11.23,11.41,0.18,819,79402010
104/12/03,7072253,11.60,11.75,11.53,11.70,0.29,839,82488790
104/12/04,4040000,11.67,11.70,11.59,11.70,,547,47026680
104/12/07,2715100,11.68,11.74,11.62,11.71,0.01,336,31778921
104/12/08,4317000,11.71,11.71,11.47,11.53,-0.18,612,49896320
104/12/09,5109254,11.42,11.61,11.42,11.58,0.05,377,58979404
104/12/10,4041000,11.60,11.70,11.50,11.63,0.05,334,46967780
104/12/11,3775080,11.51,11.59,11.38,11.42,-0.21,437,43305653
104/12/14,3032000,11.16,11.53,11.16,11.49,0.07,313,34669530
104/12/15,5305500,11.62,11.84,11.62,11.83,0.34,733,62491294
104/12/16,3818693,11.90,11.93,11.85,11.88,0.05,426,45414632
104/12/17,6228000,12.00,12.09,11.90,12.06,0.18,732,74762950
104/12/18,6327200,11.95,12.20,11.95,12.05,-0.01,702,76304990
104/12/21,6114050,12.05,12.37,12.00,12.35,0.30,854,75008390
104/12/22,6553626,12.40,12.48,12.36,12.43,0.08,924,81485781
104/12/23,5488000,12.58,12.64,12.49,12.49,0.06,774,68971770
104/12/24,6079430,12.47,12.53,12.27,12.30,-0.19,781,75115909
104/12/25,2650000,12.40,12.48,12.38,12.47,0.17,366,32952260
104/12/28,2704250,12.49,12.50,12.28,12.32,-0.15,461,33501692
104/12/29,6672000,12.20,12.20,12.04,12.12,-0.20,732,80795190
104/12/30,2635000,12.26,12.27,12.13,12.13,0.01,349,32128910
104/12/31,8054250,12.12,12.17,12.00,12.05,-0.08,1089,97269482
105/01/04,8042300,12.05,12.05,11.16,11.16,-0.89,1381,93004887
105/01/05,7376000,11.02,11.25,10.95,11.00,-0.16,1138,81969890
105/01/06,4242000,11.04,11.22,11.00,11.14,0.14,532,47069530
105/01/07,7984365,11.20,11.20,10.25,10.28,-0.86,1319,84345981
105/01/08,8987385,10.35,10.67,10.14,10.67,0.39,1123,93860177
105/01/11,4289000,10.49,10.49,10.20,10.20,-0.47,691,44397400
105/01/12,3375000,10.20,10.29,10.05,10.16,-0.04,708,34329440
105/01/13,3309750,10.30,10.36,10.14,10.21,0.05,548,34019492
105/01/14,6237001,9.99,10.08,9.75,10.08,-0.13,783,61938841
105/01/15,3595000,10.21,10.28,9.90,9.92,-0.16,519,36369860
105/01/18,3182749,9.70,10.18,9.66,10.18,0.26,559,31644564
105/01/19,1938000,10.18,10.38,10.08,10.38,0.20,377,19844850
105/01/20,4712000,10.40,10.40,10.10,10.21,-0.17,433,48285650
105/01/21,1684000,10.20,10.35,10.14,10.17,-0.04,273,17239310
105/01/22,3992000,10.17,10.21,9.91,10.05,-0.12,647,40121630
105/01/25,3899000,10.12,10.24,10.05,10.10,0.05,436,39558810
105/01/26,2932590,10.08,10.08,9.85,9.89,-0.21,605,29228304
105/01/27,8584390,9.75,9.75,9.17,9.29,-0.60,1645,81043987
105/01/28,5453000,9.39,9.49,9.33,9.34,0.05,690,51268560
105/01/29,5426000,9.34,9.52,9.24,9.50,0.16,1143,50846530
105/01/30,1207999,9.56,9.69,9.51,9.69,0.19,326,11622790
105/02/01,2813000,9.70,9.70,9.35,9.43,-0.26,637,26706340
105/02/02,1761400,9.40,9.65,9.35,9.59,0.16,428,16778186
105/02/03,2017000,9.49,9.62,9.44,9.51,-0.08,315,19164910
105/02/15,1725500,9.45,9.54,9.39,9.52,0.01,343,16339465
105/02/16,1555004,9.53,9.89,9.53,9.89,0.37,396,15168309
105/02/17,3643210,9.94,9.95,9.76,9.89,,925,35915886
105/02/18,1588000,10.00,10.08,9.96,10.01,0.12,341,15917060
105/02/19,1981000,10.00,10.09,9.92,10.00,-0.01,359,19829450
105/02/22,2265000,10.07,10.17,10.03,10.16,0.16,518,22914240
105/02/23,2891000,10.20,10.21,10.06,10.09,-0.07,383,29303630
105/02/24,1596000,10.09,10.18,9.96,9.97,-0.12,289,16028020
105/02/25,2927000,10.09,10.12,9.73,9.78,-0.19,608,28823030
105/02/26,2661000,9.65,9.73,9.61,9.62,-0.16,527,25714740
105/03/01,5974300,9.71,9.71,9.38,9.39,-0.23,995,56545434
105/03/02,6941700,9.56,9.70,9.45,9.68,0.29,864,66220856
105/03/03,3077000,9.80,9.87,9.77,9.84,0.16,548,30215390
105/03/04,5816000,9.84,9.84,9.64,9.76,-0.08,898,56691260
105/03/07,4421000,9.85,9.95,9.80,9.83,0.07,584,43572660
105/03/08,3660000,9.90,9.90,9.55,9.72,-0.11,659,35456230
105/03/09,3571000,9.75,9.75,9.61,9.67,-0.05,378,34529000
105/03/10,3893000,9.66,9.73,9.64,9.73,0.06,387,37724730
105/03/11,5248000,9.66,9.66,9.51,9.65,-0.08,562,50186620
105/03/14,6712000,9.80,9.87,9.62,9.86,0.21,865,65400110
105/03/15,3627000,9.85,9.85,9.63,9.67,-0.19,542,35222100
105/03/16,8709000,9.71,9.75,9.49,9.56,-0.11,2143,83413230
105/03/17,5793000,9.63,9.76,9.60,9.73,0.17,796,56142030
105/03/18,8387000,9.75,10.05,9.73,10.04,0.31,1362,83129580
105/03/21,9816000,10.18,10.32,10.12,10.29,0.25,1454,100404840
105/03/22,15114000,10.48,10.50,10.27,10.38,0.09,2196,156488250
105/03/23,9872000,10.35,10.35,10.17,10.19,-0.19,1377,101279310
105/03/24,6354000,10.27,10.30,10.14,10.28,0.09,818,64944100
105/03/25,3680000,10.16,10.22,10.16,10.19,-0.09,547,37496800
105/03/28,4603000,10.22,10.34,10.19,10.23,0.04,675,47288180
105/03/29,4997000,10.21,10.21,9.94,9.98,-0.25,987,50257720
105/03/30,2980000,10.02,10.13,10.00,10.13,0.15,536,30031530
105/03/31,4738000,10.25,10.33,10.16,10.28,0.15,655,48595240
105/04/01,2718000,10.25,10.25,10.01,10.07,-0.21,528,27475720
105/04/06,5643200,10.21,10.35,10.17,10.30,0.23,795,58116480
105/04/07,2468000,10.36,10.45,10.21,10.28,-0.02,505,25498480
105/04/08,2688500,10.11,10.25,10.11,10.19,-0.09,425,27311554
105/04/11,2573000,10.20,10.35,10.16,10.33,0.14,431,26489780
105/04/12,1440000,10.37,10.37,10.21,10.21,-0.12,288,14775530
105/04/13,5921000,10.30,10.52,10.27,10.49,0.28,864,61784930
105/04/14,3289000,10.55,10.60,10.40,10.41,-0.08,571,34438220
105/04/15,1195000,10.45,10.48,10.40,10.45,0.04,312,12472780
105/04/18,3413150,10.45,10.45,10.21,10.23,-0.22,605,35041724
105/04/19,2223000,10.36,10.36,10.21,10.23,,386,22798750
105/04/20,5714100,10.28,10.28,9.80,9.88,-0.35,1132,57244958
105/04/21,5684000,9.93,10.00,9.87,9.90,0.02,904,56402710
105/04/22,1454000,9.90,9.92,9.81,9.88,-0.02,387,14336550
105/04/25,921000,9.90,9.91,9.84,9.90,0.02,207,9103260
105/04/26,1156000,9.93,9.99,9.90,9.94,0.04,199,11493210
105/04/27,1691000,10.00,10.04,9.97,10.00,0.06,279,16918000
105/04/28,1674200,9.98,10.00,9.89,9.89,-0.11,294,16632748
105/04/29,1120050,9.86,9.95,9.86,9.91,0.02,191,11119215
105/05/03,1632000,9.95,10.16,9.90,10.15,0.24,462,16435020
105/05/04,1337000,10.17,10.17,10.07,10.14,-0.01,284,13516760
105/05/05,957000,10.14,10.14,10.06,10.10,-0.04,191,9655830
105/05/06,1399000,10.16,10.16,9.94,9.96,-0.14,289,14007450
105/05/09,3212000,9.90,9.90,9.62,9.65,-0.31,784,31246210
105/05/10,1659000,9.60,9.66,9.52,9.62,-0.03,306,15898390
105/05/11,1081000,9.69,9.74,9.60,9.70,0.08,220,10469980
105/05/12,1331000,9.48,9.65,9.48,9.61,-0.09,279,12741140
105/05/13,1458000,9.63,9.71,9.60,9.62,0.01,184,14054020
105/05/16,1221000,9.62,9.67,9.57,9.63,0.01,174,11746840
105/05/17,859000,9.70,9.74,9.65,9.67,0.04,192,8329500
105/05/18,2009310,9.68,9.68,9.53,9.54,-0.13,470,19251318
105/05/19,1880000,9.56,9.73,9.55,9.66,0.12,260,18135410
105/05/20,868000,9.66,9.70,9.62,9.63,-0.03,151,8390090
105/05/23,1177000,9.67,9.77,9.66,9.70,0.07,201,11447020
105/05/24,1440000,9.73,9.73,9.60,9.61,-0.09,247,13859000
105/05/25,1306000,9.68,9.72,9.65,9.66,0.05,218,12642820
105/05/26,2024000,9.66,9.67,9.50,9.53,-0.13,489,19350850
105/05/27,1336000,9.60,9.66,9.57,9.57,0.04,236,12824890
