﻿FB日本          ,	00645
日期,成交股數,開盤價,最高價,最低價,收盤價,漲跌價差,成交筆數,成交金額
104/11/06,13257000,20.00,20.08,19.97,20.08,0.07,778,265414690
104/11/09,21474000,20.26,20.52,20.24,20.44,0.36,736,437809790
104/11/10,17822000,20.31,20.45,20.24,20.44,,452,362054490
104/11/11,11629000,20.44,20.55,20.41,20.54,0.10,261,238177700
104/11/12,14438000,20.43,20.53,20.41,20.49,-0.05,256,295816990
104/11/13,17870000,20.18,20.39,20.18,20.38,-0.11,285,363007120
104/11/16,6403000,20.15,20.21,20.15,20.21,-0.17,125,129263660
104/11/17,9001000,20.32,20.46,20.32,20.41,0.20,171,183714950
104/11/18,4676000,20.43,20.48,20.34,20.36,-0.05,69,95525810
104/11/19,13096000,20.52,20.62,20.40,20.51,0.15,230,268445850
104/11/20,4062000,20.38,20.43,20.36,20.39,-0.12,71,82846380
104/11/23,581000,20.39,20.49,20.39,20.48,0.09,36,11900230
104/11/24,2427000,20.44,20.52,20.42,20.51,0.03,54,49653970
104/11/25,3875000,20.34,20.36,20.28,20.35,-0.16,61,78782960
104/11/26,3330000,20.45,20.51,20.44,20.44,0.09,73,68178510
104/11/27,2712000,20.39,20.39,20.29,20.32,-0.12,58,55136800
104/11/30,1751000,20.26,20.29,20.17,20.17,-0.15,42,35382180
104/12/01,3958000,20.34,20.37,20.30,20.32,0.15,75,80518320
104/12/02,1781000,20.41,20.46,20.40,20.46,0.14,41,36398090
104/12/03,1696000,20.44,20.46,20.35,20.46,,45,34569940
104/12/04,2414000,20.11,20.12,20.00,20.01,-0.45,105,48424080
104/12/07,4002000,20.32,20.35,20.25,20.27,0.26,84,81269650
104/12/08,4034000,20.15,20.15,19.91,20.01,-0.26,95,80602390
104/12/09,3194000,19.99,19.99,19.80,19.85,-0.16,91,63498040
104/12/10,4333000,19.62,19.68,19.60,19.65,-0.20,100,85121240
104/12/11,3894000,19.72,19.81,19.72,19.76,0.11,83,76943160
104/12/14,3987000,19.20,19.42,19.18,19.37,-0.39,90,77053320
104/12/15,4140000,19.38,19.38,19.15,19.17,-0.20,135,79781800
104/12/16,4052000,19.60,19.64,19.44,19.61,0.44,125,79300190
104/12/17,5071000,20.10,20.12,19.96,20.00,0.39,164,101720070
104/12/18,4172000,19.97,20.35,19.61,19.70,-0.30,147,83124460
104/12/21,4444000,19.40,19.53,19.30,19.53,-0.17,169,86178890
104/12/22,3264000,19.56,19.66,19.54,19.66,0.13,96,63990510
104/12/23,854000,19.65,19.66,19.62,19.66,,63,16779030
104/12/24,3055000,19.73,19.73,19.48,19.51,-0.15,102,59907240
104/12/25,4088000,19.41,19.47,19.33,19.36,-0.15,134,79293020
104/12/28,3747000,19.52,19.63,19.48,19.60,0.24,112,73208050
104/12/29,1809000,19.53,19.76,19.53,19.72,0.12,99,35517830
104/12/30,2269000,19.90,19.90,19.79,19.83,0.11,80,45026880
104/12/31,157000,19.79,19.79,19.73,19.73,-0.10,18,3101720
105/01/04,1926000,19.74,19.80,19.28,19.34,-0.39,94,37630940
105/01/05,1568000,19.30,19.46,19.25,19.26,-0.08,66,30363230
105/01/06,2846000,19.27,19.30,18.92,19.05,-0.21,144,54162180
105/01/07,1768000,19.06,19.09,18.70,18.74,-0.31,78,33326430
105/01/08,3467000,18.60,18.88,18.59,18.59,-0.15,155,64889090
105/01/11,485000,18.40,18.40,17.79,18.30,-0.29,72,8689320
105/01/12,2280000,18.33,18.35,18.01,18.02,-0.28,99,41446180
105/01/13,2803000,18.51,18.59,18.46,18.55,0.53,110,51941780
105/01/14,4303000,17.92,18.02,17.77,18.02,-0.53,177,76874790
105/01/15,3477000,18.16,18.26,17.91,17.93,-0.09,106,63098930
105/01/18,3069000,17.66,17.82,17.65,17.82,-0.11,167,54474160
105/01/19,4636000,17.87,17.87,17.57,17.74,-0.08,249,82105990
105/01/20,1881000,17.67,17.67,17.25,17.25,-0.49,137,32913140
105/01/21,2187000,17.39,17.57,16.96,16.99,-0.26,100,37911580
105/01/22,4167000,17.19,17.61,17.15,17.57,0.58,217,72127620
105/01/25,3482000,17.70,17.87,17.67,17.81,0.24,137,61913940
105/01/26,2387000,17.45,17.53,17.38,17.42,-0.39,126,41668640
105/01/27,2447000,17.89,17.96,17.72,17.94,0.52,156,43642040
105/01/28,2913000,17.77,17.97,17.76,17.89,-0.05,134,52020360
105/01/29,4283000,17.74,18.31,17.50,18.10,0.21,268,76491790
105/01/30,1758000,18.18,18.40,18.18,18.40,0.30,474,32175440
105/02/01,1816000,18.42,18.60,18.39,18.52,0.12,181,33573560
105/02/02,1056000,18.45,18.47,18.33,18.33,-0.19,75,19439260
105/02/03,2181000,17.84,17.86,17.67,17.72,-0.61,181,38715680
105/02/15,3588000,16.12,16.44,15.95,16.44,-1.28,418,57949590
105/02/16,2125000,16.48,16.73,16.30,16.61,0.17,212,35288660
105/02/17,1547000,16.64,16.64,16.12,16.18,-0.43,173,25342900
105/02/18,1259000,16.63,16.79,16.60,16.78,0.60,191,20992230
105/02/19,1883000,16.45,16.47,16.30,16.46,-0.32,208,30845840
105/02/22,1830000,16.43,16.56,16.43,16.50,0.04,178,30208960
105/02/23,1263000,16.57,16.58,16.40,16.41,-0.09,101,20794550
105/02/24,1526000,16.27,16.40,16.24,16.30,-0.11,160,24889500
105/02/25,789000,16.48,16.66,16.42,16.61,0.31,100,13016210
105/02/26,865000,16.80,16.81,16.65,16.66,0.05,93,14472590
105/03/01,774000,16.62,16.62,16.32,16.43,-0.23,130,12743470
105/03/02,654000,16.85,17.17,16.85,17.10,0.67,170,11132940
105/03/03,1226000,17.35,17.37,17.24,17.37,0.27,135,21234910
105/03/04,1019000,17.36,17.48,17.32,17.40,0.03,75,17723470
105/03/07,820000,17.37,17.37,17.25,17.26,-0.14,84,14174890
105/03/08,1171000,16.99,17.21,16.89,17.16,-0.10,108,19933730
105/03/09,1513000,16.90,17.00,16.85,16.96,-0.20,82,25552670
105/03/10,612000,17.07,17.23,17.07,17.21,0.25,73,10484800
105/03/11,1012000,17.14,17.32,17.00,17.29,0.08,62,17354490
105/03/14,1027000,17.51,17.58,17.45,17.50,0.21,64,18010150
105/03/15,1083000,17.53,17.53,17.30,17.31,-0.19,77,18858990
105/03/16,1011000,17.36,17.37,17.27,17.29,-0.02,56,17516140
105/03/17,1011000,17.46,17.50,17.09,17.13,-0.16,76,17470140
105/03/18,1140000,17.00,17.03,16.91,16.96,-0.17,107,19353400
105/03/21,1093000,16.96,17.00,16.86,16.97,0.01,84,18508340
105/03/22,1018000,17.30,17.40,17.17,17.30,0.33,99,17624380
105/03/23,1003000,17.36,17.37,17.27,17.29,-0.01,62,17388260
105/03/24,2001000,17.19,17.26,17.14,17.23,-0.06,202,34435710
105/03/25,322000,17.26,17.33,17.20,17.31,0.08,28,5564930
105/03/28,1057000,17.36,17.37,17.23,17.31,,62,18327510
105/03/29,1902000,17.41,17.51,17.37,17.47,0.16,98,33170420
105/03/30,486000,17.47,17.54,17.32,17.36,-0.11,54,8496480
105/03/31,770000,17.36,17.36,17.24,17.35,-0.01,45,13322680
105/04/01,1501000,16.80,16.83,16.55,16.62,-0.73,230,25015440
105/04/06,1146000,16.21,16.26,16.07,16.15,-0.47,184,18529280
105/04/07,1492000,16.21,16.31,16.09,16.17,0.02,130,24169580
105/04/08,1335000,16.06,16.55,16.02,16.55,0.38,163,21789650
105/04/11,1368000,16.31,16.33,16.15,16.32,-0.23,174,22185540
105/04/12,1010000,16.46,16.60,16.42,16.60,0.28,134,16727490
105/04/13,1025000,16.77,17.04,16.77,17.04,0.44,134,17376270
105/04/14,1781000,17.35,17.52,17.35,17.43,0.39,238,31068460
105/04/15,1035000,17.49,17.50,17.36,17.41,-0.02,85,18021190
105/04/18,1033000,16.99,16.99,16.88,16.89,-0.52,205,17485530
105/04/19,2086000,17.39,17.41,17.33,17.37,0.48,153,36262700
105/04/20,1002000,17.53,17.60,17.45,17.50,0.13,103,17566910
105/04/21,1115000,17.70,17.79,17.64,17.78,0.28,123,19778990
105/04/22,1176250,17.80,18.06,17.74,17.93,0.15,102,20983867
105/04/25,1002000,18.03,18.03,17.93,17.98,0.05,68,17997050
105/04/26,594000,17.87,17.87,17.67,17.80,-0.18,52,10568380
105/04/27,1071000,17.77,17.77,17.66,17.70,-0.10,53,18940190
105/04/28,2050000,17.85,17.94,16.98,17.12,-0.58,211,35686980
105/04/29,1012000,16.79,16.80,16.64,16.66,-0.46,226,16930810
105/05/03,341000,16.56,16.64,16.54,16.55,-0.11,68,5653770
105/05/04,226000,16.55,16.68,16.53,16.63,0.08,51,3759830
105/05/05,538000,16.64,16.68,16.54,16.54,-0.09,52,8921640
105/05/06,655000,16.56,16.59,16.50,16.58,0.04,57,10843330
105/05/09,1142000,16.70,16.75,16.67,16.69,0.11,86,19064900
105/05/10,3097000,16.80,17.07,16.78,17.03,0.34,170,52498160
105/05/11,3056000,17.24,17.26,17.01,17.11,0.08,99,52337970
105/05/12,2138000,16.93,17.09,16.92,17.08,-0.03,71,36304860
105/05/13,1813000,16.98,17.00,16.92,16.97,-0.11,61,30725720
105/05/16,2376000,17.03,17.03,16.81,16.84,-0.13,96,40313490
105/05/17,1910000,17.00,17.07,17.00,17.06,0.22,52,32566610
105/05/18,2707000,16.97,17.21,16.97,17.08,0.02,86,46353500
105/05/19,2066000,17.16,17.18,17.01,17.07,-0.01,61,35278390
105/05/20,1218000,17.04,17.15,17.03,17.12,0.05,39,20827490
105/05/23,2214000,16.89,17.07,16.85,17.03,-0.09,90,37598180
105/05/24,1419000,16.98,16.99,16.92,16.93,-0.10,57,24061440
105/05/25,1455000,17.11,17.16,17.10,17.13,0.20,72,24932950
105/05/26,1780000,17.18,17.21,17.14,17.17,0.04,54,30555200
105/05/27,1443000,17.20,17.23,17.17,17.19,0.02,52,24816540
105/05/30,944300,17.29,17.36,17.26,17.33,0.14,65,16353758
105/05/31,1114000,17.36,17.55,17.36,17.55,0.22,60,19438820
105/06/01,1593000,17.43,17.46,17.30,17.30,-0.25,64,27761190
105/06/02,1252000,17.05,17.09,16.91,16.96,-0.34,169,21285660
105/06/03,1203000,16.98,17.00,16.95,16.96,,57,20418540
105/06/04,132000,16.66,17.02,16.66,16.81,-0.15,54,2226450
105/06/06,1211000,16.78,16.88,16.72,16.87,0.06,60,20400960
105/06/07,1050000,16.95,17.07,16.95,17.06,0.19,49,17879650
105/06/08,1167000,17.06,17.12,16.94,17.12,0.06,61,19912740
105/06/13,1363000,16.70,16.70,16.37,16.40,-0.72,231,22413840
105/06/14,1636000,16.20,16.21,16.10,16.13,-0.27,284,26394230
105/06/15,1100000,16.18,16.34,16.14,16.28,0.15,103,17869590
105/06/16,1925000,16.12,16.12,15.76,15.77,-0.51,416,30709350
105/06/17,1319000,16.02,16.07,15.91,15.92,0.15,136,21073480
105/06/20,1029000,16.24,16.30,16.23,16.30,0.38,127,16736090
105/06/21,676000,16.28,16.48,16.23,16.48,0.18,86,11052850
105/06/22,868000,16.38,16.48,16.33,16.39,-0.09,65,14235850
105/06/23,869000,16.42,16.52,16.39,16.50,0.11,84,14321520
105/06/24,5047000,16.50,16.54,15.22,15.28,-1.22,852,79042400
105/06/27,2380000,15.43,15.55,15.41,15.53,0.25,232,36803790
105/06/28,2156000,15.38,15.64,15.25,15.61,0.08,179,33293450
105/06/29,1528000,15.63,15.88,15.61,15.83,0.22,121,24097990
105/06/30,1719000,15.99,15.99,15.89,15.89,0.06,102,27368350
105/07/01,1263000,15.93,16.01,15.90,15.90,0.01,78,20138140
105/07/04,1346000,15.96,16.02,15.90,16.01,0.11,82,21493590
105/07/05,1050000,15.97,15.97,15.87,15.91,-0.10,63,16691460
105/07/06,1300000,15.67,15.67,15.50,15.59,-0.32,173,20241900
105/07/07,1378000,15.62,15.67,15.58,15.58,-0.01,92,21528460
105/07/11,1631000,15.84,16.04,15.81,16.02,0.44,181,25965390
105/07/12,1564000,16.42,16.47,16.33,16.37,0.35,158,25666180
105/07/13,2077000,16.67,16.67,16.50,16.52,0.15,180,34424220
105/07/14,1660000,16.52,16.68,16.52,16.63,0.11,133,27577190
105/07/15,2582000,16.71,16.80,16.64,16.67,0.04,271,43239420
105/07/18,601000,16.85,16.85,16.74,16.74,0.07,61,10075680
105/07/19,1945000,16.75,16.86,16.73,16.86,0.12,141,32644110
105/07/20,1117000,16.78,16.86,16.72,16.85,-0.01,63,18745580
105/07/21,1553000,17.02,17.08,16.88,16.92,0.07,118,26412420
105/07/22,1323000,16.78,16.80,16.72,16.73,-0.19,72,22165620
105/07/25,1288000,16.88,16.98,16.80,16.80,0.07,72,21711010
105/07/26,1324000,16.61,16.61,16.51,16.59,-0.21,92,21908930
105/07/27,2241000,16.63,16.89,16.63,16.78,0.19,124,37634960
105/07/28,1084000,16.62,16.63,16.53,16.56,-0.22,91,17962910
