﻿CF日經          ,	00657
日期,成交股數,開盤價,最高價,最低價,收盤價,漲跌價差,成交筆數,成交金額
105/05/09,5617000,19.50,19.86,19.50,19.85,0.03,990,111160470
105/05/10,14140000,19.90,20.19,19.89,20.19,0.34,1875,283842950
105/05/11,7849000,20.46,20.49,20.24,20.38,0.19,684,160038740
105/05/12,2274000,20.17,20.38,20.12,20.34,-0.04,149,45987340
105/05/13,2321000,20.19,20.19,20.08,20.13,-0.21,86,46738630
105/05/16,1850000,20.31,20.37,20.06,20.10,-0.03,138,37547850
105/05/17,833000,20.21,20.32,20.21,20.28,0.18,87,16901000
105/05/18,1793000,20.22,20.50,20.19,20.30,0.02,168,36553570
105/05/19,3562000,20.45,20.45,20.27,20.35,0.05,72,72565620
105/05/20,3154000,20.40,20.50,20.33,20.41,0.06,90,64389730
105/05/23,2180000,20.09,20.37,20.08,20.33,-0.08,50,43876710
105/05/24,660000,20.23,20.26,20.18,20.19,-0.14,44,13355360
105/05/25,1419000,20.48,20.54,20.48,20.49,0.30,162,29101950
105/05/26,2177000,20.62,20.66,20.55,20.59,0.10,89,44850550
105/05/27,838000,20.64,20.66,20.57,20.57,-0.02,25,17278640
105/05/30,604000,20.70,20.83,20.68,20.81,0.24,57,12528170
105/05/31,630000,20.84,21.05,20.84,21.05,0.24,61,13189810
105/06/01,1815000,20.90,20.94,20.72,20.72,-0.33,126,37879820
105/06/02,3205000,20.40,20.40,20.22,20.28,-0.44,90,65151020
105/06/03,218000,20.32,20.36,20.26,20.31,0.03,20,4429780
105/06/04,77000,20.20,20.20,19.93,20.01,-0.30,28,1541210
105/06/06,706000,20.04,20.21,20.04,20.20,0.19,36,14187180
105/06/07,660000,20.29,20.42,20.27,20.40,0.20,44,13428420
105/06/08,1017000,20.46,20.50,20.31,20.49,0.09,60,20772810
105/06/13,918000,20.06,20.06,19.62,19.64,-0.85,91,18091820
105/06/14,1045000,19.38,19.43,19.26,19.33,-0.31,83,20231540
105/06/15,1856000,19.36,19.50,19.30,19.46,0.13,54,36024320
105/06/16,2423000,19.26,19.26,18.77,18.77,-0.69,148,46125020
105/06/17,322000,19.15,19.20,18.98,18.99,0.22,56,6137610
105/06/20,959000,19.45,19.50,19.38,19.46,0.47,98,18640480
105/06/21,865000,19.44,19.72,19.42,19.71,0.25,62,16916360
105/06/22,536000,19.54,19.70,19.51,19.58,-0.13,38,10474620
105/06/23,403000,19.67,19.76,19.65,19.75,0.17,34,7946180
105/06/24,3966000,19.80,19.81,18.12,18.15,-1.60,321,76220600
105/06/27,756000,18.41,18.58,18.39,18.57,0.42,86,13951090
105/06/28,1256000,18.35,18.78,18.28,18.74,0.17,65,23288290
105/06/29,332000,18.74,19.00,18.74,18.99,0.25,69,6274460
105/06/30,125000,19.17,19.20,19.10,19.10,0.11,25,2391630
105/07/01,372000,19.13,19.20,19.08,19.10,,18,7121250
105/07/04,1225000,19.18,19.28,19.14,19.24,0.14,31,23508760
105/07/05,1384000,19.15,19.15,19.04,19.07,-0.17,32,26389160
105/07/06,1691000,18.75,18.75,18.51,18.64,-0.43,57,31476340
105/07/07,744000,18.68,18.72,18.61,18.61,-0.03,24,13910740
105/07/11,824000,18.94,19.24,18.94,19.24,0.63,70,15730960
105/07/12,750000,19.79,19.81,19.65,19.65,0.41,71,14803370
105/07/13,3374000,20.06,20.06,19.83,19.85,0.20,88,67323200
105/07/14,1530000,19.88,20.03,19.86,19.97,0.12,44,30532180
105/07/15,2328000,20.12,20.27,20.10,20.13,0.16,92,46942560
105/07/18,381000,20.27,20.27,20.20,20.22,0.09,21,7715550
105/07/19,1370000,20.23,20.40,20.21,20.40,0.18,58,27770280
105/07/20,208000,20.24,20.35,20.23,20.35,-0.05,20,4217820
105/07/21,757000,20.65,20.67,20.46,20.53,0.18,40,15587510
105/07/22,615000,20.36,20.37,20.25,20.29,-0.24,36,12507560
105/07/25,840000,20.40,20.50,20.34,20.35,0.06,26,17138280
105/07/26,2236000,20.05,20.07,19.97,20.02,-0.33,52,44773470
105/07/27,3440000,20.28,20.53,20.20,20.35,0.33,86,70142170
105/07/28,370000,20.17,20.21,20.11,20.15,-0.20,18,7451870
105/07/29,3008000,20.08,20.31,19.71,20.09,-0.06,121,60432600
105/08/01,338000,20.12,20.37,20.12,20.32,0.23,29,6821300
105/08/02,173000,20.14,20.18,20.09,20.09,-0.23,10,3482750
105/08/03,504000,19.79,19.86,19.63,19.71,-0.38,39,9965520
105/08/04,1819000,19.72,19.83,19.46,19.82,0.11,64,35536270
105/08/05,322000,19.90,19.91,19.84,19.87,0.05,17,6404270
105/08/08,727000,20.24,20.29,20.23,20.29,0.42,40,14716520
105/08/09,584000,20.31,20.46,20.31,20.46,0.17,45,11903780
105/08/10,318000,20.37,20.53,20.36,20.48,0.02,21,6497160
105/08/11,623000,20.35,20.44,20.35,20.44,-0.04,27,12695800
105/08/12,618000,20.59,20.67,20.57,20.62,0.18,46,12727860
105/08/15,187000,20.64,20.67,20.57,20.59,-0.03,17,3855680
105/08/16,525000,20.55,20.56,20.34,20.38,-0.21,24,10720630
105/08/17,52000,20.36,20.43,20.36,20.43,0.05,7,1060720
105/08/18,390000,20.37,20.39,20.25,20.26,-0.17,14,7934910
105/08/19,487000,20.26,20.29,20.14,20.19,-0.07,117,9860880
105/08/22,51000,20.20,20.27,20.20,20.27,0.08,11,1032760
105/08/23,296000,20.22,20.32,20.12,20.14,-0.13,21,5982420
105/08/24,223000,20.29,20.29,20.24,20.28,0.14,11,4519540
105/08/25,165000,20.19,20.33,20.19,20.22,-0.06,9,3345990
105/08/26,209000,20.00,20.10,19.98,20.10,-0.12,19,4180860
105/08/29,403000,20.41,20.46,20.41,20.46,0.36,22,8238060
105/08/30,201000,20.41,20.45,20.41,20.45,-0.01,9,4110250
105/08/31,204000,20.58,20.61,20.56,20.61,0.16,36,4199510
105/09/01,341000,20.63,20.65,20.60,20.63,0.02,19,7029480
105/09/02,152000,20.65,20.68,20.59,20.60,-0.03,13,3140510
105/09/05,64000,20.90,20.91,20.80,20.81,0.21,15,1337230
105/09/06,43000,20.81,20.82,20.80,20.82,0.01,9,894900
105/09/07,1227000,20.69,20.69,20.64,20.69,-0.13,21,25350630
105/09/08,290000,20.69,20.69,20.58,20.63,-0.06,5,5995210
105/09/09,154000,20.62,20.70,20.61,20.69,0.06,10,3177740
105/09/10,30000,20.51,20.52,20.51,20.52,-0.17,4,615500
105/09/12,607000,20.41,20.42,20.26,20.26,-0.26,15,12345660
105/09/13,374000,20.35,20.41,20.32,20.38,0.12,17,7623740
105/09/14,309000,20.28,20.36,20.28,20.28,-0.10,23,6276820
105/09/19,229000,20.06,20.06,20.01,20.02,-0.26,31,4585670
105/09/20,448000,20.14,20.19,20.04,20.04,0.02,25,9007700
105/09/21,454000,20.01,20.41,19.96,20.41,0.37,65,9172980
105/09/22,280000,20.21,20.33,20.21,20.32,-0.09,37,5688110
105/09/23,343000,20.41,20.47,20.41,20.42,0.10,24,7009880
105/09/26,198000,20.27,20.27,20.20,20.22,-0.20,20,4004800
105/09/29,513000,20.48,20.48,20.40,20.48,0.26,37,10486630
105/09/30,391000,20.14,20.19,20.09,20.19,-0.29,30,7878330
105/10/03,334000,20.30,20.37,20.30,20.30,0.11,22,6789540
105/10/04,46000,20.47,20.50,20.45,20.48,0.18,8,942210
105/10/05,362000,20.51,20.60,20.51,20.59,0.11,19,7448790
105/10/06,31000,20.70,20.77,20.70,20.72,0.13,11,643340
105/10/07,14000,20.66,20.66,20.60,20.60,-0.12,4,289070
105/10/11,411000,20.84,20.90,20.84,20.87,0.27,37,8588430
105/10/12,76000,20.74,20.75,20.67,20.72,-0.15,13,1574720
105/10/13,584000,20.89,20.89,20.45,20.56,-0.16,31,11998950
105/10/14,204000,20.54,20.64,20.53,20.64,0.08,37,4200280
105/10/17,127000,20.71,20.71,20.62,20.70,0.06,10,2626650
105/10/18,668000,20.67,20.74,20.67,20.72,0.02,35,13830210
105/10/19,99000,20.75,20.79,20.75,20.77,0.05,13,2056690
105/10/20,538000,20.93,21.05,20.92,21.03,0.26,43,11296430
105/10/21,1618000,21.11,21.14,21.10,21.10,0.07,63,34174980
105/10/24,1215000,21.07,21.16,21.05,21.14,0.04,44,25648640
105/10/25,1520000,21.29,21.29,21.23,21.24,0.10,53,32298760
105/10/26,895000,21.14,21.26,21.14,21.26,0.02,25,18998470
105/10/27,150000,21.25,21.27,21.13,21.17,-0.09,16,3177460
105/10/28,929000,21.32,21.34,21.27,21.34,0.17,27,19770460
105/10/31,958000,21.32,21.32,21.20,21.29,-0.05,38,20372730
105/11/01,69000,21.25,21.34,21.25,21.31,0.02,7,1469440
105/11/02,1213000,21.10,21.10,20.98,21.00,-0.31,34,25510270
105/11/03,127000,20.99,20.99,20.77,20.82,-0.18,7,2644620
105/11/04,9000,20.66,20.75,20.66,20.75,-0.07,3,186150
105/11/07,2070000,20.96,21.05,20.96,21.05,0.30,15,43085060
105/11/08,352000,21.06,21.07,20.97,21.05,,24,7403810
105/11/09,829000,21.30,21.31,19.80,19.80,-1.25,56,17297700
105/11/10,354000,20.95,21.21,20.95,21.21,1.41,35,7444920
105/11/11,72000,21.38,21.45,21.24,21.29,0.08,12,1540480
105/11/14,352000,21.45,21.62,21.45,21.62,0.33,23,7593510
105/11/15,426000,21.58,21.62,21.55,21.60,-0.02,15,9199460
105/11/16,219000,21.76,21.84,21.74,21.84,0.24,24,4772620
105/11/17,241000,21.69,21.80,21.68,21.78,-0.06,14,5246520
105/11/18,43000,21.97,22.00,21.97,21.98,0.20,10,945760
105/11/21,19000,21.96,22.03,21.96,22.03,0.05,7,418070
105/11/22,584000,22.03,22.19,22.03,22.19,0.16,206,12925800
105/11/23,37000,22.14,22.16,22.14,22.15,-0.04,8,819820
105/11/24,259000,22.39,22.39,22.33,22.34,0.19,13,5787320
105/11/25,144000,22.42,22.43,22.22,22.24,-0.10,24,3215900
105/11/28,289000,22.18,22.28,22.14,22.28,0.04,10,6410880
105/11/29,69000,22.26,22.26,22.22,22.22,-0.06,10,1534790
105/11/30,1337000,22.29,22.30,22.20,22.22,,30,29750390
105/12/01,791000,22.56,22.67,22.40,22.40,0.18,41,17860560
105/12/02,10000,22.30,22.30,22.30,22.30,-0.10,1,223000
105/12/05,1064000,22.25,22.25,22.10,22.11,-0.19,28,23546330
105/12/06,75000,22.36,22.36,22.24,22.26,0.15,8,1670570
105/12/07,956000,22.35,22.37,22.29,22.30,0.04,30,21335040
105/12/08,701000,22.39,22.56,22.33,22.56,0.26,57,15767840
105/12/09,204000,22.88,22.94,22.81,22.93,0.37,20,4662650
105/12/12,241000,23.21,23.21,23.00,23.06,0.13,14,5555180
105/12/13,16000,23.07,23.11,23.03,23.11,0.05,5,368980
105/12/14,135000,23.18,23.22,23.14,23.22,0.11,8,3133800
105/12/15,71000,23.22,23.26,23.22,23.26,0.04,4,1650940
105/12/16,15000,23.27,23.27,23.27,23.27,0.01,2,349050
105/12/19,38000,23.20,23.24,23.17,23.24,-0.03,4,882190
105/12/20,76000,23.30,23.42,23.30,23.42,0.18,7,1773960
105/12/21,69000,23.48,23.48,23.29,23.29,-0.13,8,1615230
105/12/22,18000,23.26,23.26,23.25,23.25,-0.04,4,418600
105/12/23,163000,23.34,23.38,23.33,23.33,0.08,6,3806610
105/12/26,13000,23.35,23.35,23.31,23.31,-0.02,2,303430
105/12/27,137000,23.36,23.40,23.36,23.36,0.05,5,3203400
105/12/28,12000,23.39,23.39,23.34,23.34,-0.02,3,280580
105/12/29,25000,23.19,23.19,23.01,23.06,-0.28,6,578270
105/12/30,123000,22.97,23.14,22.93,23.10,0.04,8,2835240
106/01/03,591000,23.15,23.16,23.11,23.16,0.06,15,13665220
106/01/04,267000,23.32,23.58,23.32,23.58,0.42,230,6277850
106/01/05,423000,23.59,23.59,23.36,23.36,-0.22,17,9922370
106/01/06,68000,23.33,23.38,23.32,23.37,0.01,5,1586930
106/01/09,1758000,23.52,23.54,23.48,23.48,0.11,64,41348720
106/01/10,231000,23.24,23.25,23.08,23.08,-0.40,12,5348650
106/01/11,317000,23.23,23.25,23.20,23.24,0.16,17,7362350
106/01/12,746000,22.94,23.07,22.91,23.01,-0.23,26,17171030
106/01/13,215000,23.09,23.15,23.09,23.11,0.10,8,4968670
106/01/16,227000,22.99,22.99,22.88,22.92,-0.19,12,5200820
106/01/17,24000,22.81,22.81,22.66,22.66,-0.26,10,546340
106/01/18,715000,22.41,22.63,22.41,22.63,-0.03,25,16076850
106/01/19,246000,22.91,22.96,22.82,22.96,0.33,12,5639130
106/01/20,45000,22.92,22.96,22.91,22.96,,4,1032300
106/01/23,473000,22.78,22.82,22.70,22.78,-0.18,24,10757050
106/01/24,238000,22.69,22.71,22.58,22.58,-0.20,10,5396220
106/02/02,15000,22.90,22.92,22.76,22.76,0.18,6,343320
106/02/03,462000,22.81,22.81,22.59,22.70,-0.06,31,10494630
106/02/06,1131000,22.74,22.86,22.72,22.86,0.16,40,25756560
106/02/07,437000,22.66,22.87,22.66,22.87,0.01,21,9977680
106/02/08,300000,22.83,22.86,22.77,22.86,-0.01,10,6843030
106/02/09,913000,22.80,22.90,22.80,22.87,0.01,62,20854290
106/02/10,937000,23.19,23.27,23.18,23.22,0.35,31,21770400
106/02/13,1220000,23.32,23.47,23.28,23.46,0.24,58,28553050
106/02/14,909000,23.43,23.43,23.24,23.31,-0.15,43,21234380
106/02/15,560000,23.38,23.42,23.38,23.38,0.07,27,13108450
106/02/16,57000,23.27,23.33,23.18,23.23,-0.15,10,1322780
106/02/17,16000,23.14,23.14,23.10,23.10,-0.13,4,369740
106/02/18,0,--,--,--,--,,0,0
106/02/20,22000,23.09,23.19,23.06,23.15,X,7,508240
106/02/21,11000,23.25,23.31,23.25,23.31,0.16,2,255810
106/02/22,10000,23.27,23.27,23.27,23.27,-0.04,1,232700
106/02/23,67000,23.19,23.24,23.19,23.24,-0.03,8,1555900
106/02/24,99000,23.21,23.24,23.16,23.16,-0.08,6,2294940
106/03/01,59000,23.24,23.30,23.10,23.30,0.14,11,1367610
106/03/02,671000,23.56,23.56,23.49,23.49,0.19,20,15800350
106/03/03,53000,23.45,23.45,23.29,23.30,-0.19,6,1237710
106/03/06,123000,23.27,23.28,23.27,23.28,-0.02,5,2862270
106/03/07,12000,23.24,23.24,23.24,23.24,-0.04,3,278880
106/03/08,19000,23.09,23.09,23.06,23.07,-0.17,7,438630
106/03/09,109000,23.20,23.20,23.19,23.19,0.12,4,2528790
106/03/10,20000,23.44,23.52,23.44,23.52,0.33,6,469190
106/03/13,520000,23.55,23.59,23.55,23.58,0.06,22,12258600
106/03/14,10000,23.57,23.57,23.57,23.57,-0.01,1,235700
106/03/15,10000,23.44,23.44,23.44,23.44,-0.13,1,234400
106/03/16,27000,23.47,23.54,23.47,23.51,0.07,4,634520
106/03/17,10000,23.44,23.44,23.44,23.44,-0.07,1,234400
106/03/20,799000,23.35,23.36,23.30,23.36,-0.08,32,18638690
106/03/21,499000,23.28,23.37,23.28,23.35,-0.01,11,11645820
106/03/22,55000,23.01,23.01,22.88,22.93,-0.42,10,1260820
106/03/23,17000,22.89,22.95,22.88,22.95,0.02,3,389200
106/03/24,52000,23.09,23.17,23.09,23.16,0.21,5,1203650
106/03/27,25000,22.89,22.89,22.79,22.88,-0.28,7,571010
106/03/28,118000,23.09,23.10,23.02,23.10,0.22,9,2724060
106/03/29,12000,23.16,23.21,23.16,23.21,0.11,3,278020
106/03/30,25000,23.14,23.14,23.10,23.10,-0.11,3,578000
106/03/31,4000,23.19,23.19,23.19,23.19,0.09,1,92760
106/04/05,172000,22.90,22.90,22.82,22.82,-0.37,13,3926850
