﻿F-英利          ,	2239
日期,成交股數,開盤價,最高價,最低價,收盤價,漲跌價差,成交筆數,成交金額
105/01/27,3657251,151.00,151.50,146.00,146.00,X,2851,542636897
105/01/28,1806430,146.00,147.00,137.00,138.00,-8.00,1153,259164560
105/01/29,803206,140.00,147.00,139.00,143.50,5.50,682,115746973
105/01/30,378020,144.00,146.00,141.50,146.00,2.50,298,54550440
105/02/01,560000,146.00,147.50,143.50,143.50,-2.50,349,81384500
105/02/02,227029,145.00,145.00,141.50,141.50,-2.00,193,32372618
105/02/03,314100,141.50,141.50,138.50,138.50,-3.00,227,43754050
105/02/15,1048749,140.00,152.00,139.00,152.00,13.50,854,154394099
105/02/16,1053545,150.00,154.00,150.00,153.00,1.00,776,159828340
105/02/17,1718361,155.00,163.00,154.00,160.50,7.50,1348,272265982
105/02/18,1197010,160.00,165.00,157.50,163.00,2.50,914,193451224
105/02/19,1923025,165.00,175.00,165.00,174.00,11.00,1568,328883975
105/02/22,943281,172.50,173.50,167.00,172.00,-2.00,847,161279970
105/02/23,863200,172.50,172.50,165.00,169.00,-3.00,719,145527100
105/02/24,663000,167.00,170.00,164.00,165.00,-4.00,528,109979500
105/02/25,819000,168.00,173.00,165.00,165.00,,656,138229500
105/02/26,503050,165.00,169.00,161.00,167.00,2.00,428,83353950
105/03/01,537105,167.00,171.50,167.00,169.00,2.00,447,91209902
105/03/02,510120,170.00,170.00,165.50,168.00,-1.00,388,85841400
105/03/03,767000,168.00,168.00,164.00,164.50,-3.50,503,126675000
105/03/04,942060,166.50,172.50,166.50,171.00,6.50,752,160237350
105/03/07,363000,173.00,174.00,168.00,169.00,-2.00,304,61913500
105/03/08,288500,166.50,170.50,166.50,168.50,-0.50,215,48491250
105/03/09,431080,166.50,172.00,166.50,170.00,1.50,321,73134020
105/03/10,611080,168.00,171.00,167.50,170.00,,397,103740600
105/03/11,1204100,173.00,183.50,172.00,179.00,9.00,979,214979750
105/03/14,709220,177.50,177.50,173.50,174.00,-5.00,596,123997389
105/03/15,558020,175.50,176.00,170.00,170.50,-3.50,458,95757920
105/03/16,373000,170.50,172.50,169.00,172.00,1.50,249,63719000
105/03/17,497002,174.50,176.00,170.50,171.00,-1.00,339,85903362
105/03/18,504100,173.00,176.50,171.50,175.00,4.00,418,88051350
105/03/21,335018,174.50,174.50,171.00,172.00,-3.00,262,57727650
105/03/22,251100,171.00,173.00,171.00,172.00,,175,43175750
105/03/23,529050,173.50,177.50,173.50,174.00,2.00,363,92709225
105/03/24,333020,174.00,178.00,173.00,175.00,1.00,290,58653520
105/03/25,328320,174.00,176.50,173.00,176.00,1.00,250,57294820
105/03/28,193001,176.50,176.50,173.50,174.50,-1.50,171,33679176
105/03/29,765050,173.50,174.00,158.00,162.00,-12.50,578,125296125
105/03/30,301001,160.00,163.00,158.00,163.00,1.00,245,48464169
105/03/31,157000,164.50,164.50,160.50,161.50,-1.50,119,25462000
105/04/01,284091,161.50,162.50,155.00,157.50,-4.00,236,45000060
105/04/06,326361,155.00,164.50,150.50,161.50,4.00,281,51314982
105/04/07,164000,161.00,161.50,158.00,161.00,-0.50,135,26279000
105/04/08,99000,160.00,162.00,159.00,161.00,,81,15873500
105/04/11,189000,158.50,161.00,154.50,159.00,-2.00,159,30021500
105/04/12,183100,159.00,161.50,158.00,158.50,-0.50,157,29197249
105/04/13,64100,159.00,159.50,157.00,157.50,-1.00,57,10139300
105/04/14,53000,160.00,160.00,158.00,158.00,0.50,46,8408000
105/04/15,78100,158.00,160.00,156.50,160.00,2.00,66,12369000
105/04/18,49001,160.00,160.00,158.00,159.50,-0.50,40,7773158
105/04/19,410205,160.50,169.00,160.00,167.00,7.50,336,67429235
105/04/20,499033,167.50,172.00,167.50,168.00,1.00,397,84451560
105/04/21,208300,169.00,170.50,166.00,169.50,1.50,190,35183949
105/04/22,223000,167.00,169.00,164.50,164.50,-5.00,164,37098000
105/04/25,85090,164.00,164.50,161.50,161.50,-3.00,65,13889670
105/04/26,77008,163.00,164.50,162.00,163.50,2.00,60,12533804
105/04/27,63008,160.50,163.00,160.50,161.00,-2.50,57,10209788
105/04/28,73100,161.00,162.50,160.50,162.00,1.00,65,11805100
105/04/29,78100,161.00,162.50,158.50,158.50,-3.50,68,12524900
105/05/03,84010,157.50,157.50,154.00,156.00,-2.50,71,13079570
105/05/04,103000,158.50,158.50,152.50,154.50,-1.50,85,15945000
105/05/05,61100,153.00,154.50,152.50,153.50,-1.00,50,9372300
105/05/06,72105,153.50,156.50,153.00,153.50,,61,11087670
105/05/09,47041,153.50,155.50,153.00,153.50,,43,7218834
105/05/10,104688,152.50,153.50,151.00,153.50,,95,15950584
105/05/11,62000,154.00,154.00,152.00,152.00,-1.50,55,9486500
105/05/12,208000,156.00,164.00,153.50,156.50,4.50,164,32886500
105/05/13,156047,163.50,163.50,156.50,160.50,4.00,149,25044020
105/05/16,96010,160.00,162.00,157.00,162.00,1.50,69,15380650
105/05/17,53000,159.50,161.00,159.50,160.50,-1.50,45,8490500
105/05/18,68000,161.50,162.00,159.50,161.00,0.50,49,10942500
105/05/19,70100,162.50,163.00,156.50,159.50,-1.50,69,11099600
105/05/20,33255,160.50,160.50,158.50,160.00,0.50,33,5306290
105/05/23,57100,159.50,162.00,159.00,160.00,,52,9152149
105/05/24,39000,161.50,161.50,158.50,160.00,,27,6215000
105/05/25,89200,160.50,163.00,160.50,161.50,1.50,77,14417800
105/05/26,42000,160.50,162.00,160.50,161.00,-0.50,37,6763500
105/05/27,237200,162.50,167.50,162.00,165.50,4.50,183,39147800
105/05/30,177100,166.00,169.50,164.00,168.00,2.50,145,29708900
105/05/31,202075,166.50,168.00,165.00,165.00,-3.00,108,33477300
105/06/01,67000,161.50,165.00,161.50,164.00,-1.00,51,11006000
105/06/02,76030,165.00,167.00,163.00,163.00,-1.00,56,12521420
105/06/03,42000,162.50,164.50,162.50,162.50,-0.50,36,6844500
105/06/04,30015,162.50,164.50,162.00,162.50,,28,4883415
105/06/06,14000,162.50,164.00,162.00,163.50,1.00,11,2281500
105/06/07,44000,163.50,164.00,162.00,163.00,-0.50,40,7187500
105/06/08,463312,174.00,174.00,168.50,169.50,6.50,406,79213352
105/06/13,255000,169.50,171.50,166.00,169.50,,195,43210000
105/06/14,168100,170.50,170.50,168.50,169.00,-0.50,133,28510450
105/06/15,114100,168.00,169.00,166.00,169.00,,92,19104250
105/06/16,61061,169.00,169.00,166.00,166.50,-2.50,59,10200595
105/06/17,49000,166.50,168.50,166.50,168.00,1.50,48,8216000
105/06/20,58191,168.00,168.00,166.50,167.00,-1.00,44,9721279
105/06/21,53100,167.00,167.00,165.00,165.00,-2.00,48,8819200
105/06/22,28001,164.50,166.00,164.50,165.50,0.50,29,4626169
105/06/23,62008,166.00,166.00,163.50,164.00,-1.50,45,10186360
105/06/24,145100,164.00,164.00,159.50,161.00,-3.00,115,23284700
105/06/27,29000,160.00,160.50,160.00,160.00,-1.00,22,4646500
105/06/28,54000,160.50,161.50,159.50,161.50,1.50,43,8658000
105/06/29,92086,162.50,166.00,162.50,165.00,3.50,83,15183120
105/06/30,42000,166.00,166.50,165.00,165.00,,38,6953500
105/07/01,38086,165.00,165.00,163.00,164.50,-0.50,32,6226830
105/07/04,41000,165.00,165.50,163.50,164.00,-0.50,33,6742500
105/07/05,15565,163.00,165.00,163.00,165.00,1.00,13,2551095
105/07/06,21000,163.50,164.00,162.00,163.00,-2.00,19,3421000
105/07/07,94000,164.00,166.00,163.00,166.00,3.00,73,15480500
105/07/11,93000,166.00,168.00,165.00,166.00,,71,15438500
105/07/12,58328,167.00,167.00,165.00,165.00,-1.00,53,9686464
105/07/13,48061,166.00,166.00,164.50,164.50,-0.50,44,7938595
105/07/14,58000,165.00,165.50,164.00,165.00,0.50,51,9564500
105/07/15,143000,165.00,167.50,164.50,167.00,2.00,119,23774500
105/07/18,115000,167.00,168.00,164.50,165.00,-2.00,88,19068000
105/07/19,59104,166.00,166.00,163.50,163.50,-1.50,53,9701056
105/07/20,81000,164.00,164.50,162.50,164.50,1.00,73,13242500
105/07/21,63000,164.00,164.50,163.00,164.50,,58,10313500
105/07/22,43000,164.00,164.00,162.50,164.00,-0.50,35,7015000
105/07/25,661270,165.50,172.00,165.00,171.00,7.00,453,111973074
105/07/26,188100,169.50,170.00,167.00,167.50,-3.50,145,31722349
105/07/27,428000,168.00,173.50,167.50,170.50,3.00,291,73225500
105/07/28,1298000,170.00,170.00,168.00,169.50,-1.00,123,203979000
105/07/29,136099,170.00,170.00,167.50,170.00,0.50,96,22984731
105/08/01,376000,170.00,173.50,170.00,172.50,2.50,262,64539500
105/08/02,991100,176.00,180.00,176.00,176.00,3.50,767,176533400
105/08/03,206189,175.00,176.00,173.50,174.50,-1.50,168,36038169
105/08/04,2505621,175.00,191.50,175.00,191.50,17.00,1566,466622417
105/08/05,2195322,193.50,203.50,193.00,200.00,8.50,1720,435640078
105/08/08,1027351,208.00,208.00,197.50,198.00,-2.00,778,207189998
105/08/09,2031728,200.50,216.00,198.00,216.00,18.00,1563,421497292
105/08/10,1297766,213.00,215.50,206.50,211.50,-4.50,1054,273675860
105/08/11,2267778,211.50,219.00,193.50,198.00,-13.50,1869,464195822
105/08/12,795300,203.50,205.00,197.50,198.00,,684,159926900
105/08/15,1523357,202.00,213.00,197.00,206.50,8.50,1238,316758970
105/08/16,1652405,208.50,218.00,206.50,217.00,10.50,1377,352203085
105/08/17,2672475,220.00,227.50,215.00,220.00,3.00,2154,590891900
105/08/18,1675650,224.00,228.00,217.00,223.00,3.00,1386,374385350
105/08/19,2073330,223.00,226.00,210.00,210.00,-13.00,1741,447911943
105/08/22,1604200,208.00,209.00,198.50,203.50,-6.50,1361,325357000
105/08/23,566200,206.00,207.50,203.50,205.00,1.50,462,116410400
105/08/24,818040,208.50,211.50,205.00,205.00,,609,170046360
105/08/25,433318,206.00,208.00,202.00,207.00,2.00,367,89030621
105/08/26,600000,208.00,209.50,205.00,206.00,-1.00,457,123966000
105/08/29,1107194,204.00,211.50,203.00,207.00,X,879,229840352
105/08/30,960095,210.00,213.50,207.00,210.00,3.00,851,201924140
105/08/31,763200,210.00,211.00,205.50,206.50,-3.50,577,158796700
105/09/01,1048265,207.50,210.50,197.50,199.00,-7.50,869,213659000
105/09/02,850710,199.00,201.00,191.00,191.00,-8.00,725,165628870
105/09/05,549660,194.00,200.50,194.00,199.00,8.00,512,108911340
105/09/06,802200,200.50,208.00,200.00,203.00,4.00,710,163239600
105/09/07,769000,203.00,207.50,198.00,205.00,2.00,688,156666500
105/09/08,450000,205.00,206.50,202.00,204.00,-1.00,402,92141000
105/09/09,244025,204.00,204.50,200.50,200.50,-3.50,216,49150550
105/09/10,613800,204.50,206.50,201.50,201.50,1.00,526,125201400
105/09/12,379410,202.50,205.00,199.00,199.00,-2.50,319,76576384
105/09/13,355215,206.00,206.00,198.00,199.50,0.50,328,71415570
105/09/14,210000,198.50,201.00,198.00,199.00,-0.50,194,41858000
105/09/19,308100,200.50,203.00,200.00,200.00,1.00,292,62017700
105/09/20,1740401,200.00,215.00,200.00,212.50,12.50,1427,367272512
105/09/21,791250,214.00,214.50,209.00,210.50,-2.00,615,167769125
105/09/22,594350,213.00,215.50,210.50,215.00,4.50,501,126755250
105/09/23,448140,216.00,218.00,212.00,213.50,-1.50,390,96289390
105/09/26,391155,215.00,215.00,209.00,209.50,-4.00,286,82729550
105/09/29,581100,211.00,211.00,203.00,204.50,-5.00,452,119142150
105/09/30,311100,205.00,206.50,204.00,204.00,-0.50,240,63752400
105/10/03,288020,208.00,208.00,204.00,205.00,1.00,240,59255080
105/10/04,462320,205.00,206.50,200.00,200.50,-4.50,412,93312180
105/10/05,315655,201.00,202.50,198.00,199.00,-1.50,280,63020690
105/10/06,271200,200.00,202.00,199.00,201.00,2.00,227,54405500
105/10/07,445350,203.00,203.00,195.00,197.50,-3.50,364,88195800
105/10/11,1148910,194.00,196.50,178.00,186.00,-11.50,977,212792392
105/10/12,290008,186.50,189.50,183.00,187.50,1.50,255,54242992
105/10/13,212232,188.50,189.50,185.00,185.00,-2.50,192,39531920
105/10/14,330000,185.00,187.00,183.50,186.00,1.00,247,61084000
105/10/17,400225,184.00,185.50,178.00,180.00,-6.00,337,72309112
105/10/18,174220,178.50,183.00,178.50,180.50,0.50,161,31510429
105/10/19,112100,182.50,183.00,180.50,180.50,,101,20312600
105/10/20,114300,182.00,183.00,180.50,180.50,,106,20744850
105/10/21,303407,180.00,180.00,176.00,177.50,-3.00,241,54015742
105/10/24,237050,180.50,183.00,179.00,182.00,4.50,198,42944650
105/10/25,118000,184.50,184.50,180.00,180.50,-1.50,107,21433500
105/10/26,127197,181.50,182.00,178.00,178.00,-2.50,122,22857263
105/10/27,115014,179.00,181.00,179.00,179.50,1.50,110,20658534
105/10/28,251284,179.50,179.50,174.50,174.50,-5.00,219,44139058
105/10/31,307212,173.50,182.00,173.00,181.50,7.00,271,54894190
105/11/01,402000,180.00,182.50,178.50,182.50,1.00,305,72451000
105/11/02,392037,180.50,180.50,174.50,174.50,-8.00,301,69279512
105/11/03,372150,177.50,177.50,168.50,170.50,-4.00,296,64014650
105/11/04,274000,168.00,171.50,166.50,170.00,-0.50,220,46302000
105/11/07,220050,169.50,172.00,169.00,170.00,,171,37427025
105/11/08,172000,171.00,171.00,165.50,167.50,-2.50,150,28795000
105/11/09,624050,169.50,176.00,168.00,169.00,1.50,531,106800950
105/11/10,482025,173.50,183.00,173.00,174.50,5.50,388,85451900
105/11/11,173025,174.50,176.50,172.50,172.50,-2.00,155,30142275
105/11/14,112150,174.00,174.50,168.50,171.50,-1.00,100,19251500
105/11/15,74004,171.00,172.00,170.00,170.50,-1.00,64,12657688
105/11/16,101000,171.00,172.50,170.00,171.00,0.50,84,17291500
105/11/17,210001,170.50,178.00,170.50,176.00,5.00,189,36847177
105/11/18,241050,175.50,182.00,175.00,179.50,3.50,207,43319550
105/11/21,138034,178.50,181.00,177.50,177.50,-2.00,124,24738603
105/11/22,156000,178.00,180.50,177.50,178.50,1.00,126,27901500
105/11/23,120000,180.00,180.00,175.50,176.00,-2.50,103,21327500
105/11/24,109000,176.50,178.00,176.00,176.00,,87,19254500
105/11/25,68000,176.00,177.50,175.00,176.00,,60,11992000
105/11/28,66000,176.00,176.00,175.00,175.00,-1.00,62,11589000
105/11/29,96020,174.50,177.50,174.50,175.50,0.50,86,16911020
105/11/30,106000,175.50,176.50,175.00,176.00,0.50,81,18653000
105/12/01,67000,177.50,177.50,175.00,175.00,-1.00,58,11809500
105/12/02,50000,175.00,175.00,174.00,174.00,-1.00,49,8729500
105/12/05,131000,174.00,179.50,173.50,178.50,4.50,113,23233000
105/12/06,120051,178.50,180.00,177.00,180.00,1.50,98,21467680
105/12/07,89010,180.00,180.00,177.50,178.00,-2.00,77,15899280
105/12/08,153000,179.00,180.00,178.00,178.50,0.50,117,27358500
105/12/09,110275,178.50,179.50,176.50,176.50,-2.00,76,19600537
105/12/12,866100,184.50,188.50,182.50,183.00,6.50,553,157149350
105/12/13,171000,183.00,186.00,181.50,183.00,,151,31389500
105/12/14,148020,185.00,185.00,181.00,181.00,-2.00,128,27002200
105/12/15,127000,181.00,181.50,178.00,179.50,-1.50,112,22778500
105/12/16,105000,180.50,181.00,177.50,178.00,-1.50,89,18731500
105/12/19,159000,177.50,181.50,177.00,179.00,1.00,137,28499000
105/12/20,85054,178.50,180.00,177.50,179.00,,72,15188328
105/12/21,70000,179.00,179.50,178.50,179.50,0.50,64,12538000
105/12/22,79035,180.00,180.00,177.50,177.50,-2.00,67,14097317
105/12/23,25000,177.50,178.00,177.00,177.00,-0.50,23,4438000
105/12/26,44000,177.00,177.00,176.50,176.50,-0.50,35,7784000
105/12/27,41030,177.00,177.00,176.50,176.50,,32,7250765
105/12/28,91300,176.50,181.00,176.50,180.50,4.00,85,16337500
105/12/29,272115,182.00,185.50,181.00,185.00,4.50,245,49870275
