﻿元晶            ,	6443
日期,成交股數,開盤價,最高價,最低價,收盤價,漲跌價差,成交筆數,成交金額
104/10/01,16255000,14.20,14.45,13.60,13.75,X,5334,227908000
104/10/02,4157070,13.70,13.90,13.60,13.80,0.05,1580,57202929
104/10/05,6389007,14.00,14.25,13.75,14.20,0.40,1989,89558651
104/10/06,3902000,14.30,14.30,13.85,13.90,-0.30,1106,54822300
104/10/07,1895000,14.00,14.10,13.95,13.95,0.05,610,26539550
104/10/08,3318546,14.00,14.05,13.60,13.65,-0.30,965,45663827
104/10/12,2842813,13.55,13.55,12.80,13.00,-0.65,931,37292986
104/10/13,3249651,13.05,13.80,13.05,13.30,0.30,1032,43825743
104/10/14,5170500,13.70,14.20,13.55,14.05,0.75,1657,72004023
104/10/15,7958063,14.25,14.80,14.25,14.60,0.55,2632,115576272
104/10/16,11195571,14.65,16.05,14.65,16.05,1.45,3481,172481664
104/10/19,11317257,16.70,17.50,16.20,17.50,1.45,3970,191785746
104/10/20,7819496,17.50,18.50,16.90,17.80,0.30,2992,138354003
104/10/21,5477927,17.60,18.00,17.00,17.35,-0.45,2215,95535732
104/10/22,4516618,17.80,18.45,17.50,17.60,0.25,1810,80921338
104/10/23,7987800,18.40,19.00,18.20,18.30,0.70,2833,148255679
104/10/26,4288800,18.40,18.65,17.65,17.95,-0.35,1727,77407799
104/10/27,4126589,17.95,18.35,17.30,17.80,-0.15,1641,73216493
104/10/28,2625014,18.00,18.10,17.50,17.65,-0.15,1017,46346556
104/10/29,3876000,17.90,18.00,16.95,16.95,-0.70,1467,66976100
104/10/30,4048230,17.00,17.90,16.85,17.50,0.55,1668,70469194
104/11/02,2743200,17.50,17.95,17.30,17.60,0.10,1145,48441480
104/11/03,2426300,17.90,17.95,17.15,17.25,-0.35,1108,42608350
104/11/04,1664200,17.30,17.50,17.20,17.20,-0.05,704,28782289
104/11/05,1714200,17.20,17.60,17.20,17.50,0.30,749,29908990
104/11/06,1853000,17.60,17.60,17.00,17.10,-0.40,740,31787650
104/11/09,2277000,17.20,17.45,16.40,16.45,-0.65,888,38174750
104/11/10,2866331,16.55,17.50,16.30,17.40,0.95,1228,48917509
104/11/11,2147730,17.40,17.50,16.50,16.60,-0.80,966,36411445
104/11/12,1869000,16.75,16.95,16.10,16.75,0.15,779,30895550
104/11/13,1671500,16.30,16.80,16.20,16.40,-0.35,596,27412625
104/11/16,1317500,16.00,16.40,15.90,16.25,-0.15,505,21269600
104/11/17,1582000,16.55,16.90,16.40,16.55,0.30,567,26297300
104/11/18,1618150,16.60,16.90,16.45,16.60,0.05,635,26986955
104/11/19,2458850,16.90,17.25,16.80,17.00,0.40,888,41872415
104/11/20,1244289,16.90,17.00,16.45,16.55,-0.45,621,20668889
104/11/23,4079020,16.80,17.85,16.70,17.30,0.75,1637,70915900
104/11/24,1951000,17.30,17.50,16.85,16.95,-0.35,887,33362300
104/11/25,2089201,17.60,17.60,16.60,17.35,0.40,896,35806627
104/11/26,2155020,17.15,17.45,16.80,16.90,-0.45,928,36902447
104/11/27,1488520,17.00,17.40,16.70,17.05,0.15,707,25329496
104/11/30,3125297,17.20,17.95,17.00,17.50,0.45,1295,54744667
104/12/01,8924480,17.80,19.25,17.50,19.05,1.55,3226,165885894
104/12/02,7857394,19.10,19.50,18.50,19.15,0.10,2785,149592305
104/12/03,4045595,19.00,19.50,18.65,18.90,-0.25,1500,76607025
104/12/04,5887264,18.50,20.20,18.50,19.95,1.05,2109,113275339
104/12/07,4432809,19.95,20.00,19.30,19.70,-0.25,1677,86829036
104/12/08,4227600,19.65,20.00,19.05,19.35,-0.35,1741,82613490
104/12/09,4829945,19.30,19.60,17.50,17.75,-1.60,1967,88517515
104/12/10,2248000,17.75,18.45,17.40,18.40,0.65,1031,40627750
104/12/11,2126293,18.10,18.30,16.65,16.80,-1.60,980,37244181
104/12/14,1764500,16.30,17.20,16.20,16.65,-0.15,779,29478974
104/12/15,2467205,17.15,17.95,17.05,17.85,1.20,1048,42929888
104/12/16,1735668,17.95,18.00,17.30,17.50,-0.35,759,30533190
104/12/17,2860000,17.85,18.45,17.80,17.95,0.45,1081,51767100
104/12/18,1352000,17.70,18.20,17.65,17.70,-0.25,589,24155050
104/12/21,3742300,18.35,19.20,18.20,18.85,1.15,1473,70063529
104/12/22,2126000,18.90,19.10,18.30,18.40,-0.45,945,39395050
104/12/23,1677000,18.15,18.60,18.10,18.15,-0.25,698,30624000
104/12/24,2538212,18.80,18.80,17.40,17.40,-0.75,1044,45273749
104/12/25,1389000,17.25,17.70,17.00,17.70,0.30,575,24185800
104/12/28,1133200,17.90,17.90,17.25,17.25,-0.45,450,19900270
104/12/29,1065150,17.40,17.45,17.00,17.10,-0.15,451,18258537
104/12/30,1282000,17.25,17.40,16.85,17.15,0.05,437,21893150
104/12/31,603000,17.00,17.35,17.00,17.15,,286,10374950
105/01/04,899000,17.25,17.25,16.70,16.70,-0.45,407,15184900
105/01/05,1273290,16.60,17.00,16.60,16.65,-0.05,549,21344672
105/01/06,1555228,16.80,16.80,16.20,16.25,-0.40,606,25604832
105/01/07,2124164,16.25,16.40,14.70,15.30,-0.95,906,32841366
105/01/08,5547846,14.50,15.65,14.50,15.60,0.30,1539,83427662
105/01/11,1335482,15.35,15.35,14.80,15.05,-0.55,612,20191402
105/01/12,1855317,15.30,15.35,14.00,14.00,-1.05,850,27009338
105/01/13,1610079,14.25,14.50,13.65,14.15,0.15,684,22654665
105/01/14,1109000,13.90,14.30,13.70,13.95,-0.20,462,15526800
105/01/15,1125760,14.25,14.30,14.00,14.05,0.10,376,15883601
105/01/18,1384818,13.80,15.00,13.80,14.85,0.80,639,20239513
105/01/19,867608,14.90,14.95,14.60,14.70,-0.15,406,12776117
105/01/20,1086751,14.65,14.90,14.05,14.05,-0.65,443,15604676
105/01/21,939800,14.10,14.35,13.80,13.95,-0.10,371,13199188
105/01/22,1417250,14.20,14.40,14.10,14.30,0.35,509,20238649
105/01/25,984201,14.50,14.75,14.45,14.55,0.25,400,14334874
105/01/26,795000,14.60,14.60,14.20,14.20,-0.35,283,11354300
105/01/27,760000,14.50,14.50,14.00,14.05,-0.15,309,10767700
105/01/28,778646,14.05,14.15,13.95,14.00,-0.05,311,10925223
105/01/29,877550,14.10,14.20,14.05,14.05,0.05,316,12375232
105/01/30,1530504,14.30,14.65,14.30,14.30,0.25,545,22156109
105/02/01,888000,14.55,14.55,14.00,14.10,-0.20,350,12622700
105/02/02,2172204,14.00,14.15,13.70,13.85,-0.25,711,30268435
105/02/03,2218200,13.80,13.80,13.50,13.75,-0.10,680,30128369
105/02/15,1386000,13.70,14.15,13.70,14.10,0.35,471,19381600
105/02/16,6390019,14.30,15.50,14.30,15.50,1.40,1922,96795592
105/02/17,6729774,17.05,17.05,17.05,17.05,1.55,1410,114742643
105/02/18,11634290,17.70,17.85,17.30,17.60,0.55,3639,204796601
105/02/19,9421475,17.45,18.60,17.40,18.25,0.65,3289,170074561
105/02/22,5987480,18.05,18.25,17.30,17.60,-0.65,2281,106383689
105/02/23,4394807,18.00,18.20,17.65,17.70,0.10,1651,78648180
105/02/24,4872709,17.55,17.70,16.80,16.85,-0.85,2029,83567441
105/02/25,4310037,17.00,17.00,16.30,16.40,-0.45,1830,71359800
105/02/26,4258574,16.65,17.20,16.15,17.20,0.80,1634,71475057
105/03/01,3247248,17.00,17.15,16.65,16.95,-0.25,1172,55082666
105/03/02,2614332,17.10,17.20,16.80,16.80,-0.15,956,44248763
105/03/03,2385800,16.80,16.95,16.45,16.50,-0.30,919,39615016
105/03/04,1656200,16.60,16.85,16.50,16.60,0.10,918,27598841
105/03/07,2439300,16.75,17.20,16.55,16.85,0.25,1091,41067612
105/03/08,3413949,16.70,17.30,16.70,17.25,0.40,1493,58268533
105/03/09,3193575,17.25,17.25,16.55,16.60,-0.65,1272,53641185
105/03/10,3514502,16.60,16.95,16.45,16.75,0.15,1249,58656806
105/03/11,4223953,16.75,17.20,16.75,17.10,0.35,1525,71832344
105/03/14,6613340,17.50,17.65,17.15,17.55,0.45,2189,115282361
105/03/15,3766150,17.55,17.55,16.80,16.80,-0.75,1365,64306913
105/03/16,2840000,17.05,17.30,16.80,17.10,0.30,1037,48318857
105/03/17,2513787,17.30,17.30,16.70,16.70,-0.40,1021,42656081
105/03/18,1366307,16.70,16.80,16.55,16.55,-0.15,702,22709269
105/03/21,2064951,16.55,16.60,16.25,16.35,-0.20,862,33831783
105/03/22,1531320,16.30,16.70,16.30,16.45,0.10,586,25308955
105/03/23,1334079,16.55,16.85,16.50,16.50,0.05,592,22227788
105/03/24,1058544,16.45,16.60,16.30,16.50,,468,17368515
105/03/25,1781343,16.50,16.50,16.00,16.05,-0.45,692,28776488
105/03/28,2527765,16.05,16.05,15.20,15.30,-0.75,1069,39207034
105/03/29,2303110,15.30,15.60,14.70,14.90,-0.40,856,34649700
105/03/30,1129021,15.00,15.20,15.00,15.20,0.30,460,17005786
105/03/31,945524,15.30,15.40,15.10,15.10,-0.10,379,14397183
105/04/01,838156,15.05,15.05,14.90,14.90,-0.20,360,12553376
105/04/06,1182202,14.80,14.80,14.55,14.75,-0.15,383,17343048
105/04/07,859008,14.75,14.95,14.60,14.65,-0.10,422,12647520
105/04/08,3016127,15.00,15.45,15.00,15.15,0.50,967,45905647
105/04/11,1613808,15.10,15.40,14.90,15.35,0.20,662,24553941
105/04/12,1971005,15.25,15.40,14.80,14.80,-0.55,792,29756480
105/04/13,1937670,15.00,15.50,14.90,15.35,0.55,718,29485558
105/04/14,1565750,15.30,15.60,15.15,15.20,-0.15,622,24016323
105/04/15,1559204,15.10,15.20,14.85,15.10,-0.10,526,23339280
105/04/18,966016,15.20,15.25,14.80,14.95,-0.15,365,14393656
105/04/19,1287726,15.20,15.25,14.85,14.90,-0.05,515,19330838
105/04/20,1513100,14.90,14.95,14.55,14.60,-0.30,575,22215806
105/04/21,1264120,14.70,14.75,14.40,14.55,-0.05,509,18434688
105/04/22,2793596,14.45,14.50,13.85,14.00,-0.55,1024,39442694
105/04/25,1423500,13.95,14.40,13.70,14.00,,543,20006800
105/04/26,3269993,14.25,15.00,14.25,14.70,0.70,1192,47674343
105/04/27,1188400,14.65,14.85,14.50,14.50,-0.20,521,17393670
105/04/28,1341000,14.60,14.65,14.15,14.15,-0.35,590,19171150
105/04/29,1257003,14.10,14.40,14.00,14.25,0.10,519,17912942
105/05/03,1077005,14.50,14.60,14.30,14.40,0.15,417,15532472
105/05/04,1398202,14.40,14.50,14.00,14.00,-0.40,534,19789937
105/05/05,1720019,14.05,14.45,13.85,14.40,0.40,493,24301192
105/05/06,1579001,14.40,14.55,14.20,14.45,0.05,434,22705915
105/05/09,3392000,14.70,14.80,14.20,14.20,-0.25,1018,49507500
105/05/10,834000,14.25,14.45,14.25,14.35,0.15,306,11954150
105/05/11,1361007,14.35,14.50,14.10,14.10,-0.25,491,19410955
105/05/12,630200,14.05,14.30,14.05,14.05,-0.05,286,8914159
105/05/13,1219009,14.15,14.15,13.75,13.90,-0.15,447,16948135
105/05/16,1102600,14.00,14.30,13.80,14.20,0.30,448,15538609
105/05/17,2610283,14.30,14.60,14.20,14.60,0.40,843,37752185
105/05/18,1203378,14.50,14.70,14.40,14.40,-0.20,471,17438577
105/05/19,1337005,14.40,14.65,14.20,14.20,-0.20,511,19339370
105/05/20,881002,14.35,14.45,14.25,14.30,0.10,335,12613228
105/05/23,1912542,14.55,14.80,14.40,14.60,0.30,669,27931603
105/05/24,7104411,14.65,15.50,14.50,15.30,0.70,2400,107018636
105/05/25,3859191,15.30,15.45,15.00,15.25,-0.05,1360,58541138
105/05/26,6908502,15.65,15.95,15.45,15.50,0.25,2309,108201252
105/05/27,2237200,15.50,15.50,15.15,15.30,-0.20,797,34178938
105/05/30,2118005,15.30,15.35,15.15,15.20,-0.10,645,32191675
105/05/31,4139002,15.30,15.55,15.10,15.15,-0.05,1233,63345480
105/06/01,6646800,14.95,14.95,14.20,14.40,-0.75,2477,96419088
105/06/02,3129791,14.35,14.35,14.05,14.10,-0.30,1074,44268276
105/06/03,1717700,14.20,14.25,14.00,14.15,0.05,675,24327500
105/06/04,1574500,14.20,14.25,14.10,14.20,0.05,390,22294549
105/06/06,5326501,13.35,13.70,13.30,13.55,X,1541,71944437
105/06/07,3163556,13.60,13.85,13.55,13.55,,1075,43211185
105/06/08,2353001,13.55,13.60,13.45,13.55,,638,31768314
105/06/13,1707006,13.45,13.50,13.25,13.35,-0.20,716,22847328
105/06/14,2171753,13.40,13.70,13.40,13.55,0.20,807,29436800
105/06/15,2756218,13.50,13.50,13.35,13.40,-0.15,916,37002939
105/06/16,3851446,13.25,13.35,13.00,13.05,-0.35,1301,50519209
105/06/17,2427601,13.10,13.20,13.00,13.00,-0.05,788,31743990
105/06/20,3200410,13.05,13.25,13.05,13.15,0.15,963,41977760
105/06/21,3489510,13.10,13.45,13.10,13.15,,1164,46247755
105/06/22,10843935,13.10,14.05,13.05,13.75,0.60,3564,147560040
105/06/23,7040575,13.60,13.90,13.50,13.50,-0.25,2021,96027906
105/06/24,5917405,13.65,13.65,13.00,13.15,-0.35,2075,78471001
105/06/27,2393509,13.15,13.35,13.10,13.20,0.05,721,31640166
105/06/28,2786955,13.05,13.40,13.05,13.20,,805,36903193
105/06/29,2429578,13.25,13.40,13.20,13.25,0.05,754,32264492
105/06/30,19821214,13.20,13.70,13.15,13.30,0.05,7224,266002005
105/07/01,4895089,13.40,13.50,13.30,13.35,0.05,1682,65394835
105/07/04,3505145,13.35,13.35,13.15,13.20,-0.15,1091,46343662
105/07/05,1685335,13.20,13.35,13.20,13.25,0.05,672,22372982
105/07/06,1988315,13.25,13.25,13.05,13.05,-0.20,824,26122318
105/07/07,11856060,13.35,13.65,13.30,13.50,0.45,3753,160105695
105/07/11,4545940,13.70,13.70,13.35,13.35,-0.15,1474,61323083
105/07/12,3201092,13.45,13.65,13.35,13.45,0.10,1149,43205340
105/07/13,3408911,13.65,13.65,13.35,13.40,-0.05,1036,45966545
105/07/14,2021118,13.50,13.50,13.35,13.45,0.05,663,27134825
105/07/15,4009746,13.50,13.55,13.35,13.35,-0.10,1096,53984376
105/07/18,3957823,13.50,13.60,13.35,13.40,0.05,1111,53398910
105/07/19,2052392,13.50,13.50,13.35,13.40,,676,27523147
105/07/20,3602728,13.40,13.40,13.15,13.20,-0.20,1117,47722180
105/07/21,2944695,13.30,13.35,13.15,13.25,0.05,874,38952890
105/07/22,3616055,13.25,13.45,13.25,13.25,,907,48230925
105/07/25,3634505,13.35,13.35,13.05,13.10,-0.15,1008,47775508
105/07/26,1942928,13.15,13.20,13.05,13.10,,639,25448752
