﻿台數科          ,	6464
日期,成交股數,開盤價,最高價,最低價,收盤價,漲跌價差,成交筆數,成交金額
104/12/16,4534256,128.00,140.00,121.00,138.00,X,3882,597105840
104/12/17,1006500,138.00,142.00,134.00,137.00,-1.00,926,137878500
104/12/18,1148300,136.00,136.50,132.00,132.50,-4.50,502,152361200
104/12/21,242026,130.00,131.00,129.00,130.50,-2.00,208,31541510
104/12/22,333000,132.00,132.50,130.00,131.00,0.50,262,43637000
104/12/23,419744,130.50,131.00,128.00,128.00,-3.00,295,54141232
104/12/24,416000,129.00,130.00,127.50,128.00,,221,53394000
104/12/25,199004,128.00,128.50,126.50,126.50,-1.50,152,25416014
104/12/28,311210,127.00,127.00,121.50,122.00,-4.50,277,38370330
104/12/29,441000,120.50,121.50,115.00,115.00,-7.00,336,51503500
104/12/30,146775,116.00,118.00,116.00,117.50,2.50,126,17184562
104/12/31,261072,117.50,125.00,117.50,123.50,6.00,224,31808319
105/01/04,346725,125.00,125.00,115.50,115.50,-8.00,311,40944962
105/01/05,110597,113.00,116.00,113.00,114.50,-1.00,106,12698354
105/01/06,120200,114.50,114.50,111.50,112.50,-2.00,99,13610999
105/01/07,366382,112.50,112.50,102.00,104.00,-8.50,300,38917610
105/01/08,169006,100.50,108.00,100.50,107.00,3.00,139,17756668
105/01/11,119100,106.00,106.00,104.00,105.00,-2.00,91,12507549
105/01/12,119000,105.50,106.00,105.00,106.00,1.00,101,12554000
105/01/13,108250,107.00,110.50,107.00,109.00,3.00,87,11787375
105/01/14,82050,107.00,107.50,104.50,107.50,-1.50,64,8704450
105/01/15,233150,108.00,113.00,107.50,113.00,5.50,198,25887900
105/01/18,453491,113.50,124.00,113.50,124.00,11.00,347,54926884
105/01/19,242525,125.00,128.00,121.00,124.50,0.50,217,30283834
105/01/20,201311,123.00,126.00,123.00,125.00,0.50,133,24836564
105/01/21,215200,125.00,126.00,124.00,126.00,1.00,140,26956200
105/01/22,181255,126.50,128.50,124.00,126.50,0.50,123,23028385
105/01/25,110030,128.00,128.00,125.50,127.50,1.00,93,13973310
105/01/26,102020,126.00,129.50,125.00,128.00,0.50,81,13069050
105/01/27,93145,128.00,129.00,127.00,127.50,-0.50,79,11925915
105/01/28,102400,127.00,127.50,126.50,127.50,,75,13016098
105/01/29,74076,127.00,128.50,126.00,127.50,,55,9413652
105/01/30,54101,127.00,128.00,126.50,128.00,0.50,44,6887928
105/02/01,139056,128.00,129.50,128.00,128.50,0.50,89,17925695
105/02/02,95031,127.50,129.00,127.50,128.00,-0.50,68,12216483
105/02/03,50020,127.00,128.00,127.00,127.50,-0.50,45,6384560
105/02/15,78439,124.00,126.50,124.00,126.50,-1.00,61,9877984
105/02/16,137000,126.50,128.50,124.50,128.00,1.50,92,17382000
105/02/17,55100,128.00,128.50,127.00,128.00,,50,7040500
105/02/18,61060,127.00,129.00,127.00,128.00,,49,7818300
105/02/19,96020,128.00,130.00,127.50,129.00,1.00,62,12381140
105/02/22,78000,128.50,130.00,128.00,130.00,1.00,48,10084500
105/02/23,107100,129.50,130.50,127.50,129.00,-1.00,90,13857000
105/02/24,230300,130.00,132.00,128.50,132.00,3.00,163,30091300
105/02/25,74100,132.00,134.00,130.00,130.00,-2.00,65,9749200
105/02/26,77000,129.00,131.50,128.50,130.50,0.50,58,9989000
105/03/01,53000,131.00,131.50,129.00,130.50,,42,6882000
105/03/02,104000,131.00,131.50,129.00,130.00,-0.50,62,13585500
105/03/03,108151,131.00,132.00,129.00,131.00,1.00,97,14163932
105/03/04,59000,130.00,131.50,129.00,130.50,-0.50,53,7699500
105/03/07,156002,129.00,132.00,129.00,131.00,0.50,108,20460776
105/03/08,47050,130.00,130.50,129.00,130.00,-1.00,31,6108100
105/03/09,225122,130.00,131.50,130.00,131.00,1.00,109,29475104
105/03/10,60040,131.00,131.00,129.50,130.00,-1.00,48,7837580
105/03/11,86000,129.50,130.50,129.00,130.50,0.50,46,11173000
105/03/14,76100,130.00,130.00,129.50,130.00,-0.50,47,9878700
105/03/15,66100,129.50,130.00,128.50,129.00,-1.00,57,8531750
105/03/16,72620,129.00,129.50,129.00,129.00,,66,9367860
105/03/17,344100,128.50,131.50,128.00,131.50,2.50,155,44787550
105/03/18,29216,129.50,130.00,129.00,129.00,-2.50,30,3776080
105/03/21,46340,129.00,129.00,127.00,128.00,-1.00,44,5906700
105/03/22,81053,127.00,127.00,124.00,124.50,-3.50,66,10139390
105/03/23,22071,125.00,125.00,123.50,124.00,-0.50,21,2733767
105/03/24,61010,124.00,124.00,120.50,122.50,-1.50,54,7432740
105/03/25,28000,122.50,125.00,122.00,125.00,2.50,23,3456000
105/03/28,118142,129.00,131.50,128.50,129.00,4.00,102,15325460
105/03/29,57009,129.00,129.00,127.00,128.00,-1.00,46,7281188
105/03/30,18000,128.00,128.00,127.50,127.50,-0.50,16,2299500
105/03/31,10000,127.50,128.00,127.00,127.00,-0.50,9,1272500
105/04/01,16000,127.00,127.50,126.50,127.00,,11,2032000
105/04/06,37000,126.00,127.50,126.00,127.00,,36,4683000
105/04/07,34117,128.00,128.00,126.00,126.00,-1.00,31,4320242
105/04/08,34000,126.00,127.00,126.00,126.00,,26,4294000
105/04/11,29000,126.00,128.00,126.00,127.00,1.00,23,3681500
105/04/12,21000,127.00,127.00,126.50,127.00,,14,2665500
105/04/13,29100,127.00,128.00,127.00,127.50,0.50,25,3704450
105/04/14,19000,127.00,127.50,127.00,127.50,,15,2419500
105/04/15,24000,127.50,127.50,127.50,127.50,,18,3060000
105/04/18,55046,127.50,128.00,127.00,128.00,0.50,22,7018388
105/04/19,57040,127.50,127.50,126.50,127.00,-1.00,35,7237040
105/04/20,41040,127.00,127.50,127.00,127.00,,33,5227620
105/04/21,73000,127.00,127.50,126.50,127.00,,21,9269000
105/04/22,21051,126.50,127.50,126.50,127.00,,16,2666426
105/04/25,73000,126.50,129.00,126.00,128.50,1.50,53,9342500
105/04/26,71000,127.00,130.00,127.00,130.00,1.50,42,9167500
105/04/27,86000,128.00,130.50,128.00,130.00,,57,11164500
105/04/28,79100,130.00,130.00,128.00,130.00,,55,10237400
105/04/29,69000,128.50,130.50,128.50,130.50,0.50,42,8957000
105/05/03,55000,130.00,131.00,129.00,130.50,,38,7163000
105/05/04,51000,130.00,130.00,129.50,130.00,-0.50,34,6628000
105/05/05,78260,129.50,130.50,128.50,130.50,0.50,20,10158040
105/05/06,47068,130.50,130.50,129.00,129.50,-1.00,34,6117204
105/05/09,190093,130.00,132.00,129.00,131.50,2.00,144,24992090
105/05/10,12882,131.50,131.50,131.00,131.00,-0.50,14,1691660
105/05/11,44000,131.00,131.50,130.00,131.00,,33,5761000
105/05/12,43000,131.00,131.50,130.00,130.00,-1.00,27,5608500
105/05/13,31048,128.50,130.50,128.50,129.00,-1.00,23,4019192
105/05/16,34000,129.00,129.00,128.50,129.00,,19,4385500
105/05/17,199000,128.50,132.50,128.50,132.00,3.00,117,26066000
105/05/18,21021,132.00,132.00,130.00,131.00,-1.00,19,2755740
105/05/19,4000,130.50,131.00,129.00,129.00,-2.00,4,520000
105/05/20,30000,129.00,131.50,129.00,131.50,2.50,20,3932500
105/05/23,90700,131.00,131.50,131.00,131.50,,40,11914000
105/05/24,32000,131.00,131.00,130.50,130.50,-1.00,11,4190500
105/05/25,67315,130.00,131.00,130.00,131.00,0.50,25,8782450
105/05/26,78000,131.00,131.00,129.50,130.00,-1.00,25,10177500
105/05/27,242150,129.00,132.00,129.00,132.00,2.00,99,31837150
105/05/30,23000,130.50,130.50,129.50,130.00,-2.00,10,2995500
105/05/31,11003,130.00,130.00,129.00,129.00,-1.00,13,1420890
105/06/01,19000,129.00,129.50,128.00,128.00,-1.00,12,2439500
105/06/02,3000,127.50,129.00,127.50,129.00,1.00,3,384500
105/06/03,19296,126.00,127.50,126.00,127.50,-1.50,13,2450296
105/06/04,3030,127.00,127.00,127.00,127.00,-0.50,4,384780
105/06/06,6000,127.00,127.00,126.50,127.00,,4,761500
105/06/07,1000,127.50,127.50,127.50,127.50,0.50,1,127500
105/06/08,1000,128.00,128.00,128.00,128.00,0.50,1,128000
105/06/13,12030,126.50,128.00,126.50,128.00,,10,1531855
105/06/14,0,--,--,--,--,,0,0
105/06/15,8000,129.50,129.50,127.50,127.50,X,4,1028500
105/06/16,1055,129.00,129.00,129.00,129.00,1.50,3,136067
105/06/17,3000,127.50,128.00,127.50,128.00,-1.00,3,383000
105/06/20,5000,129.00,129.00,127.00,127.00,-1.00,5,639500
105/06/21,3000,127.50,128.50,127.50,127.50,0.50,3,383500
105/06/22,18000,127.50,127.50,127.00,127.50,,14,2292500
105/06/23,6000,127.50,127.50,127.50,127.50,,5,765000
105/06/24,29060,128.00,128.00,127.00,127.50,,18,3704560
105/06/27,19406,128.00,128.00,127.50,127.50,,9,2474656
105/06/28,19000,127.50,127.50,127.00,127.50,,12,2419500
105/06/29,31000,127.50,127.50,127.00,127.50,,14,3951500
105/06/30,12000,127.50,127.50,127.00,127.50,,9,1529500
105/07/01,7000,127.50,127.50,127.50,127.50,,7,892500
105/07/04,11000,127.50,127.50,127.00,127.00,-0.50,9,1402000
105/07/05,7000,127.00,127.00,127.00,127.00,,7,889000
105/07/06,37000,127.00,127.50,127.00,127.50,0.50,17,4708000
105/07/07,22000,127.50,127.50,127.00,127.00,-0.50,10,2803500
105/07/11,48000,127.00,127.50,127.00,127.00,,25,6099500
105/07/12,9050,127.00,127.50,127.00,127.00,,9,1149875
105/07/13,60307,127.00,127.50,127.00,127.50,0.50,25,7662296
105/07/14,26277,127.00,128.00,127.00,127.00,-0.50,14,3342817
105/07/15,20000,127.50,127.50,127.50,127.50,0.50,12,2550000
105/07/18,8000,127.50,128.50,127.50,128.50,1.00,6,1021500
105/07/19,20004,127.50,128.50,127.50,127.50,-1.00,12,2551508
105/07/20,9000,128.50,128.50,127.50,127.50,,9,1152000
105/07/21,28030,128.00,130.00,127.50,128.50,1.00,20,3613385
105/07/22,6060,128.50,128.50,128.00,128.00,-0.50,5,776740
105/07/25,9000,128.00,128.50,128.00,128.50,0.50,8,1154000
105/07/26,4000,128.00,128.00,128.00,128.00,-0.50,3,512000
105/07/27,8001,128.00,128.50,128.00,128.50,0.50,9,1027129
105/07/28,11063,128.50,129.00,128.50,129.00,0.50,10,1426595
105/07/29,2268,129.00,129.00,129.00,129.00,,4,294313
105/08/01,3000,129.00,129.00,128.50,129.00,,3,386500
105/08/02,16000,129.00,130.00,129.00,129.50,0.50,16,2077000
105/08/03,19075,129.00,130.00,129.00,130.00,0.50,15,2469325
105/08/04,11000,129.50,129.50,129.00,129.00,-1.00,11,1422500
105/08/05,7000,129.50,129.50,129.00,129.00,,7,905500
105/08/08,13000,129.50,129.50,129.50,129.50,0.50,10,1683500
105/08/09,12000,129.50,129.50,129.00,129.50,,12,1551500
105/08/10,11000,129.50,130.00,129.00,129.00,-0.50,10,1424500
105/08/11,10060,129.00,129.50,128.00,128.00,-1.00,9,1295330
105/08/12,7000,128.00,129.00,128.00,129.00,1.00,7,901000
105/08/15,23000,129.50,130.00,129.50,129.50,0.50,19,2979500
105/08/16,17050,129.50,129.50,128.50,128.50,-1.00,12,2205975
105/08/17,34790,128.50,129.50,128.50,129.50,1.00,37,4508390
105/08/18,60040,130.00,130.00,129.00,129.50,,55,7772720
105/08/19,39790,123.50,124.50,123.00,123.00,X,42,4917380
105/08/22,16110,120.00,122.50,120.00,121.00,-2.00,18,1954310
105/08/23,8000,122.00,122.00,121.50,121.50,0.50,8,974000
105/08/24,14000,124.00,124.00,123.00,123.00,1.50,11,1732000
105/08/25,26000,123.50,124.00,123.50,123.50,0.50,21,3218500
105/08/26,14000,124.00,124.50,124.00,124.00,0.50,13,1739000
105/08/29,44008,125.00,126.00,125.00,125.00,1.00,36,5514000
105/08/30,12000,124.50,125.00,124.50,124.50,-0.50,9,1497500
105/08/31,17000,124.50,125.00,124.50,124.50,,14,2118500
105/09/01,25000,124.50,125.00,124.00,124.50,,15,3112000
105/09/02,20000,125.50,125.50,124.50,125.50,1.00,19,2501500
105/09/05,15065,126.00,126.00,124.50,125.50,,15,1889157
105/09/06,13000,125.50,126.00,125.00,126.00,0.50,13,1633000
105/09/07,11000,126.00,126.00,125.00,126.00,,8,1383000
105/09/08,16000,125.50,125.50,125.00,125.50,-0.50,11,2003500
105/09/09,9028,125.00,126.00,125.00,126.00,0.50,11,1134028
105/09/10,15001,126.00,126.00,125.50,126.00,,16,1888126
105/09/12,20126,126.00,126.00,125.00,126.00,,19,2532250
105/09/13,39000,126.00,126.00,125.50,126.00,,30,4908000
105/09/14,16050,126.00,126.50,126.00,126.50,0.50,17,2023250
105/09/19,11000,127.00,127.00,126.00,127.00,0.50,11,1395500
105/09/20,7107,126.50,127.00,126.00,126.50,-0.50,9,898642
105/09/21,48000,126.50,127.00,126.00,126.00,-0.50,37,6086000
105/09/22,26100,126.50,127.00,126.50,127.00,1.00,24,3310650
105/09/23,18000,127.50,127.50,127.00,127.50,0.50,16,2293500
105/09/26,34000,127.00,127.50,127.00,127.00,-0.50,27,4322000
105/09/29,36000,127.00,127.50,126.50,126.50,-0.50,34,4584000
105/09/30,27119,127.00,127.00,126.00,127.00,0.50,22,3433232
105/10/03,281000,127.00,127.00,127.00,127.00,,18,35687000
105/10/04,351100,127.50,128.00,127.00,127.00,,26,44613200
105/10/05,78100,127.00,128.00,127.00,127.00,,20,9944200
105/10/06,24426,127.00,128.00,127.00,128.00,1.00,17,3119102
105/10/07,22000,128.00,128.00,127.50,127.50,-0.50,11,2815500
105/10/11,34000,127.50,128.50,127.00,128.00,0.50,26,4355000
105/10/12,54000,128.00,129.50,128.00,129.50,1.50,43,6949500
105/10/13,61000,129.50,131.00,129.50,130.50,1.00,47,7936000
105/10/14,0,--,--,--,--,,0,0
105/10/17,179300,134.50,143.50,132.50,132.50,X,169,24843600
105/10/18,65015,132.50,132.50,131.00,131.50,-1.00,56,8592987
105/10/19,58206,132.00,133.00,131.50,131.50,,36,7683986
105/10/20,31105,131.00,131.00,128.50,130.00,-1.50,25,4026255
105/10/21,22000,130.00,130.50,129.00,130.50,0.50,16,2859500
105/10/24,17000,130.00,130.50,129.50,129.50,-1.00,9,2210500
105/10/25,12000,130.50,130.50,127.50,128.50,-1.00,8,1546500
105/10/26,13100,130.00,132.00,130.00,132.00,3.50,13,1711200
105/10/27,5000,132.00,133.00,131.00,131.00,-1.00,5,660000
105/10/28,12362,129.00,131.00,129.00,130.50,-0.50,10,1610698
105/10/31,3030,133.00,133.00,131.00,131.00,0.50,6,398960
105/11/01,5000,132.00,132.00,127.00,127.00,-4.00,5,644000
105/11/02,6280,129.00,129.50,128.00,128.00,1.00,6,808060
105/11/03,19119,127.50,128.50,127.00,127.00,-1.00,19,2435113
105/11/04,29100,127.00,127.00,125.00,126.50,-0.50,18,3680200
105/11/07,2013,126.00,126.50,126.00,126.50,,4,254144
105/11/08,0,--,--,--,--,,0,0
105/11/09,15100,126.50,127.00,125.00,125.00,X,14,1901900
105/11/10,11000,126.00,127.50,126.00,127.50,2.50,3,1392000
105/11/11,4000,125.00,126.00,125.00,126.00,-1.50,3,503000
105/11/14,3090,125.00,126.00,125.00,126.00,,5,387250
105/11/15,13000,125.50,126.50,125.00,126.00,,9,1635000
105/11/16,9500,125.50,127.00,125.50,127.00,1.00,6,1197000
105/11/17,3000,130.00,130.00,126.00,126.00,-1.00,3,385500
105/11/18,0,--,--,--,--,,0,0
105/11/21,1000,126.50,126.50,126.50,126.50,X,1,126500
105/11/22,2000,126.00,127.50,126.00,127.50,1.00,2,253500
105/11/23,3000,126.00,126.00,126.00,126.00,-1.50,1,378000
105/11/24,14000,126.00,126.50,126.00,126.50,0.50,5,1764500
105/11/25,0,--,--,--,--,,0,0
105/11/28,2000,126.50,126.50,126.50,126.50,X,2,253000
105/11/29,6110,127.00,127.00,127.00,127.00,0.50,4,776080
105/11/30,15100,127.00,130.00,127.00,129.50,2.50,12,1927300
105/12/01,11000,129.50,129.50,127.50,127.50,-2.00,9,1422500
105/12/02,2000,127.00,127.00,127.00,127.00,-0.50,2,254000
105/12/05,4000,127.00,127.00,126.50,126.50,-0.50,4,507500
105/12/06,13000,127.00,127.00,126.50,127.00,0.50,8,1650500
105/12/07,15000,127.00,127.00,126.00,126.50,-0.50,10,1896500
105/12/08,31000,126.50,127.00,126.00,126.50,,11,3919500
105/12/09,2050,126.50,126.50,126.50,126.50,,2,259250
105/12/12,2000,126.00,126.00,126.00,126.00,-0.50,2,252000
105/12/13,2000,126.50,126.50,126.50,126.50,0.50,2,253000
105/12/14,5030,126.00,126.00,125.00,125.00,-1.50,6,629780
105/12/15,14000,125.50,126.00,125.50,126.00,1.00,11,1763000
105/12/16,6442,126.00,126.00,125.50,125.50,-0.50,6,808308
105/12/19,18115,125.50,125.50,125.00,125.00,-0.50,9,2272760
105/12/20,15000,125.00,125.50,125.00,125.50,0.50,12,1880000
105/12/21,19185,125.50,125.50,123.50,124.00,-1.50,13,2400125
105/12/22,19000,125.50,125.50,124.50,125.00,1.00,11,2373000
105/12/23,5000,125.00,125.00,124.50,124.50,-0.50,4,623500
105/12/26,5000,124.50,125.00,124.50,125.00,0.50,4,623500
105/12/27,8000,125.00,125.00,124.50,124.50,-0.50,4,998500
105/12/28,1000,125.00,125.00,125.00,125.00,0.50,1,125000
105/12/29,0,--,--,--,--,,0,0
