﻿精湛,	2070
日期,當月營收,上月營收,去年同月營收,MOM(%),YOY(%),當月累計營收,去年累計營收,累計YOY(%),Notes
2018/11,106325,58339,64196,82.25,65.62,756005,667312,13.29,因接單及出貨增加所致
2018/12,126487,106325,111292,18.96,13.65,882492,778603,13.34,-
2019/01,51682,126487,42537,-59.14,21.49,51682,42537,21.49,-
2019/02,33097,51682,50911,-35.96,-34.99,84779,93448,-9.27,-
2019/03,81425,33097,66509,146.01,22.42,166204,159957,3.90,-
2019/04,43599,81425,77942,-46.45,-44.06,209803,237899,-11.81,-
2019/05,59613,43599,68859,36.73,-13.42,269416,306758,-12.17,-
2019/06,45048,59613,84029,-24.43,-46.38,314464,390786,-19.53,-
2019/07,53538,45048,60411,18.84,-11.37,368002,451198,-18.43,-
2019/08,58446,53538,57958,9.16,0.84,426448,509156,-16.24,-
