﻿全坤建,	2509
日期,當月營收,上月營收,去年同月營收,MOM(%),YOY(%),當月累計營收,去年累計營收,累計YOY(%),Notes
2015/01,2272,2449,3494,-7.22,-34.97,2272,3494,-34.97,-
2015/02,2085,2272,2470,-8.23,-15.58,4357,5964,-26.94,-
2015/03,7057,2085,3619,238.46,94.99,11414,9583,19.10,-
2015/04,5121,7057,2510,-27.43,104.02,16535,12093,36.73,-
2015/05,7133,5121,2473,39.28,188.43,23668,14566,62.48,-
2015/06,35655,7133,2470,399.85,1343.52,59323,17036,248.22,部分地主交屋款、子公司認列租金收入
2015/07,129762,35655,2469,263.93,5155.65,189085,19505,869.41,認列售屋收入.部分地主戶交屋款.子公司認列租金收入
2015/08,10586,129762,2692,-91.84,293.23,199671,22197,799.54,部份地主戶交屋款.子公司認列租金收入
2015/09,121726,10586,2680,1049.87,4442.01,321397,24877,1191.94,"本月營收及本年累計營收較去年同期增加,主要係認列雲峰案銷售及子公司租金收入所致."
2015/10,398297,121726,5031,227.20,7816.85,719694,29908,2306.35,"本月營收及本年累計營收較去年同期增加,主要係認列雲峰案銷售.尊峰公園館完工認列及子公司租金收入所致."
2015/11,583032,398297,2699,46.38,21501.77,1302726,32607,3895.23,"本月營收及本年累計營收較去年同期增加,主要係認列雲峰案銷售.尊峰公園館完工認列及子公司尊峰世紀館完工認列.租金收入所致."
2015/12,2580486,583032,2449,342.59,105268.96,3883212,35056,10977.16,"本月營收及本年累計營收較去年同期增加,主要係認列尊峰公園館完工認列及子公司尊峰世紀館.尊峰微風館完工認列,租金收入所致"
2016/01,28266,2580486,2272,-98.90,1144.10,28266,2272,1144.10,"本月營收較去年同期增加,主要係認列子公司尊峰微風館銷售收入及子公司勞務.租金收入所致."
2016/02,56869,28266,2085,101.19,2627.52,85135,4357,1853.98,"本月營收較去年同期增加,主要係認列子公司尊峰世紀館.尊峰微風館完工認列及租金收入所致."
2016/03,103974,56869,7057,82.83,1373.34,189109,11414,1556.81,"本月營收及本年累計營收較去年同期增加,主要係認列雲峰案銷售及子公司尊峰世紀館.尊峰微風館完工認列及租金收入所致."
2016/04,100988,103974,5121,-2.87,1872.03,290097,16535,1654.44,"本月營收及本年累計營收較去年同期增加,主要係認列雲峰案銷售及金收入所致."
2016/05,18706,100988,7133,-81.47,162.24,308803,23668,1204.72,"本月營收及本年累計營收較去年同期增加,主要係認列子公司尊峰微風館完工認列及租金收入所致."
2016/06,7567,18706,35655,-59.54,-78.77,316370,59323,433.30,"本月營收較去年同期減少,係本月無售屋收入所致,本年累計營收較去年同期增加,主要係子公司完工認列及租金收入所致."
2016/07,39970,7567,129762,428.21,-69.19,356340,189085,88.45,"本月營收較去年同期減少,係本月售屋收入減少,本年累計營收較去年同期增加,主要係子公司完工認列及租金收入所致."
2016/08,7213,39970,10586,-81.95,-31.86,363553,199671,82.07,"本月營收較去年同期減少,係本月售屋收入減少,本年累計營收較去年同期增加,主要係子公司完工認列及租金收入所致."
2016/09,37357,7213,121726,417.91,-69.31,400910,321397,24.73,"本月營收較去年同期減少,係本月售屋收入減少,本年累計營收較去年同期增加,主要係子公司完工認列及租金收入所致."
2016/10,12892,37357,398297,-65.48,-96.76,413802,719694,-42.50,"本月營收較去年同期減少,係本月售屋收入減少,本年累計營收較去年同期減少,主要係售屋收入認列減少所致."
2016/11,6692,12892,583032,-48.09,-98.85,420494,1302726,-67.72,"本月營收較去年同期減少,係本月售屋收入減少,本年累計營收較去年同期減少,主要係售屋收入認列減少所致."
2016/12,174985,6692,2580486,2514.83,-93.21,595479,3883212,-84.66,"本月營收較去年同期減少,係本月售屋收入減少,本年累計營收較去年同期減少,主要係售屋收入認列減少所致."
2017/01,7349,174985,28266,-95.80,-74.00,7349,28266,-74.00,"本月營收較去年同期減少,係本月售屋收入減少,本年累計營收較去年同期減少,主要係售屋收入認列減少所致."
2017/02,38136,7349,56869,418.92,-32.94,45485,85135,-46.57,"本月營收較去年同期減少,係本月售屋收入減少,本年累計營收較去年同期減少,主要係售屋收入認列減少所致."
2017/03,209015,38136,103974,448.07,101.02,254500,189109,34.57,"本月營收及本年累計營收較去年同期增加,主要係認列雲峰案.微風館及世紀館銷售所致."
2017/04,75450,209015,100988,-63.90,-25.28,329950,290097,13.73,"本月營收較去年同期減少,係本月售屋收入減少,本年累計營收較去年同期增加,主要係銷售雲峰案.微風館及世紀館與租金收入所致."
2017/05,33842,75450,18706,-55.14,80.91,363792,308803,17.80,"本月營收及本年累計營收較去年同期增加,主要係認列雲峰案銷售所致"
2017/06,59247,33842,7567,75.06,682.96,423039,316370,33.71,"本月營收及本年累計營收較去年同期增加,主要係因認列雲峰案銷售所致."
2017/07,6798,59247,39970,-88.52,-82.99,429837,356340,20.62,"本月營收較去年同期減少,係本月售屋收入減少,本年累計營收較去年同期增加,主要係售屋收入認列增加所致."
2017/08,134589,6798,7213,1879.83,1765.92,564426,363553,55.25,"本月營收及本年累計營收較去年同期增加,主要係認列雲峰案銷售所致."
2017/09,149329,134589,37357,10.95,299.73,713755,400910,78.03,"本月營收及本年累計營收較去年同期增加,主要係認列雲峰案銷售所致."
2017/10,51622,149329,12892,-65.43,300.41,765377,413802,84.96,"本月營收及本年累計營收較去年同期增加,主要係認列雲峰案銷售所致."
2017/11,252681,51622,6692,389.48,3675.86,1018058,420494,142.10,"本月營收及本年累計營收較去年同期增加,主要係認列雲峰案銷售所致."
2017/12,118478,252681,174985,-53.11,-32.29,1136536,595479,90.86,"本月營收較去年同期減少,係本月售屋收入減少,本年累計營收較去年同期增加,主要係認列雲峰案售屋收入所致."
2018/01,22266,118478,7349,-81.20,202.97,22266,7349,202.97,"本月營收較去年同期增加,主要係認列世紀館銷售所致."
2018/02,452459,22266,38136,1932.06,1086.43,474725,45485,943.69,"本月營收及本年累計營收較去年同期增加,主要係認列雲峰案售屋收入及新竹寶山土地收入所致."
2018/03,166044,452459,209015,-63.30,-20.55,640769,254500,151.77,"本年累計營收較去年同期增加,主要係認列新竹寶山土地收入所致."
2018/04,101147,166044,75450,-39.08,34.05,741916,329950,124.85,"本年累計營收較去年同期增加,主要係認列雲峰案售屋及寶山段土地收入所致."
2018/05,49161,101147,33842,-51.39,45.26,791077,363792,117.45,"本年累計營收較去年同期增加,主要係認列雲峰案售屋及寶山段土地收入所致."
2018/06,57054,49161,59247,16.05,-3.70,848131,423039,100.48,"去年累計營收較去年同期增加,主要係認列雲峰案售屋及寶山段土地收入所致."
2018/07,132919,57054,6798,132.97,1855.26,981050,429837,128.23,"本月營收及本年累計營收較去年同期增加,主要係認列雲峰案售屋收入及新竹寶山土地收入所致."
2018/08,41386,132919,134589,-68.86,-69.25,1022436,564426,81.14,"本年累計營收較去年同期增加,主要係認列新竹寶山土地收入所致."
2018/09,114505,41386,149329,176.67,-23.32,1136941,713755,59.29,"本年累計營收較去年同期增加,主要係認列新竹寶山土地收入所致."
2018/10,97217,114505,51622,-15.09,88.32,1234158,765377,61.24,"本月營收及本年累計營收較去年同期增加,主要係認列雲峰案售屋及寶山段土地收入所致."
2018/11,257333,97217,252681,164.69,1.84,1491491,1018058,46.50,-
2018/12,2458571,257333,118478,855.40,1975.12,3950062,1136536,247.55,"本月營收較去年同期增加,係威峰案售屋收入;本年累計營收較去年同期增加主要係認列威峰案.雲峰案售屋收入及寶山段土地收入所致."
