﻿興富發,	2542
日期,當月營收,上月營收,去年同月營收,MOM(%),YOY(%),當月累計營收,去年累計營收,累計YOY(%),Notes
2015/01,1260425,5221051,724268,-75.85,74.02,1260425,724268,74.02,-
2015/02,6991116,1260425,543303,454.66,1186.78,8251541,1267571,550.97,-
2015/03,1161468,6991116,1653215,-83.38,-29.74,9413009,2920786,222.27,-
2015/04,383079,1161468,490701,-67.01,-21.93,9796088,3411487,187.15,-
2015/05,548051,383079,538266,43.06,1.81,10344139,3949753,161.89,-
2015/06,538363,548051,7058930,-1.76,-92.37,10882502,11008683,-1.14,主要差異係因去年同期新完工個案「惠民138」完成產權移轉予客戶認列收入63億所致。
2015/07,394678,538363,5380869,-26.68,-92.66,11277180,16389552,-31.19,主要差異係去年7月「麗林段」、「惠民138」、「松江路案」、「國王傳奇」建案認列收入約50億所致
2015/08,2361487,394678,8748786,498.33,-73.00,13638667,25138338,-45.74,本月營收較去年同期減少，主要差異係因去年8月「麗林段」建案認列收入所致
2015/09,1392507,2361487,4525354,-41.03,-69.22,15031174,29663692,-49.32,本月營收較去年同期減少，主要差異係因去年9月「龍中三」、「麗林段」建案認列收入所致。
2015/10,1109041,1392507,1101184,-20.35,0.71,16140215,30764876,-47.53,-
2015/11,4912218,1109041,1529244,342.92,221.21,21052433,32294120,-34.81,主要差異係本期新完工個案「惠民143-1」，完成產權移轉予客戶認列收入所致。
2015/12,13585606,4912218,5221051,176.56,160.20,34638039,37515171,-7.66,主要差異係本期完工個案「龍中六」、「金泰九」、「光華段」等，完成產權移轉予客戶認列收入所致。
2016/01,873164,13585606,1260425,-93.57,-30.72,873164,1260425,-30.72,-
2016/02,4587363,873164,6991116,425.37,-34.38,5460527,8251541,-33.82,-
2016/03,3670106,4587363,1161468,-19.99,215.98,9130633,9413009,-2.99,本期較去年同期增加，主要差異係因本期「開元二」、「金泰九」建案認列收入所致。
2016/04,1153250,3670106,383079,-68.57,201.04,10283883,9796088,4.97,主要差異係本期完工個案「台中案」，完成產權移轉予客戶認列收入所致。
2016/05,1814531,1153250,548051,57.34,231.08,12098414,10344139,16.95,本期較去年同期增加，主要差異係因本期「開元二」、「金泰九」、「台中案」認列收入所致。
2016/06,1531782,1814531,538363,-15.58,184.52,13630196,10882502,25.24,本期較去年同期增加，主要差異係因本期「開元二」等案認列收入所致。
2016/07,6692438,1531782,394678,336.90,1595.67,20322634,11277180,80.21,本月及1-7月較去年同期增加，主要差異係本年度「漢中段」、「開元二」等建案認列收入所致。
2016/08,4998579,6692438,2361487,-25.31,111.67,25321213,13638667,85.65,本月及本年1-8月較去年同期增加，主要差異系本年度「漢中段」、「開元二」等建案認列收入所致。
2016/09,1788179,4998579,1392507,-64.22,28.41,27109392,15031174,80.35,本年度較去年度同期增加，主要差異係本年度「漢中段」、「開元二」等建案認列收入所致。
2016/10,2535902,1788179,1109041,41.81,128.65,29645294,16140215,83.67,本月及本年1-10月較去年同期增加，主要差異係本年度「竹北案」、「漢中段」、「開元二」等建案認列收入所致。
2016/11,947687,2535902,4912218,-62.62,-80.70,30592981,21052433,45.31,主要差異係因去年同期新完工個案「惠民143-1」完成產權移轉予客戶認列收入42億所致。。
2016/12,4488659,947687,13585606,373.64,-66.96,35081640,34638039,1.28,本月較去年同期減少主要差異係因去年12月新完工個案「光華段」、「金泰九」完成產權移轉予客戶認列收入所致。
2017/01,652578,4488659,873164,-85.46,-25.26,652578,873164,-25.26,-
2017/02,1271129,652578,4587363,94.78,-72.29,1923707,5460527,-64.77,主要差異係去年2月「開元二」、「惠民143-1」建案認列收入約38億所致。
2017/03,2007707,1271129,3670106,57.94,-45.29,3931414,9130633,-56.94,本年1~3月與去年同期主要差異係去年「開元二」、「金泰九」建案認列收入約61億所致。
2017/04,946750,2007707,1153250,-52.84,-17.90,4878164,10283883,-52.56,本年1~4月與去年同期主要差異係去年「開元二」、「金泰九」建案認列收入約64億所致。
2017/05,1168930,946750,1814531,23.46,-35.57,6047094,12098414,-50.01,本年1~5月與去年同期主要差異係去年「開元二」、「金泰九」建案認列收入約74億所致。
2017/06,870045,1168930,1531782,-25.56,-43.20,6917139,13630196,-49.25,-
2017/07,3374080,870045,6692438,287.80,-49.58,10291219,20322634,-49.36,-
2017/08,1544016,3374080,4998579,-54.23,-69.11,11835235,25321213,-53.25,本月及本年1-8月較去年同期減少，主要差異係去年度「漢中段」、「開元二」等建案認列收入所致。
2017/09,2019957,1544016,1788179,30.82,12.96,13855192,27109392,-48.89,-
2017/10,910790,2019957,2535902,-54.91,-64.08,14765982,29645294,-50.19,本月及本年1-10月較去年同期減少，主要差異系去年度「漢中段」、「開元二」等建案認列收入所致。
2017/11,1128053,910790,947687,23.85,19.03,15894035,30592981,-48.04,-
2017/12,2776013,1128053,4488659,146.08,-38.15,18670048,35081640,-46.78,-
2018/01,1684254,2776013,652578,-39.32,158.09,1684254,652578,158.09,本期較去年同期增加，主要差異係因本期「橋北段」、「深澳案」建案認列收入所致。
2018/02,1631974,1684254,1271129,-3.10,28.38,3316228,1923707,72.38,本期較去年同期，主要差異係因本期「橋北案」、「深澳案」建案認列收入所致。
2018/03,7307413,1631974,2007707,347.76,263.96,10623641,3931414,170.22,本期較去年同期增加，主要差異係因本期「橋北案」、「深澳案」、「淡海三」、「龍富二」建案認列收入所致。
2018/04,2253783,7307413,946750,-69.15,138.05,12877424,4878164,163.98,本期較去年同期增加，主要差異係因本期「真愛」、「信義城」、「海洋都心」、「文華匯」、「雙美館」建案認列收入所致。
2018/05,3305415,2253783,1168930,46.66,182.77,16182839,6047094,167.61,本期較去年同期增加，主要差異係因本期真愛、信義城、海洋都心、文華匯、双美舘建案認列收入所致。
2018/06,6632323,3305415,870045,100.65,662.29,22815162,6917139,229.83,主係本期真愛、信義城、NTC國家商貿中心、海洋都心、文華匯、双美舘、台北時代廣場、双湖匯等案認列收入。
2018/07,2121501,6632323,3374080,-68.01,-37.12,24936663,10291219,142.31,主係本期真愛、信義城、NTC國家商貿中心、海洋都心、文華匯、双美舘、台北時代廣場、双湖匯等案認列收入。
2018/08,2560875,2121501,1544016,20.71,65.85,27497538,11835235,132.33,主係本期真愛、信義城、NTC國家商貿中心、海洋都心、文華匯、双美舘、台北時代廣場、双湖匯等案認列收入。
2018/09,5479305,2560875,2019957,113.96,171.25,32976843,13855192,138.01,主係本期真愛、信義城、NTC國家商貿中心、海洋都心、文華匯、双美舘、台北時代廣場、双湖匯等案認列收入。
2018/10,2677192,5479305,910790,-51.13,193.94,35654035,14765982,141.46,主係本期真愛、信義城、NTC國家商貿中心、海洋都心、文華匯、双美舘、台北時代廣場、双湖匯等案認列收入。
2018/11,4100668,2677192,1128053,53.17,263.51,39754703,15894035,150.12,主係本期真愛、信義城、NTC國家商貿中心、海洋都心、文華匯、双美舘、台北時代廣場、双湖匯等案認列收入。
2018/12,4449997,4100668,2776013,8.51,60.30,44204700,18670048,136.76,主係本期真愛、信義城、NTC國家商貿中心、海洋都心、文華匯、双美舘、台北時代廣場、双湖匯等案認列收入。
2019/01,2048211,4449997,1684254,-53.97,21.60,2048211,1684254,21.60,-
2019/02,2538786,2048211,1631974,23.95,55.56,4586997,3316228,38.31,主係本期臻愛完工交屋認列收入。
2019/03,4392815,2538786,7307413,73.02,-39.88,8979812,10623641,-15.47,-
2019/04,1628741,4392815,2253783,-62.92,-27.73,10608553,12877424,-17.61,-
2019/05,1485213,1628741,3305415,-8.81,-55.06,12093766,16182839,-25.26,本月較去年同期減少，主要係去年度「NTC國家商貿中心」、「海洋都心」、「文華匯」等建案完工並完成產權移轉所致。
2019/06,1735250,1485213,6632323,16.83,-73.83,13829016,22815162,-39.38,本月較去年同期減少，主要係去年同期認列「雙湖匯」、「台北時代廣場」、「NTC國家商貿中心」等個案收入所致。
2019/07,1321186,1735250,2121501,-23.86,-37.72,15150202,24936663,-39.24,-
2019/08,605555,1321186,2560875,-54.16,-76.35,15755757,27497538,-42.70,本月較去年同期減少，主要係去年同期認列「雙湖匯」及「圓山一號院」等建案完工並完成產權移轉所致。
