﻿五福,	2745
日期,當月營收,上月營收,去年同月營收,MOM(%),YOY(%),當月累計營收,去年累計營收,累計YOY(%),Notes
2017/04,740618,399768,650561,85.26,13.84,2056492,1985139,3.59,-
2017/05,659950,740618,655978,-10.89,0.60,2716442,2641117,2.85,-
2017/06,539223,659950,573946,-18.29,-6.04,3255665,3215063,1.26,-
2017/07,714533,539223,597090,32.51,19.66,3970198,3812153,4.14,-
2017/08,556772,714533,489180,-22.07,13.81,4526970,4301333,5.24,-
2017/09,399717,556772,441511,-28.20,-9.46,4926687,4742843,3.87,-
2017/10,641843,399717,466396,60.57,37.61,5568530,5209240,6.89,-
2017/11,480639,641843,411523,-25.11,16.79,6049169,5620762,7.62,-
2017/12,338385,480639,265243,-29.59,27.57,6387554,5886006,8.52,-
2018/01,343154,338385,348118,1.40,-1.42,343154,348118,-1.42,-
2018/02,579930,343154,567988,68.99,2.10,923084,916106,0.76,-
2018/03,495416,579930,399768,-14.57,23.92,1418500,1315874,7.79,-
2018/04,722388,495416,740618,45.81,-2.46,2140888,2056492,4.10,-
2018/05,702445,722388,659950,-2.76,6.43,2843333,2716442,4.67,-
2018/06,617620,702445,539223,-12.07,14.53,3460953,3255665,6.30,-
2018/07,678981,617620,714533,9.93,-4.97,4139934,3970198,4.27,-
2018/08,569747,678981,556772,-16.08,2.33,4709681,4526970,4.03,-
2018/09,463601,569747,399717,-18.63,15.98,5173282,4926687,5.00,-
2018/10,479817,463601,641843,3.49,-25.24,5653099,5568530,1.51,-
2018/11,449373,479817,480639,-6.34,-6.50,6102472,6049169,0.88,-
2018/12,351600,449373,338385,-21.75,3.90,6454072,6387554,1.04,-
2019/01,418376,351600,343154,18.99,21.92,418376,343154,21.92,-
2019/02,637735,418376,579930,52.43,9.96,1056111,923084,14.41,-
2019/03,506947,637735,495416,-20.50,2.32,1563058,1418500,10.19,-
2019/04,599320,506947,722388,18.22,-17.03,2162378,2140888,1.00,-
2019/05,617586,599320,702445,3.04,-12.08,2779964,2843333,-2.22,-
2019/06,544811,617586,617620,-11.78,-11.78,3324775,3460953,-3.93,-
2019/07,633164,544811,678981,16.21,-6.74,3957939,4139934,-4.39,-
