﻿潤泰全,	2915
日期,當月營收,上月營收,去年同月營收,MOM(%),YOY(%),當月累計營收,去年累計營收,累計YOY(%),Notes
2015/01,530103,1126099,614800,-52.92,-13.77,530103,614800,-13.77,"本公司子公司為投資香港高鑫公司,認列投資收益,在財報上列為營業收入,因高鑫公司未對外公告,本公司子公司未能取得認列投資收益。"
2015/02,569495,530103,373758,7.43,52.36,1099598,988558,11.23,"本公司子公司為投資香港高鑫公司,認列投資收益,在財報上列為營業收入,因高鑫公司未對外公告,本公司子公司未能取得認列投資收益。"
2015/03,1604533,569495,1714749,181.74,-6.42,2704131,2703307,0.03,"本公司子公司為投資香港高鑫公司,認列投資收益,在財報上列為營業收入,因高鑫公司未對外公告,本公司子公司未能取得認列投資收益。"
2015/04,448034,1604533,480844,-72.07,-6.82,3152165,3184151,-1.00,"本公司子公司為投資香港高鑫公司,認列投資收益,在財報上列為營業收入,因高鑫公司未對外公告,本公司子公司未能取得認列投資收益。"
2015/05,501615,448034,532287,11.95,-5.76,3653780,3716438,-1.68,"本公司子公司為投資香港高鑫公司,認列投資收益,在財報上列為營業收入.因高鑫公司未對外公告,本公司子公司未能取得認列投資收益。"
2015/06,905281,501615,1050664,80.47,-13.83,4559061,4767102,-4.36,"本公司子公司投資香港高鑫公司,認列投資收益,在財報上列為營業收入,因高鑫公司未對外公告,故本公司子公司未能取得認列投資收益。"
2015/07,491454,905281,526500,-45.71,-6.65,5050515,5293602,-4.59,"本公司子公司投資香港高鑫公司,認列投資收益,在財報上列為營業收入,因高鑫公司未對外公告,故本公司子公司未能取得認列投資收益。"
2015/08,565955,491454,654959,15.15,-13.58,5616470,5948561,-5.58,"本公司子公司投資香港高鑫公司,認列投資收益,在財報上列為營業收入,因高鑫公司未對外公告,故本公司子公司未能取得認列投資收益。"
2015/09,1179846,565955,1106340,108.46,6.64,6796317,7054901,-3.66,"本公司子公司為投資香港高鑫公司,認列投資收益,在財報上列為營業收入.因高鑫公司未對外公告,本公司子公司未能取得認列投資收益。"
2015/10,439882,1179846,426359,-62.71,3.17,7236198,7481260,-3.27,"本公司子公司投資香港高鑫公司,認列投資收益,在財報上列為營業收入,因高鑫公司未對外公告,故本公司子公司未能取得認列投資收益。"
2015/11,410002,439882,437411,-6.79,-6.26,7646200,7918671,-3.44,"本公司子公司投資香港高鑫公司,認列投資收益,在財報上列為營業收入,因高鑫公司未對外公告,故本公司子公司未能取得認列投資收益。"
2015/12,895518,410002,1126099,118.41,-20.47,8541718,9044770,-5.56,-
2016/01,617786,895518,530103,-31.01,16.54,617786,530103,16.54,"本公司將子公司投資香港高鑫公司之投資收益列為營業收入,因高鑫公司尚未對外公告本季財務資訊,故本公司未列計是項投資收益。"
2016/02,530552,617786,569495,-14.12,-6.83,1148338,1099598,4.43,"本公司將子公司投資香港高鑫公司之投資收益列為營業收入,因高鑫公司尚未對外公告本季財務資訊,故本公司未列計是項投資收益。"
2016/03,1527007,530552,1604533,187.81,-4.83,2675345,2704131,-1.06,-
2016/04,428353,1527007,448034,-71.94,-4.39,3103698,3152165,-1.53,-
2016/05,522810,428353,501615,22.05,4.22,3626508,3653780,-0.74,"本公司將轉投資香港高鑫公司之投資收益列為營業收入,因本月該公司尚未對外公告本季財務資訊,故本公司尚未列計是項投資收益。"
2016/06,877614,522810,905281,67.86,-3.05,4504122,4559061,-1.20,-
2016/07,502280,877614,491454,-42.76,2.20,5006402,5050515,-0.87,-
2016/08,494267,502280,565955,-1.59,-12.66,5500669,5616470,-2.06,"本公司將轉投資香港高鑫公司之投資收益列為營業收入,因本月該公司尚未對外公告本季財務資訊,本公司於財報公告後調整是項投資收益"
2016/09,1225701,494267,1179846,147.98,3.88,6726370,6796316,-1.02,-
2016/10,420073,1225701,439882,-65.72,-4.50,7146443,7236198,-1.24,-
2016/11,393774,420073,410002,-6.26,-3.95,7540217,7646200,-1.38,"本公司將轉投資香港高鑫公司之投資收益列為營業收入,因本月該公司尚未對外公告本季財務資訊,本公司於財報公告後調整是項投資收益"
2016/12,914005,393774,895518,132.11,2.06,8454222,8541718,-1.02,-
2017/01,587843,914005,617786,-35.68,-4.84,587843,617786,-4.84,"本公司將轉投資香港高鑫公司之投資收益列為營業收入,因本月該公司尚未對外公告本季財務資訊,本公司於財報公告後調整是項投資收益"
2017/02,332870,587843,530552,-43.37,-37.25,920713,1148338,-19.82,"本公司將轉投資香港高鑫公司之投資收益列為營業收入,因本月該公司尚未對外公告本季財務資訊,本公司於財報公告後調整是項投資收益"
2017/03,1404845,332870,1527007,322.04,-8.00,2325558,2675345,-13.07,-
2017/04,400039,1404845,428353,-71.52,-6.60,2725597,3103698,-12.18,-
2017/05,494967,400039,522810,23.72,-5.32,3220564,3626508,-11.19,"本公司將轉投資香港高鑫公司之投資收益列為營業收入,因本月該公司尚未對外公告本季財務資訊,本公司於財報公告後調整是項投資收益"
2017/06,1137214,494967,877614,129.75,29.58,4357778,4504122,-3.24,-
2017/07,498237,1137214,502280,-56.18,-0.80,4856015,5006402,-3.00,-
2017/08,468847,498237,494267,-5.89,-5.14,5324862,5500669,-3.19,"本公司將轉投資香港高鑫公司之投資收益列為營業收入,因本月該公司尚未對外公告本季財務資訊,本公司於財報公告後調整是項投資收益"
2017/09,959993,468847,1225701,104.75,-21.67,6284855,6726370,-6.56,-
2017/10,432842,959993,420073,-54.91,3.03,6717697,7146443,-5.99,-
2017/11,402755,432842,393774,-6.95,2.28,7120452,7540217,-5.56,"本公司將轉投資香港高鑫公司之投資收益列為營業收入,因本月該公司尚未對外公告本季財務資訊,本公司於財報公告後調整是項投資收益"
2017/12,23923222,402755,914005,5839.89,2517.40,31043674,8454222,267.19,"本公司營業收入中含處分高鑫,吉鑫股權之第一次交割處分利益。"
2018/01,5518771,23923222,587843,-76.93,838.81,5518771,587843,838.81,本公司營業收入中含處分高鑫股權之第二次交割處分利益。
2018/02,508106,5518771,332870,-90.79,52.64,6026877,920713,554.58,本公司營業收入中含處分高鑫股權之第二次交割處分利益。
2018/03,371446,508106,1404845,-26.89,-73.55,6398323,2325558,175.13,本公司營業收入中含處分高鑫股權之第二次交割處分利益。
2018/04,379475,371446,400039,2.16,-5.14,6777798,2725597,148.67,本公司營業收入中含處分高鑫股權之第二次交割處分利益。
2018/05,450475,379475,494967,18.71,-8.98,7228273,3220564,124.44,本公司營業收入中含處分高鑫股權之第二次交割處分利益。
2018/06,464318,450475,1137214,3.07,-59.17,7692591,4357778,76.52,"本月差異係處分高鑫股權後喪失重大影響力不再以權益法認列高鑫損益所致,累計差異係本期包含處分高鑫股權之第二次交割處分利益"
2018/07,549547,464318,498237,18.35,10.29,8242138,4856015,69.73,累計差異係本期包含處分高鑫股權之第二次交割處分利益所致。
2018/08,537064,549547,468847,-2.27,14.54,8917650,5324862,67.47,累計差異係本期包含處分高鑫股權之第二次交割處分利益所致。
2018/09,490375,537064,959993,-8.69,-48.91,9408025,6284855,49.69,-
2018/10,375292,490375,432842,-23.46,-13.29,9783317,6717697,45.63,-
2018/11,356480,375292,402755,-5.01,-11.48,10139797,7120452,42.40,-
2018/12,356271,356480,23923222,-0.05,-98.51,10496068,31043674,-66.18,係因106/12含處分高鑫股權之第一次交割處分利益，及處分高鑫股權後喪失重大影響力不再以權益法認列高鑫損益，致本月及累計差異。
2019/01,366004,356271,5518771,2.73,-93.36,366004,5518771,-93.36,本公司107年1月營業收入中含處分高鑫股權之第二次交割處分利益所致。
2019/02,240961,366004,508106,-34.16,-52.57,606965,6026877,-89.92,係因合併個體興業建設於107/12月出售員林量販店後量販收入減少及107/01處分高鑫股權之第二次交割處分利益，致本月及累計差異。
