﻿鈊象,	3293
日期,當月營收,上月營收,去年同月營收,MOM(%),YOY(%),當月累計營收,去年累計營收,累計YOY(%),Notes
2015/01,112468,109854,109877,2.37,2.35,112468,109877,2.35,-
2015/02,100955,112468,114332,-10.23,-11.70,213423,224209,-4.81,-
2015/03,154443,100955,132505,52.98,16.55,367866,356714,3.12,-
2015/04,162270,154443,143121,5.06,13.37,530136,499835,6.06,-
2015/05,155085,162270,142539,-4.42,8.80,685221,642374,6.67,-
2015/06,160471,155085,135317,3.47,18.58,845692,777691,8.74,-
2015/07,162568,160471,144076,1.30,12.83,1008260,921767,9.38,-
2015/08,163625,162568,147541,0.65,10.90,1171885,1069308,9.59,-
2015/09,176535,163625,177542,7.88,-0.56,1348420,1246850,8.14,-
2015/10,168277,176535,140457,-4.67,19.80,1516697,1387307,9.32,-
2015/11,190783,168277,149110,13.37,27.94,1707480,1536417,11.13,-
2015/12,209820,190783,109854,9.97,90.99,1917300,1646271,16.46,本月增減百分比達50%以上，主要係商用遊戲機台及行動網路遊戲營收較去年同期大幅成長所致。
2016/01,271153,209820,112468,29.23,141.09,271153,112468,141.09,本月增減百分比達50%以上，主要係商用遊戲機台及行動網路遊戲營收較去年同期大幅成長所致。
2016/02,254589,271153,100955,-6.10,152.18,525742,213423,146.33,本月增減百分比達50%以上，主要係商用遊戲機台及行動網路遊戲營收較去年同期大幅成長所致。
2016/03,285997,254589,154443,12.33,85.17,811739,367866,120.66,本月及本年度增減百分比達50%以上，主要係商用遊戲機台及行動網路遊戲營收較去年同期大幅成長所致。
2016/04,329943,285997,162270,15.36,103.32,1141682,530136,115.35,本月及本年度增減百分比達50%以上，主要係商用遊戲機台及行動網路遊戲營收較去年同期大幅成長所致。
2016/05,298474,329943,155085,-9.53,92.45,1440156,685221,110.17,本月及本年度增減百分比達50%以上，主要係商用遊戲機台及行動網路遊戲營收較去年同期大幅成長所致。
2016/06,271475,298474,160471,-9.04,69.17,1711631,845692,102.39,本月及本年度增減百分比達50%以上，主要係商用遊戲機台及行動網路遊戲營收較去年同期大幅成長所致。
2016/07,300047,271475,162568,10.52,84.56,2011678,1008260,99.51,本月及本年度增減百分比達50%以上，主要係商用遊戲機台及行動網路遊戲營收較去年同期大幅成長所致。
2016/08,250102,300047,163625,-16.64,52.85,2261780,1171885,93.00,本月及本年度增減百分比達50%以上，主要係商用遊戲機台及行動網路遊戲營收較去年同期大幅成長所致。
2016/09,248529,250102,176535,-0.62,40.78,2510309,1348420,86.16,本年度增減百分比達50%以上，主要係商用遊戲機台及行動網路遊戲營收較去年同期大幅成長所致。
2016/10,254235,248529,168277,2.29,51.08,2764544,1516697,82.27,本月及本年度增減百分比達50%以上，主要係商用遊戲機台及行動網路遊戲營收較去年同期大幅成長所致。
2016/11,293989,254235,190783,15.63,54.09,3058533,1707480,79.12,本月及本年度增減百分比達50%以上，主要係商用遊戲機台及行動網路遊戲營收較去年同期大幅成長所致。
2016/12,261270,293989,209820,-11.12,24.52,3319803,1917300,73.14,本年度增減百分比達50%以上，主要係商用遊戲機台及行動網路遊戲營收較去年同期大幅成長所致。
2017/01,251554,261270,271153,-3.71,-7.22,251554,271153,-7.22,-
2017/02,236915,251554,254589,-5.81,-6.94,488469,525742,-7.08,-
2017/03,294923,236915,285997,24.48,3.12,783392,811739,-3.49,-
2017/04,300036,294923,329943,1.73,-9.06,1083428,1141682,-5.10,-
2017/05,282761,300036,298474,-5.75,-5.26,1366189,1440156,-5.13,-
2017/06,277399,282761,271475,-1.89,2.18,1643588,1711631,-3.97,-
2017/07,294878,277399,300047,6.30,-1.72,1938466,2011678,-3.63,-
2017/08,296497,294878,250102,0.54,18.55,2234963,2261780,-1.18,-
2017/09,288061,296497,248529,-2.84,15.90,2523024,2510309,0.50,-
2017/10,246480,288061,254235,-14.43,-3.05,2769504,2764544,0.17,-
2017/11,259193,246480,293989,5.15,-11.83,3028697,3058533,-0.97,-
2017/12,284997,259193,261270,9.95,9.08,3313694,3319803,-0.18,-
2018/01,202059,284997,251554,-29.10,-19.67,202059,251554,-19.67,-
2018/02,249640,202059,236915,23.54,5.37,451699,488469,-7.52,-
2018/03,271297,249640,294923,8.67,-8.01,722996,783392,-7.70,-
2018/04,230354,271297,300036,-15.09,-23.22,953350,1083428,-12.00,-
2018/05,254691,230354,282761,10.56,-9.92,1208041,1366189,-11.57,-
2018/06,250975,254691,277399,-1.45,-9.52,1459016,1643588,-11.22,-
2018/07,240164,250975,294878,-4.30,-18.55,1699180,1938466,-12.34,-
2018/08,257477,240164,296497,7.20,-13.16,1956657,2234963,-12.45,-
2018/09,229903,257477,288061,-10.70,-20.18,2186560,2523024,-13.33,-
2018/10,283605,229903,246480,23.35,15.06,2470165,2769504,-10.80,-
2018/11,286899,283605,259193,1.16,10.68,2757064,3028697,-8.96,-
2018/12,310054,286899,284997,8.07,8.79,3067118,3313694,-7.44,-
