﻿彬台,	3379
日期,當月營收,上月營收,去年同月營收,MOM(%),YOY(%),當月累計營收,去年累計營收,累計YOY(%),Notes
2015/01,17580,426654,26338,-95.87,-33.25,17580,26338,-33.25,-
2015/02,35297,17580,64337,100.77,-45.13,52877,90675,-41.68,-
2015/03,99046,35297,99615,180.60,-0.57,151923,190290,-20.16,-
2015/04,43541,99046,49691,-56.03,-12.37,195301,239980,-18.61,-
2015/05,73223,43541,130453,68.17,-43.87,268523,370433,-27.51,-
2015/06,123004,73223,135210,67.98,-9.02,391528,505643,-22.56,-
2015/07,38275,123004,48824,-68.88,-21.60,429116,554467,-22.60,-
2015/08,295993,38275,53334,673.33,454.97,725109,607801,19.30,茲因本月出售大陸宏全公司之食品級吹瓶機、充填機等大型相關設備所造成營業額遽然增加。
2015/09,92382,295993,138516,-68.78,-33.30,817491,746317,9.53,-
2015/10,71276,92382,35785,-22.84,99.17,891290,782102,13.96,茲因本公司新承接日本東洋生產線、印尼POKKA飲料線以及緬甸KHG之飲料充填線之以上工程所致。
2015/11,142415,71276,69571,99.80,104.70,1033705,851672,21.37,茲因本公司於本年度新承接日本東洋生產線、印尼POKKA飲料線以及緬甸KHG之飲料充填線之以上工程所致。
2015/12,106794,142415,466328,-25.01,-77.09,1140499,1318000,-13.46,主係因相關設備工程施工延滯，以致造成無法結案，故營業收入大幅下降。
2016/01,47331,106794,17580,-55.68,169.23,47331,17580,169.23,主因本公司於本月份認列印尼POKKA飲料線工程收入所致(依照完工百分比法認列)。
2016/02,19559,47331,35297,-58.67,-44.58,66890,52877,26.50,-
2016/03,81222,19559,98882,315.26,-17.85,149838,151759,-1.26,-
2016/04,59415,81222,43233,-26.84,37.42,209150,194993,7.26,-
2016/05,57766,59415,73223,-2.77,-21.10,266792,268215,-0.53,-
2016/06,48241,57766,122626,-16.48,-60.66,315032,390841,-19.39,主係因相關設備工程施工延滯，以致造成無法結案，故營業收入大幅下降。
2016/07,28702,48241,38275,-40.50,-25.01,343544,429116,-19.94,-
2016/08,17123,28702,295993,-40.34,-94.21,360667,725109,-50.26,"係因去年度收入有包含代理單機買賣案,金額為NT 258,300仟元，此乃去年單月營業收入偏高之主因，本月份則未有類似大筆結案。"
2016/09,69282,17123,93625,304.61,-26.00,429949,818734,-47.48,-
2016/10,55126,69282,71276,-20.43,-22.65,485636,891289,-45.51,-
2016/11,54477,55126,142415,-1.17,-61.74,540113,1033704,-47.74,主係因相關設備工程施工延滯，以致造成無法結案，故營業收入大幅下降。
2016/12,175966,54477,109261,223.00,61.05,716079,1142965,-37.34,主係因本月單機買賣案銷售增加所致
2017/01,8761,175966,49057,-95.02,-82.14,8761,49057,-82.14,主係因相關設備工程施工延滯及銷售零件買賣金額減少所致。
2017/02,12622,8761,19559,44.07,-35.46,21383,68616,-68.83,主係因相關設備工程施工延滯，以致造成無法結案，故營業收入大幅下降。
2017/03,71307,12622,80994,464.94,-11.96,92690,149610,-38.04,-
2017/04,22653,71307,59415,-68.23,-61.87,115164,209025,-44.90,主係因相關設備工程施工延滯，以致造成無法結案，故營業收入大幅下降。
2017/05,28693,22653,57766,26.66,-50.32,143857,266791,-46.07,主係因相關設備工程施工延滯，以致造成無法結案，故營業收入大幅下降。
2017/06,47274,28693,48051,64.75,-1.61,191131,314842,-39.29,-
2017/07,46820,47274,28702,-0.96,63.12,237722,343544,-30.80,"主係因106年7月認列福壽-全自動倉庫輸送系統案工程收入NTD 15,435,849元，以致本月份營業收入增加。"
2017/08,30604,46820,17123,-34.63,78.73,268326,360667,-25.60,主係因106年8月份認列上海南橋配管配電收入及宏全充填包裝線設備移機及福壽油脂調配等工程收入，以致本月份營業收入增加。
2017/09,84330,30604,69843,175.55,20.74,352656,430510,-18.08,-
2017/10,38958,84330,55125,-53.80,-29.32,391664,485635,-19.35,-
2017/11,25203,38958,54477,-35.30,-53.73,416874,540112,-22.81,主係因銷售零件買賣金額減少所致。
2017/12,204435,25203,182224,711.15,12.18,621308,722337,-13.98,-
2018/01,17335,204435,8761,-91.52,97.86,17335,8761,97.86,本年度1月份認列緬甸宏華包裝飲用水生產線工程收入所致
2018/02,19272,17335,12622,11.17,52.68,36608,21383,71.20,本年度2月份認列緬甸宏華吹灌旋一體機工程收入所致
2018/03,12297,19272,71128,-36.19,-82.71,48905,92511,-47.13,主係因本月大陸彬台機械(蘇州)有限公司銷售自產設備之營業額減少所致。
2018/04,38958,12297,22653,216.80,71.97,85902,115164,-25.40,主係因本月銷售設備及零件收入較去年同期增加所致。
2018/05,19271,38958,28693,-50.53,-32.83,105174,143857,-26.88,-
2018/06,43918,19271,47045,127.89,-6.64,149091,190902,-21.90,-
2018/07,32402,43918,46820,-26.22,-30.79,176393,237722,-25.79,-
2018/08,30835,32402,30604,-4.83,0.75,207227,268326,-22.77,-
2018/09,79048,30835,84380,156.35,-6.31,286275,352706,-18.83,-
2018/10,26563,79048,38965,-66.39,-31.82,318922,391671,-18.57,-
2018/11,63723,26563,25203,139.89,152.83,382645,416873,-8.21,主係因本公司本月增加PT.SARI ENESIS罐裝充填機結案，以致本月份營業收入增加。
2018/12,146652,63723,204148,130.13,-28.16,529297,621021,-14.76,-
2019/01,23559,146652,17335,-83.93,35.90,23559,17335,35.90,-
2019/02,31569,23559,19272,33.99,63.80,55128,36608,50.59,本年度 2月有銷售 ASAHI  LOIHEIN 充填輸送系統
2019/03,36304,31569,10337,14.99,251.20,91433,46945,94.76,主係本年度當期零件銷貨收入及工程收入較上期增加所致
2019/04,15855,36304,38958,-56.32,-59.30,112479,85902,30.93,係因本月銷貨收入較去年同期減少所致。
2019/05,28648,15855,19271,80.68,48.65,141127,105173,34.18,-
