﻿由田,	3455
日期,當月營收,上月營收,去年同月營收,MOM(%),YOY(%),當月累計營收,去年累計營收,累計YOY(%),Notes
2015/01,84877,182268,51307,-53.43,65.42,84877,51307,65.42,-
2015/02,54841,84877,13527,-35.38,305.41,139718,64834,115.50,-
2015/03,51939,54841,44856,-5.29,15.79,191657,109690,74.72,-
2015/04,72650,51939,58193,39.87,24.84,264307,167883,57.43,-
2015/05,123226,72650,111509,69.61,10.50,387533,279392,38.70,-
2015/06,132357,123226,164459,7.40,-19.51,519890,443851,17.13,-
2015/07,114617,132357,99283,-13.40,15.44,634507,543134,16.82,-
2015/08,106090,114617,210335,-7.43,-49.56,740597,753469,-1.70,本公司非屬消費性電子產業，每月營收波動大且無淡旺季或營收軌跡可參酌，本期營收較去年同期減少主係客戶要求交機時點差異所致。
2015/09,91024,106090,136645,-14.20,-33.38,831621,890114,-6.57,-
2015/10,115753,91024,240227,27.16,-51.81,947374,1130341,-16.18,本公司非屬消費性電子產業，每月營收波動大且無淡旺季或營收軌跡可參酌，本期營收較去年同期減少主係客戶要求交機時點差異所致。
2015/11,151642,115753,195941,31.00,-22.60,1099016,1326282,-17.13,-
2015/12,317986,151642,182268,109.69,74.46,1417002,1508550,-6.06,本公司非屬消費性電子產業，每月營收波動大且無淡旺季或營收軌跡可參酌，本期營收較去年同期增加主係客戶要求交機時點差異所致。
2016/01,47007,317986,84877,-85.21,-44.61,47007,84877,-44.61,-
2016/02,60154,47007,54841,27.96,9.68,107161,139718,-23.30,-
2016/03,132519,60154,51939,120.29,155.14,239680,191657,25.05,本公司非屬消費性電子產業，每月營收波動大且無淡旺季或營收軌跡可參酌，本期營收較去年同期增加主係客戶要求交機時點差異所致。
2016/04,33980,132519,72650,-74.35,-53.22,273660,264307,3.53,本公司非屬消費性電子產業，每月營收波動大且無淡旺季或營收軌跡可參酌，本期營收較去年同期減少主係客戶要求交機時點差異所致。
2016/05,96379,33980,123226,183.63,-21.78,370039,387533,-4.51,-
2016/06,105076,96379,132357,9.02,-20.61,475115,519890,-8.61,-
2016/07,156573,105076,114617,49.00,36.60,631688,634507,-0.44,-
2016/08,209099,156573,106090,33.54,97.09,840787,740597,13.52,本公司非屬消費性電子產業，每月營收波動大且無淡旺季或營收軌跡可參酌，本期營收較去年同期增加主係客戶要求交機時點差異所致。
2016/09,208230,209099,91024,-0.41,128.76,1049017,831621,26.14,本公司非屬消費性電子產業，每月營收波動大且無淡旺季或營收軌跡可參酌，本期營收較去年同期增加主係客戶要求交機時點差異所致。
2016/10,243023,208230,115753,16.70,109.94,1292040,947374,36.38,本公司非屬消費性電子產業，每月營收波動大且無淡旺季或營收軌跡可參酌，本期營收較去年同期增加主係客戶要求交機時點差異所致。
2016/11,351793,243023,151642,44.75,131.98,1643833,1099016,49.57,本公司非屬消費性電子產業，每月營收波動大且無淡旺季可參酌，本期營收較去年同期增加主係客戶要求交機且安裝完工時點差異所致。
2016/12,374649,351793,317986,6.49,17.81,2018482,1417002,42.44,-
2017/01,72274,374649,47007,-80.70,53.75,72274,47007,53.75,本公司非屬消費性電子產業，每月營收波動大且無淡旺季可參酌，本期營收較去年同期增加主係客戶要求交機且安裝完工時點差異所致。
2017/02,123699,72274,60154,71.15,105.63,195973,107161,82.87,本公司非屬消費性電子產業，每月營收波動大且無淡旺季可參酌，本期營收較去年同期增加主係客戶要求交機且安裝完工時點差異所致。
2017/03,207477,123699,132519,67.72,56.56,403450,239680,68.32,本公司非屬消費性電子產業，每月營收波動大且無淡旺季可參酌，本期營收較去年同期增加主係客戶要求交機且安裝完工時點差異所致。
2017/04,209393,207477,33980,0.92,516.22,612843,273660,123.94,本公司非屬消費性電子產業，每月營收波動大且無淡旺季可參酌，本期營收較去年同期增加主係客戶要求交機且安裝完工時點差異所致。
2017/05,290515,209393,96379,38.74,201.42,903358,370039,144.12,本公司非屬消費性電子產業，每月營收波動大且無淡旺季可參酌，本期營收較去年同期增加主係客戶要求交機且安裝完工時點差異所致。
2017/06,234811,290515,105076,-19.17,123.46,1138169,475115,139.55,本公司非屬消費性電子產業，每月營收波動大且無淡旺季可參酌，本期營收較去年同期增加主係客戶要求交機且安裝完工時點差異所致。
2017/07,201919,234811,156573,-14.00,28.96,1340088,631688,112.14,本公司非屬消費性電子產業，每月營收波動大且無淡旺季可參酌，本期營收較去年同期增加主係客戶要求交機且安裝完工時點差異所致。
2017/08,199848,201919,209099,-1.02,-4.42,1539936,840787,83.15,本公司非屬消費性電子產業，每月營收波動大且無淡旺季可參酌，本期營收較去年同期增加主係客戶要求交機且安裝完工時點差異所致。
2017/09,204898,199848,208230,2.52,-1.60,1744834,1049017,66.33,本公司非屬消費性電子產業，每月營收波動大且無淡旺季可參酌，本年累計營收較去年同期增加主係客戶機台安裝完工時點差異所致。
2017/10,275753,204898,243023,34.58,13.46,2020587,1292040,56.38,本公司非屬消費性電子產業，每月營收波動大且無淡旺季可參酌，本年累計營收較去年同期增加主係客戶機台安裝完工時點差異所致。
2017/11,360308,275753,351793,30.66,2.42,2380895,1643833,44.83,-
2017/12,425488,360308,374649,18.09,13.56,2806383,2018482,39.03,-
2018/01,136630,425488,72274,-67.88,89.04,136630,72274,89.04,本公司非屬消費性電子產業，每月營收波動大且無淡旺季可參酌，本期營收較去年同期增加主係客戶要求交機且安裝完工時點差異所致。
2018/02,113791,136630,123699,-16.71,-8.00,250421,195973,27.78,-
2018/03,187006,113791,207477,64.34,-9.86,437427,403450,8.42,-
2018/04,219186,187006,209393,17.20,4.67,656613,612843,7.14,-
2018/05,309926,219186,290515,41.39,6.68,966539,903358,6.99,-
2018/06,246002,309926,234811,-20.62,4.76,1212541,1138169,6.53,-
2018/07,248091,246002,201919,0.84,22.86,1460632,1340088,8.99,-
2018/08,248468,248091,199848,0.15,24.32,1709100,1539936,10.98,-
