﻿頂晶科,	3562
日期,當月營收,上月營收,去年同月營收,MOM(%),YOY(%),當月累計營收,去年累計營收,累計YOY(%),Notes
2015/01,62268,77433,228351,-19.58,-72.73,62268,228351,-72.73,-
2015/02,36133,62268,199567,-41.97,-81.89,98401,427918,-77.00,-
2015/03,105548,36133,232080,192.10,-54.52,203949,659998,-69.09,-
2015/04,87455,105548,288613,-17.14,-69.69,291404,948611,-69.28,-
2015/05,82576,87455,215195,-5.57,-61.62,373980,1163806,-67.86,-
2015/06,100667,82576,176781,21.90,-43.05,474647,1340587,-64.59,2015年因歐洲匯率下跌並大陸有因應歐洲雙反對策，基於以上原因及考量整合大環境之因素，故降低今年之訂單相較去年為低。
2015/07,66296,100667,162839,-34.14,-59.28,540943,1503426,-64.01,2015年因匯率波動並大陸有因應歐洲雙反對策及考量整合大境之因素，故公司今年之訂單相較去年為低。
2015/08,96092,66296,105997,44.94,-9.34,637035,1609423,-60.41,2015年因匯率波動並大陸有因應歐洲雙反對策及考量整合大境之因素，故公司今年之訂單相較去年為低。
2015/09,97694,96092,123313,1.66,-20.77,734729,1732736,-57.59,2015年因匯率波動並大陸有因應歐洲雙反對策及考量整合大境之因素，故公司今年之訂單相較去年為低。
2015/10,81334,97694,101860,-16.74,-20.15,816063,1834596,-55.51,2015年因匯率波動並大陸有因應歐洲雙反對策及考量整合大境之因素，故公司今年之訂單相較去年為低。
2015/11,87140,81334,116124,7.13,-24.95,903203,1950720,-53.69,015年因匯率波動並大陸有因應歐洲雙反對策及考量整合大境之因素，故公司今年之訂單相較去年為低。
2015/12,59259,87140,77433,-31.99,-23.47,962462,2028153,-52.54,2015年因匯率波動並大陸有因應歐洲雙反對策及考量整合大境之因素，故公司今年之訂單相較去年為低。
2016/01,31930,59259,62268,-46.11,-48.72,31930,62268,-48.72,-
2016/02,13737,31930,36133,-56.97,-61.98,45666,98401,-53.59,係因月底客戶延遲取貨以及適逢年假所致。
2016/03,21869,13737,105548,59.19,-79.28,67535,203949,-66.88,歐洲第1季市場需求量小及價格普遍偏低而美國亦因氣候因素影響以致系統裝置量低，故造成公司本月營收較去年下降許多
2016/04,11627,21869,87455,-46.83,-86.70,79162,291404,-72.83,本月以代工訂單為主，故相較去年同期營收比利下降許多
2016/05,11230,11627,82576,-3.41,-86.40,90392,373980,-75.82,本月以代工訂單為主，故相較去年同期營收比利下降許多
2016/06,15341,11230,100667,36.60,-84.76,105733,474647,-77.72,主要受太陽能價格影響及歐美市場太陽能需求下降經濟環境不佳所致
2016/07,13036,15341,66296,-15.02,-80.33,118769,540943,-78.04,主要受太陽能價格影響及歐美市場太陽能需求下降經濟環境不佳所致
2016/08,32080,13036,96092,146.08,-66.61,150849,637035,-76.32,主要受太陽能價格影響及歐美市場太陽能需求下降經濟環境不佳所致
2016/09,53712,32080,97694,67.43,-45.02,204561,734729,-72.15,主要受太陽能價格影響及歐美市場太陽能需求下降經濟環境不佳所致
2016/10,59235,53712,81334,10.28,-27.17,263796,816063,-67.67,主要受太陽能價格影響及歐美市場太陽能需求下降經濟環境不佳所致
2016/11,22311,59235,87140,-62.33,-74.39,286107,903203,-68.32,主要受太陽能價格影響及歐美市場太陽能需求下降經濟環境不佳所致
2016/12,15588,22311,59259,-30.13,-73.69,301695,962462,-68.65,主要受太陽能價格影響及歐美市場太陽能需求下降經濟環境不佳所致
2017/01,14549,15588,31930,-6.66,-54.43,14549,31930,-54.43,主要受太陽能價格影響及歐美市場太陽能需求下降經濟環境不佳所致
2017/02,4767,14549,13737,-67.23,-65.29,19316,45666,-57.70,主要受太陽能價格影響及歐美市場太陽能需求下降經濟環境不佳所致
2017/03,6475,4767,21869,35.82,-70.39,25791,67535,-61.81,主要受太陽能價格影響及歐美市場太陽能需求下降經濟環境不佳所致
2017/04,18258,6475,11627,181.97,57.03,44049,79162,-44.35,主要受太陽能價格影響及歐美市場太陽能需求下降經濟環境不佳所致
2017/05,15411,18258,11230,-15.59,37.23,59460,90392,-34.21,-
2017/06,30434,15411,15341,97.48,98.38,89894,105733,-14.98,本月營收主要為代工單較去年增加，但整體仍受太陽能價格影響及歐美市場太陽能需求影響所致
2017/07,71069,30434,13036,133.51,445.17,160963,118769,35.52,主要去年整體受太陽能價格影響及歐美市場需求下滑，今年公司以代工為主且訂單增加故造成本月營收較去年大幅上升。
2017/08,52894,71069,32080,-25.57,64.88,213858,150849,41.76,主要去年整體受太陽能價格影響及歐美市場需求下滑，今年公司以代工為主且訂單增加故造成本月營收較去年大幅上升。
2017/09,11251,52894,53712,-78.72,-79.05,225109,204561,10.04,主要因本月公司沒有模組貿易之銷售，僅有代工收入故造成本月營收較上個月下降。
2017/10,28880,11251,59235,156.68,-51.24,253989,263796,-3.71,本月以代工訂單為主，故相較去年同期營收下降
2017/11,38207,28880,22311,32.29,71.24,292196,286107,2.12,主要去年整體受太陽能價格影響及歐美市場需求下滑，今年公司以代工為主且訂單增加故造成本月營收較去年同期上升。
2017/12,48187,38207,15588,26.12,209.12,340383,301695,12.82,主要去年整體受太陽能價格影響及歐美市場需求下滑，今年公司以代工為主且訂單增加故造成本月營收較去年同期上升許多。
2018/01,47548,48187,14549,-1.32,226.81,47548,14549,226.81,主要1月代工相較去年增加且有部份商品貿易訂單故造成本月營收較去年同期上升。
2018/02,11453,47548,4767,-75.91,140.25,59001,19316,205.45,主要2月代工相較去年增加且有部份商品貿易訂單故造成本月營收較去年同期上升。
2018/03,66500,11453,6475,480.63,927.02,125501,25791,386.60,主要3月代工相較去年增加且有部份商品貿易訂單故造成本月營收較去年同期上升。
2018/04,37705,66500,18258,-43.30,106.51,163206,44049,270.51,主要4月代工相較去年增加且有部份商品貿易訂單及電費收入挹注，故造成本月營收較去年同期上升。
2018/05,46657,37705,15411,23.74,202.75,209863,59460,252.94,主要5月代工相較去年增加且有商品貿易訂單及電費收入挹注，故造成本月營收較去年同期上升。
2018/06,40552,46657,30434,-13.08,33.24,250415,89894,178.56,主要今年代工相較去年增加且有商品貿易訂單及電費收入挹注，故造成本年累計營收較去年同期上升。
2018/07,34692,40552,71069,-14.45,-51.18,285107,160963,77.12,主要去年同期有三角貿易訂單故營業收入較大。
2018/08,42802,34692,52894,23.37,-19.07,327909,213858,53.33,主要去年同期累計訂單量較小，今年訂單成長並有案場及售電收入注挹故營收較去年成長。
2018/09,13541,42802,11251,-68.36,20.35,341450,225109,51.68,主要去年同期累計訂單量較小，今年訂單成長並有案場及售電收入注挹故累計營收較去年成長。
2018/10,24452,13541,28880,80.57,-15.33,365902,253989,44.06,-
