﻿洋華,	3622
日期,當月營收,上月營收,去年同月營收,MOM(%),YOY(%),當月累計營收,去年累計營收,累計YOY(%),Notes
2015/01,352549,369755,425893,-4.65,-17.22,352549,425893,-17.22,-
2015/02,172976,352549,372283,-50.93,-53.53,525526,798176,-34.15,-
2015/03,328599,172976,601909,89.96,-45.40,854125,1400085,-38.99,-
2015/04,243380,328599,705633,-25.93,-65.50,1097505,2105718,-47.87,-
2015/05,151294,243380,594710,-37.83,-74.56,1248798,2700428,-53.75,-
2015/06,167652,151294,371728,10.81,-54.89,1416450,3072156,-53.89,"除持續受到大陸同業低價搶單,而採謹慎接單外,亦受到終端客戶業績成長趨緩所致"
2015/07,143227,167652,404859,-14.56,-64.62,1559677,3477015,-55.14,"除持續受到大陸同業低價搶單,而採謹慎接單外,亦受到終端客戶業績成長趨緩所致"
2015/08,111297,143227,344035,-22.29,-67.64,1670974,3821051,-56.26,"除持續受到大陸同業低價搶單,而採謹慎接單外,亦受到終端客戶業績成長趨緩所致"
2015/09,146714,111297,323321,31.82,-54.62,1817688,4144372,-56.14,"除持續受到大陸同業低價搶單,而採謹慎接單外,亦受到終端客戶業績成長趨緩所致"
2015/10,171802,146714,335697,17.09,-48.82,1989491,4480070,-55.59,"除持續受到大陸同業低價搶單,而採謹慎接單外,亦受到終端客戶業績成長趨緩所致"
2015/11,133384,171802,344070,-22.36,-61.23,2122875,4824139,-55.99,"除持續受到大陸同業低價搶單,而採謹慎接單外,亦受到終端客戶業績成長趨緩所致"
2015/12,115617,133384,369755,-13.32,-68.73,2238492,5193894,-56.90,"除持續受到大陸同業低價搶單,而採謹慎接單外,亦受到終端客戶業績成長趨緩所致"
2016/01,170129,115617,352549,47.14,-51.74,170129,352549,-51.74,"除持續受到大陸同業低價搶單,而採謹慎接單外,亦受到終端客戶業績成長趨緩所致"
2016/02,82987,170129,172976,-51.22,-52.02,253116,525526,-51.83,"除持續受到大陸同業低價搶單,而採謹慎接單外,亦受到終端客戶業績成長趨緩所致"
2016/03,181348,82987,328599,118.52,-44.81,434463,854125,-49.13,"除持續受到大陸同業低價搶單,而採謹慎接單外,亦受到終端客戶業績成長趨緩所致。"
2016/04,102379,181348,243380,-43.54,-57.93,536842,1097505,-51.08,"除持續受到大陸同業低價搶單,而採謹慎接單外,亦受到終端客戶業績成長趨緩所致。"
2016/05,84475,102379,151294,-17.48,-44.16,621317,1248798,-50.24,"除持續受到大陸同業低價搶單,而採謹慎接單外,亦受到終端客戶業績成長趨緩所致。"
2016/06,152057,84475,167652,80.00,-9.30,773374,1416450,-45.40,"除持續受到大陸同業低價搶單,而採謹慎接單外,亦受到終端客戶業績成長趨緩所致。"
2016/07,155539,152057,143227,2.28,8.59,928912,1559677,-40.44,"除持續受到大陸同業低價搶單,而採謹慎接單外,亦受到終端客戶業績成長趨緩所致。"
2016/08,139448,155539,111297,-10.34,25.29,1068361,1670974,-36.06,"除持續受到大陸同業低價搶單,而採謹慎接單外,亦受到終端客戶業績成長趨緩所致。"
2016/09,90160,139448,146714,-35.34,-38.54,1158520,1817688,-36.26,"除持續受到大陸同業低價搶單,而採謹慎接單外,亦受到終端客戶業績成長趨緩所致。"
2016/10,113619,90160,171802,26.01,-33.86,1272139,1989491,-36.05,"除持續受到大陸同業低價搶單,而採謹慎接單外,亦受到終端客戶業績成長趨緩所致。"
2016/11,88546,113619,133384,-22.06,-33.61,1360685,2122875,-35.90,"除持續受到大陸同業低價搶單,而採謹慎接單外,亦受到終端客戶業績成長趨緩所致。"
2016/12,96538,88546,115617,9.02,-16.50,1457223,2238492,-34.90,"除持續受到大陸同業低價搶單,而採謹慎接單外,亦受到終端客戶業績成長趨緩所致。"
2017/01,97284,96538,170129,0.77,-42.81,97284,170129,-42.81,-
2017/02,65359,97284,82987,-32.81,-21.24,162643,253116,-35.74,-
2017/03,73962,65359,181348,13.16,-59.21,236605,434463,-45.54,"主要係下游客戶銷售情形不佳, 新客戶開發效益尚未大幅顯現,致營業額受影響下滑."
2017/04,47261,73962,102379,-36.10,-53.83,283866,536842,-47.12,"主要係下游客戶銷售情形不佳, 新客戶開發效益尚未大幅顯現,致營業額受影響下滑."
2017/05,71950,47261,84475,52.23,-14.82,355816,621317,-42.73,-
2017/06,162393,71950,152057,125.70,6.79,518209,773374,-32.99,-
2017/07,81988,162393,155539,-49.51,-47.28,600197,928912,-35.38,-
2017/08,40977,81988,139448,-50.02,-70.61,641174,1068361,-39.98,光電產品由手機領域逐步轉至工業用電腦領域，轉型期間營業規模縮減，加上電線電纜產品出貨依客戶工程進度，當月份出貨量少所致。
2017/09,63319,40977,90160,54.52,-29.77,704493,1158520,-39.19,-
2017/10,47783,63319,113619,-24.53,-57.94,752276,1272139,-40.86,"光電產品由手機領域逐步轉至工業用電腦領域,轉型期間營業規模縮減,加上高壓電纜附屬器材依客戶工程進度,當月份出貨量少所致。"
2017/11,52582,47783,88546,10.04,-40.61,804858,1360685,-40.84,-
2017/12,91178,52582,96538,73.40,-5.55,896036,1457223,-38.51,-
2018/01,52261,91178,97284,-42.68,-46.27,52261,97284,-46.27,-
2018/02,62957,52261,65359,20.46,-3.67,115218,162643,-29.15,-
2018/03,37174,62957,73962,-40.95,-49.73,152392,236605,-35.59,-
2018/04,31156,37174,47261,-16.18,-34.07,183549,283866,-35.33,-
2018/05,42352,31156,71950,35.93,-41.13,225900,355816,-36.51,-
