﻿訊映,	4155
日期,當月營收,上月營收,去年同月營收,MOM(%),YOY(%),當月累計營收,去年累計營收,累計YOY(%),Notes
2016/12,105570,109318,83630,-3.42,26.23,1040725,858258,21.26,-
2017/01,97474,105570,83634,-7.66,16.54,97474,83634,16.54,-
2017/02,77820,97474,71142,-20.16,9.38,175294,154776,13.25,-
2017/03,115366,77820,83652,48.24,37.91,290660,238428,21.90,-
2017/04,117103,115366,69293,1.50,68.99,407762,307721,32.51,因美國及土耳其原有客戶銷售成長，以及非洲新客戶出貨所致。
2017/05,84639,117103,81541,-27.72,3.79,492402,389262,26.49,-
2017/06,137664,84639,96076,62.64,43.28,630066,485338,29.82,-
2017/07,97164,137664,88406,-29.41,9.90,727230,573745,26.75,-
2017/08,143057,97164,80458,47.23,77.80,870287,654203,33.03,因美國及非洲客戶銷售成長所致。
2017/09,103360,143057,81271,-27.74,27.17,973647,735474,32.38,-
2017/10,80991,103360,90363,-21.64,-10.37,1054638,825837,27.70,-
2017/11,87415,80991,109318,7.93,-20.03,1142053,935155,22.12,-
2017/12,91454,87415,105570,4.62,-13.37,1233507,1040725,18.52,-
2018/01,98435,91454,97474,7.63,0.98,98435,97474,0.98,-
2018/02,93293,98435,77820,-5.22,19.88,191728,175294,9.37,-
2018/03,103072,93293,115366,10.48,-10.65,294800,290660,1.42,-
2018/04,89339,103072,117103,-13.32,-23.70,384139,407762,-5.79,-
2018/05,58162,89339,84639,-34.89,-31.28,442300,492402,-10.17,-
2018/06,108781,58162,137664,87.03,-20.98,551081,630066,-12.53,-
2018/07,109899,108781,97164,1.02,13.10,660980,727230,-9.10,-
2018/08,81793,109899,143057,-25.57,-42.82,742773,870287,-14.65,-
2018/09,75093,81793,103360,-8.19,-27.34,817866,973647,-15.99,-
2018/10,111565,75093,80991,48.56,37.74,929432,1054638,-11.87,-
2018/11,81789,111565,87415,-26.68,-6.43,1011221,1142053,-11.45,-
2018/12,108612,81789,91454,32.79,18.76,1119833,1233507,-9.21,-
2019/01,88914,108612,98435,-18.13,-9.67,88914,98435,-9.67,-
2019/02,72125,88914,93293,-18.88,-22.68,161039,191728,-16.00,-
2019/03,120887,72125,103072,67.60,17.28,281926,294800,-4.36,-
2019/04,81757,120887,89339,-32.36,-8.48,363683,384139,-5.32,-
2019/05,110507,81757,58162,35.16,89.99,474190,442300,7.21,因美國及土耳其原有客戶銷售成長所致。
2019/06,101019,110507,108781,-8.58,-7.13,575210,551081,4.37,-
2019/07,82393,101019,109899,-18.43,-25.02,657603,660980,-0.51,-
2019/08,104753,82393,81793,27.13,28.07,762356,742773,2.63,-
