﻿健信,	4502
日期,當月營收,上月營收,去年同月營收,MOM(%),YOY(%),當月累計營收,去年累計營收,累計YOY(%),Notes
2015/01,77093,71795,62540,7.37,23.26,77093,62540,23.26,-
2015/02,49601,77093,52092,-35.66,-4.78,126694,114632,10.52,-
2015/03,88667,49601,72793,78.76,21.80,215360,187425,14.90,-
2015/04,71707,88667,69986,-19.12,2.45,287067,257411,11.52,-
2015/05,76843,71707,77831,7.16,-1.26,363911,335243,8.55,-
2015/06,193620,76843,75033,151.96,158.04,557532,410275,35.89,"取得蘇州源成鋁制品制造有限公司股權具有控制力,故從六月份起開始合併營收"
2015/07,162304,193620,79886,-16.17,103.16,719836,490161,46.85,取得蘇州源成鋁制品制造有限公司股權具有控制力，故從六月份起開始合併營收
2015/08,157008,162304,70155,-3.26,123.80,876844,560315,56.49,取得蘇州源成鋁制品制造有限公司股權具有控制力，故從六月份起開始合併營收
2015/09,161949,157008,77567,3.14,108.78,1038793,637883,62.85,取得蘇州源成鋁制品制造有限公司股權具有控制力，故從六月份起開始合併營收
2015/10,204541,161949,74227,26.29,175.56,1243334,712109,74.59,取得蘇州源成鋁制品制造有限公司股權具有控制力，故從六月份起開始合併營收
2015/11,207852,204541,70542,1.61,194.64,1451186,782651,85.41,取得蘇州源成鋁制品制造有限公司股權具有控制力，故從六月份起開始合併營收
2015/12,221545,207852,71795,6.58,208.57,1672731,854445,95.76,取得蘇州源成鋁制品制造有限公司股權具有控制力，故從六月份起開始合併營收
2016/01,220665,221545,77093,-0.39,186.23,220665,77093,186.23,取得蘇州源成鋁制品制造有限公司股權具有控制力，故從104年6月份起開始合併營收
2016/02,116347,220665,49601,-47.27,134.56,337012,126694,166.00,取得蘇州源成鋁制品制造有限公司股權具有控制力，故從104年6月份起開始合併營收
2016/03,195364,116347,88667,67.91,120.33,532376,215360,147.20,取得蘇州源成鋁制品制造有限公司股權具有控制力，故從104年6月份起開始合併營收
2016/04,142280,195364,71707,-27.17,98.41,674656,287067,135.01,取得蘇州源成鋁制品制造有限公司股權具有控制力，故從104年6月份起開始合併營收
2016/05,157622,142280,76843,10.78,105.12,832278,363911,128.70,取得蘇州源成鋁制品制造有限公司股權具有控制力，故從104年6月份起開始合併營收
2016/06,181190,157622,193620,14.95,-6.41,1013469,557532,81.77,取得蘇州源成鋁制品制造有限公司股權具有控制力，故從104年6月份起開始合併營收
2016/07,148219,181190,162304,-18.19,-8.67,1161688,719836,61.38,取得蘇州源成鋁制品制造有限公司股權具有控制力，故從104年6月份起開始合併營收
2016/08,176175,148219,157008,18.86,12.20,1337863,876844,52.57,取得蘇州源成鋁制品制造有限公司股權具有控制力，故從104年6月份起開始合併營收
2016/09,172620,176175,161949,-2.01,6.58,1510483,1038793,45.40,-
2016/10,174062,172620,204541,0.83,-14.90,1684545,1243334,35.48,-
2016/11,200159,174062,207852,14.99,-3.70,1884704,1451186,29.87,-
2016/12,228642,200159,221545,14.23,3.20,2113346,1672731,26.34,-
2017/01,213178,228642,220665,-6.76,-3.39,213178,220665,-3.39,-
2017/02,245088,213178,116347,14.96,110.65,458266,337012,35.97,因子公司蘇州源成鋁制品製造有限公司取得新訂單，出貨數增加，致使營業收入增加
2017/03,277319,245088,195364,13.15,41.94,735585,532376,38.17,-
2017/04,248526,277319,142280,-10.38,74.67,984111,674656,45.86,因子公司蘇州源成鋁制品製造有限公司取得新訂單，出貨數增加，致使營業收入增加
2017/05,322406,248526,157622,29.72,104.54,1306517,832278,56.98,因子公司蘇州源成鋁制品製造有限公司取得新訂單，出貨數增加，致使營業收入增加
2017/06,240498,322406,181190,-25.40,32.73,1547014,1013469,52.64,因子公司蘇州源成鋁制品製造有限公司取得新訂單，出貨數增加，致使營業收入增加
2017/07,229363,240498,148219,-4.62,54.74,1776377,1161688,52.91,因子公司蘇州源成鋁制品製造有限公司取得新訂單，出貨數增加，致使營業收入增加
2017/08,206870,229363,176175,-9.80,17.42,1983246,1337863,48.23,-
2017/09,235324,206870,172620,13.75,36.32,2218570,1510483,46.87,-
2017/10,207584,235324,174062,-11.78,19.25,2426155,1684545,44.02,-
2017/11,232336,207584,200159,11.92,16.07,2658491,1884704,41.05,-
2017/12,198532,232336,228642,-14.54,-13.16,2857023,2113346,35.18,-
2018/01,236231,198532,213178,18.98,10.81,236231,213178,10.81,-
2018/02,176967,236231,245088,-25.08,-27.79,413198,458266,-9.83,-
2018/03,251239,176967,277319,41.96,-9.40,664437,735585,-9.67,-
2018/04,227323,251239,248526,-9.51,-8.53,891759,984111,-9.38,-
2018/05,224156,227323,322406,-1.39,-30.47,1115916,1306517,-14.58,-
2018/06,242233,224156,240498,8.06,0.72,1358149,1547014,-12.20,-
