﻿天瀚,	6225
日期,當月營收,上月營收,去年同月營收,MOM(%),YOY(%),當月累計營收,去年累計營收,累計YOY(%),Notes
2015/01,14378,11939,12804,20.42,12.29,14378,12804,12.29,-
2015/02,9615,14378,6721,-33.12,43.05,23993,19525,22.88,-
2015/03,11274,9615,3604,17.25,212.81,35267,23129,52.47,-
2015/04,9507,11274,13291,-15.67,-28.47,44774,36420,22.93,-
2015/05,8223,9507,16668,-13.50,-50.66,52997,53088,-0.17,-
2015/06,3316,8223,10913,-59.67,-69.61,56313,64001,-12.01,因新產品的供貨及設計問題尚未能解決，致使預期銷量未能達成。
2015/07,8208,3316,12132,147.52,-32.34,64521,76133,-15.25,-
2015/08,7266,8208,16917,-11.47,-57.04,71787,93051,-22.85,因新產品的供貨及設計問題尚未能解決，致使預期銷量未能達成。
2015/09,4493,7266,11520,-38.16,-60.99,76279,104571,-27.05,本公司因資金問題，無法向代工廠取回成品，導致部分客戶取消訂單或延遲交貨
2015/10,1707,4493,11887,-62.00,-85.63,77987,116458,-33.03,本公司因資金問題，無法向代工廠取回成品，導致部分客戶取消訂單或延遲交貨。
2015/11,14,1707,13864,-99.17,-99.89,78001,130322,-40.14,本公司因資金問題，無法向代工廠取回成品，導致部分客戶取消訂單或延遲交貨。
2015/12,4781,14,11939,34050.00,-59.95,82782,142261,-41.80,因代工廠生產效率不佳，導致產品不斷延期交貨，錯失了黃金銷售時間，目前已協調改善方式，以提高供貨效率。
2016/01,5332,4781,14378,11.52,-62.91,5332,14378,-62.91,因代工廠生產效率不佳，導致產品不斷延期交貨，錯失了黃金銷售時間，目前已協調改善方式，以提高供貨效率。
2016/02,104,5332,9615,-98.04,-98.91,5436,23993,-77.34,因代工廠生產效率不佳，導致產品不斷延期交貨，錯失了黃金銷售時間，目前已協調改善方式，以提高供貨效率。
2016/03,4757,104,11274,4474.03,-57.80,10193,35267,-71.09,因代工廠生產效率不佳，導致產品不斷延期交貨，錯失了黃金銷售時間，目前已協調改善方式，以提高供貨效率。
2016/04,616,4757,9507,-87.05,-93.52,10809,44774,-75.85,因代工廠生產效率不佳，導致產品不斷延期交貨，錯失了黃金銷售時間，目前已協調改善方式，以提高供貨效率。
2016/05,2848,616,8223,362.33,-65.36,13657,52997,-74.23,因代工廠生產效率不佳，導致產品不斷延期交貨，錯失了黃金銷售時間，目前已協調改善方式，以提高供貨效率。
2016/06,2114,2848,3316,-25.77,-36.24,15771,56313,-71.99,因代工廠生產效率不佳，導致產品不斷延期交貨，錯失了黃金銷售時間，目前已協調改善方式，以提高供貨效率。
2016/07,0,2114,8208,-100.00,-100.00,15771,64521,-75.55,因代工廠生產效率不佳，導致產品不斷延期交貨，錯失了黃金銷售時間，目前已協調改善方式，以提高供貨效率。
2016/08,2699,0,7266,,-62.85,18470,71787,-74.27,因代工廠生產效率不佳，導致產品不斷延期交貨，錯失了黃金銷售時間，目前已協調改善方式，以提高供貨效率。
2016/09,66,2699,4493,-97.55,-98.53,18536,76279,-75.69,因代工廠生產效率不佳，導致產品不斷延期交貨，錯失了黃金銷售時間，目前已協調改善方式，以提高供貨效率。
2016/10,484,66,1707,633.33,-71.64,19020,77987,-75.61,因代工廠生產效率不佳，導致產品不斷延期交貨，錯失了黃金銷售時間，目前已協調改善方式，以提高供貨效率。
2016/11,0,484,14,-100.00,-100.00,19020,78001,-75.61,因代工廠生產效率不佳，導致產品不斷延期交貨，錯失了黃金銷售時間，目前已協調改善方式，以提高供貨效率。
2016/12,221,0,4781,,-95.37,19241,82782,-76.75,因代工廠生產效率不佳，導致產品不斷延期交貨，錯失了黃金銷售時間，目前已協調改善方式，以提高供貨效率。
2017/01,68,221,5332,-69.23,-98.72,68,5332,-98.72,因舊型號機種漸漸被市場淘汰，新型號行車紀錄器剛上市，尚待市場發酵。
2017/02,99,68,104,45.58,-4.80,168,5436,-96.90,因舊型號機種漸漸被市場淘汰，新型號行車紀錄器剛上市，尚待市場發酵。
2017/03,401,99,4757,305.05,-91.57,568,10193,-94.42,因舊型號機種漸漸被市場淘汰，新型號行車紀錄器剛上市，尚待市場發酵。
2017/04,155,401,616,-61.34,-74.83,723,10809,-93.31,因舊型號機種漸漸被市場淘汰，新型號行車紀錄器剛上市，尚待市場發酵。
2017/05,60,155,2848,-61.29,-97.89,783,13657,-94.26,因舊型號機種漸漸被市場淘汰，新型號行車紀錄器剛上市，尚待市場發酵。
2017/06,265,60,2114,341.66,-87.46,1048,15771,-93.35,因舊型號機種漸漸被市場淘汰，新型號行車紀錄器剛上市，尚待市場發酵。
2017/07,0,265,0,-100.00,,1048,15771,-93.35,因舊型號機種漸漸被市場淘汰，新型號行車紀錄器剛上市，尚待市場發酵。
2017/08,224,0,2699,,-91.70,1272,18470,-93.11,因舊型號機種漸漸被市場淘汰，新型號行車紀錄器剛上市，尚待市場發酵。
2017/09,188,224,66,-16.07,184.84,1460,18536,-92.12,因舊型號機種漸漸被市場淘汰，新型號行車紀錄器剛上市，尚待市場發酵。
2017/10,114,188,484,-39.36,-76.44,1575,19020,-91.71,因舊型號機種漸漸被市場淘汰，新型號行車紀錄器剛上市，尚待市場發酵。
2017/11,196,114,0,71.92,,1771,19020,-90.68,因舊型號機種漸漸被市場淘汰，新型號行車紀錄器剛上市，尚待市場發酵。
2017/12,376,196,221,91.83,70.13,2146,19241,-88.84,因舊型號機種漸漸被市場淘汰，新型號行車紀錄器剛上市，尚待市場發酵。
2018/01,229,376,68,-39.09,236.76,229,68,236.76,因新型號行車紀錄器之市場效果逐漸發酵所致。
2018/02,263,229,99,14.84,165.65,492,168,192.85,因舊型號機種漸漸被市場淘汰，新型號行車紀錄器剛上市，尚待市場發酵。
2018/03,476,263,401,80.98,18.70,968,568,70.42,因舊型號機種漸漸被市場淘汰，新型號行車紀錄器剛上市，尚待市場發酵。
2018/04,618,476,155,29.83,298.70,1586,723,119.36,因舊型號機種漸漸被市場淘汰，新型號行車紀錄器剛上市，尚待市場發酵。
2018/05,574,618,60,-7.11,856.66,2160,783,175.86,因舊型號機種漸漸被市場淘汰，新型號行車紀錄器剛上市，尚待市場發酵
2018/06,703,574,265,22.47,165.28,2862,1048,173.09,因舊型號機種漸漸被市場淘汰，新型號行車紀錄器剛上市，尚待市場發酵。
2018/07,808,702,0,15.09,,3670,1048,250.19,因舊型號機種漸漸被市場淘汰，新型號行車紀錄器剛上市，尚待市場發酵。
2018/08,960,808,224,18.81,328.57,4630,1272,263.99,因舊型號機種漸漸被市場淘汰，新型號行車紀錄器剛上市，尚待市場發酵。
