﻿維田,	6570
日期,當月營收,上月營收,去年同月營收,MOM(%),YOY(%),當月累計營收,去年累計營收,累計YOY(%),Notes
2016/12,43791,45193,44524,-3.10,-1.64,564101,545779,3.35,-
2017/01,38413,43791,51681,-12.28,-25.67,38413,51681,-25.67,-
2017/02,46145,38413,41598,20.12,10.93,84558,93279,-9.34,-
2017/03,61544,46145,49804,33.37,23.57,146102,143083,2.10,-
2017/04,45336,61544,55563,-26.33,-18.40,191438,198646,-3.62,-
2017/05,45439,45336,36616,0.22,24.09,236877,235262,0.68,-
2017/06,55168,45439,50730,21.41,8.74,292045,285992,2.11,-
2017/07,46526,55168,45583,-15.66,2.06,338571,331575,2.10,-
2017/08,47374,46526,61179,1.82,-22.56,385945,392754,-1.73,-
2017/09,50114,47374,40542,5.78,23.61,436059,433296,0.63,-
2017/10,38419,50114,41821,-23.33,-8.13,474478,475117,-0.13,-
2017/11,46541,38419,45193,21.14,2.98,521019,520310,0.13,-
2017/12,46718,46541,43791,0.38,6.68,567737,564101,0.64,-
2018/01,50679,46718,38413,8.47,31.93,50679,38413,31.93,-
2018/02,42318,50679,46145,-16.49,-8.29,92997,84558,9.98,-
2018/03,52802,42318,61544,24.77,-14.20,145799,146102,-0.20,-
2018/04,47683,52802,45336,-9.69,5.17,193482,191438,1.06,-
2018/05,46210,47683,45439,-3.08,1.69,239692,236877,1.18,-
2018/06,61169,46210,55168,32.37,10.87,300861,292045,3.01,-
2018/07,51199,61169,46526,-16.29,10.04,352060,338571,3.98,-
2018/08,50010,51199,47374,-2.32,5.56,402070,385945,4.17,-
2018/09,39764,50010,50114,-20.48,-20.65,441834,436059,1.32,-
2018/10,57193,39764,38419,43.83,48.86,499027,474478,5.17,-
2018/11,63274,57193,46541,10.63,35.95,562301,521019,7.92,-
2018/12,70261,63274,46718,11.04,50.39,632562,567737,11.41,本月營收增加百分比達50%以上，主係設計費收入結案。
2019/01,68025,70261,50679,-3.18,34.22,68025,50679,34.22,-
2019/02,51783,68025,42318,-23.87,22.36,119808,92997,28.82,-
2019/03,67921,51783,52802,31.16,28.63,187729,145799,28.75,-
2019/04,71463,67921,47683,5.21,49.87,259192,193482,33.96,-
2019/05,79078,71463,46210,10.65,71.12,338270,239692,41.12,專案出貨增加所致
2019/06,61718,79078,61169,-21.95,0.89,399988,300861,32.94,-
2019/07,49843,61718,51199,-19.24,-2.64,449831,352060,27.77,-
2019/08,58028,49843,50010,16.42,16.03,507859,402070,26.31,-
