﻿中揚光,	6668
日期,當月營收,上月營收,去年同月營收,MOM(%),YOY(%),當月累計營收,去年累計營收,累計YOY(%),Notes
2018/11,103568,77649,92516,33.37,11.94,1120100,908673,23.26,-
2018/12,75052,103568,97428,-27.53,-22.96,1195152,1006101,18.79,-
2019/01,73547,75052,71996,-2.00,2.15,73547,71996,2.15,-
2019/02,59101,73547,42521,-19.64,38.99,132648,114517,15.83,-
2019/03,132887,59101,95940,124.84,38.51,265535,210457,26.17,-
2019/04,72303,132887,81678,-45.59,-11.47,337838,292135,15.64,-
2019/05,90454,72303,102717,25.10,-11.93,428292,394852,8.46,-
2019/06,129329,90454,154424,42.97,-16.25,557621,549276,1.51,-
2019/07,108367,129329,148583,-16.20,-27.06,665988,697859,-4.56,-
2019/08,164902,108367,114333,52.16,44.22,830890,812192,2.30,-
