﻿復盛應用,	6670
日期,當月營收,上月營收,去年同月營收,MOM(%),YOY(%),當月累計營收,去年累計營收,累計YOY(%),Notes
2018/11,1676074,1288344,1469196,30.09,14.08,14282946,12352982,15.62,-
2018/12,1483700,1676074,1769820,-11.47,-16.16,15766646,14122802,11.63,-
2019/01,1840667,1483700,1694583,24.05,8.62,1840667,1694583,8.62,-
2019/02,962161,1840667,1083514,-47.72,-11.19,2802828,2778097,0.89,-
2019/03,1408730,962161,1437578,46.41,-2.00,4211558,4215675,-0.09,-
2019/04,1009085,1408730,1366820,-28.36,-26.17,5220643,5582495,-6.48,-
2019/05,1253949,1009085,1110776,24.26,12.88,6474592,6693271,-3.26,-
2019/06,1354736,1253949,1122242,8.03,20.71,7829328,7815513,0.17,-
2019/07,1288173,1354736,1109292,-4.91,16.12,9117501,8924805,2.15,-
2019/08,1582664,1288173,1121923,22.86,41.06,10700165,10046728,6.50,-
