﻿台虹,	8039
日期,當月營收,上月營收,去年同月營收,MOM(%),YOY(%),當月累計營收,去年累計營收,累計YOY(%),Notes
2015/01,756210,806855,861722,-6.27,-12.24,756210,861722,-12.24,自結數尚未經會計師簽證 ，特此說明。
2015/02,524203,756210,673782,-30.68,-22.19,1280414,1535504,-16.61,自結數尚未經會計師簽證 ，特此說明。
2015/03,624374,524203,663166,19.10,-5.84,1904788,2198670,-13.36,自結數尚未經會計師簽證 ，特此說明。
2015/04,734621,624374,831269,17.65,-11.62,2639409,3029939,-12.88,自結數尚未經會計師簽證 ，特此說明。
2015/05,819324,734621,910451,11.53,-10.00,3458732,3940391,-12.22,自結數尚未經會計師簽證 ，特此說明。
2015/06,892506,819324,927394,8.93,-3.76,4351238,4867785,-10.61,自結數尚未經會計師簽證 ，特此說明。
2015/07,960916,892506,933084,7.66,2.98,5312154,5800869,-8.42,自結數尚未經會計師簽證 ，特此說明。
2015/08,1019246,960916,932040,6.07,9.35,6331401,6732908,-5.96,自結數尚未經會計師簽證 ，特此說明。
2015/09,1027338,1019246,906984,0.79,13.26,7358738,7639892,-3.68,自結數尚未經會計師簽證 ，特此說明。
2015/10,983346,1027338,882957,-4.28,11.36,8342084,8522849,-2.12,自結數尚未經會計師簽證 ，特此說明。
2015/11,1002197,983346,798016,1.91,25.58,9344281,9320865,0.25,自結數尚未經會計師簽證 ，特此說明。
2015/12,923587,1002197,806855,-7.84,14.46,10267868,10127720,1.38,自結數尚未經會計師簽證 ，特此說明。
2016/01,940825,923587,756210,1.86,24.41,940825,756210,24.41,自結數尚未經會計師簽證 ，特此說明。
2016/02,552053,940825,524203,-41.32,5.31,1492878,1280414,16.59,自結數尚未經會計師簽證 ，特此說明。
2016/03,790447,552053,624374,43.18,26.59,2283325,1904788,19.87,自結數尚未經會計師簽證 ，特此說明。
2016/04,900874,790447,734621,13.97,22.63,3184199,2639409,20.64,自結數尚未經會計師簽證 ，特此說明。
2016/05,888042,900874,819324,-1.42,8.38,4072241,3458732,17.73,自結數尚未經會計師簽證 ，特此說明。
2016/06,833461,888042,892506,-6.14,-6.61,4905702,4351238,12.74,自結數尚未經會計師簽證 ，特此說明。
2016/07,764524,833461,960916,-8.27,-20.43,5670226,5312154,6.74,自結數尚未經會計師簽證 ，特此說明。
2016/08,840874,764524,1019246,9.98,-17.50,6511100,6331401,2.83,自結數尚未經會計師簽證 ，特此說明。
2016/09,834615,840874,1027338,-0.74,-18.75,7345715,7358738,-0.17,自結數尚未經會計師簽證 ，特此說明。
2016/10,860909,834615,983346,3.15,-12.45,8206624,8342084,-1.62,自結數尚未經會計師簽證 ，特此說明。
2016/11,1073002,860909,1002197,24.63,7.06,9279626,9344281,-0.69,自結數尚未經會計師簽證 ，特此說明。
2016/12,1004354,1073002,923587,-6.39,8.74,10283979,10267868,0.15,自結數尚未經會計師簽證 ，特此說明。
2017/01,770223,1004354,940825,-23.31,-18.13,770223,940825,-18.13,自結數尚未經會計師簽證 ，特此說明。
2017/02,724258,770223,552053,-5.96,31.19,1494482,1492878,0.10,自結數尚未經會計師簽證 ，特此說明。
2017/03,818175,724258,790447,12.96,3.50,2312657,2283325,1.28,自結數尚未經會計師簽證 ，特此說明。
2017/04,902792,818175,900874,10.34,0.21,3215449,3184199,0.98,自結數尚未經會計師簽證 ，特此說明。
2017/05,911871,902792,888042,1.00,2.68,4127320,4072241,1.35,自結數尚未經會計師簽證 ，特此說明。
2017/06,962150,911871,833461,5.51,15.44,5089470,4905702,3.74,自結數尚未經會計師簽證 ，特此說明。
2017/07,951013,962150,764524,-1.15,24.39,6040483,5670226,6.52,自結數尚未經會計師簽證 ，特此說明。
2017/08,1117294,951013,840874,17.48,32.87,7157777,6511100,9.93,自結數尚未經會計師簽證，特此說明。
2017/09,1156009,1117294,834615,3.46,38.50,8313786,7345715,13.17,自結數尚未經會計師簽證，特此說明。
2017/10,1001650,1156009,860909,-13.35,16.34,9315436,8206624,13.51,自結數尚未經會計師簽證，特此說明。
2017/11,955231,1001650,1073002,-4.63,-10.97,10270667,9279626,10.67,自結數尚未經會計師簽證，特此說明。
2017/12,922225,955231,1004354,-3.45,-8.17,11192892,10283979,8.83,自結數尚未經會計師簽證，特此說明。
2018/01,807259,922225,770223,-12.46,4.80,807259,770223,4.80,自結數尚未經會計師簽證 ，特此說明。
2018/02,519787,807259,724258,-35.61,-28.23,1327046,1494482,-11.20,自結數尚未經會計師簽證 ，特此說明。
2018/03,672540,519787,818175,29.38,-17.79,1999586,2312657,-13.53,自結數尚未經會計師簽證，特此說明。
2018/04,696570,672540,902792,3.57,-22.84,2696156,3215449,-16.14,自結數尚未經會計師簽證，特此說明。
2018/05,854925,696570,911871,22.73,-6.24,3551081,4127320,-13.96,自結數尚未經會計師簽證，特此說明。
2018/06,834072,854925,962150,-2.43,-13.31,4385153,5089470,-13.83,自結數尚未經會計師簽證 ，特此說明。
2018/07,963165,834072,951013,15.47,1.27,5348318,6040483,-11.45,自結數尚未經會計師簽證，特此說明。
2018/08,930818,963165,1117294,-3.35,-16.68,6279136,7157777,-12.27,自結數尚未經會計師簽證，特此說明。
2018/09,954180,930818,1156009,2.50,-17.45,7233316,8313786,-12.99,自結數尚未經會計師簽證，特此說明。
2018/10,918794,954180,1001650,-3.70,-8.27,8152110,9315436,-12.48,自結數尚未經會計師簽證，特此說明。
2018/11,883784,918794,955231,-3.81,-7.47,9035894,10270667,-12.02,自結數尚未經會計師簽證，特此說明。
2018/12,607157,883784,922225,-31.30,-34.16,9643051,11192892,-13.84,自結數尚未經會計師簽證，特此說明。
2019/01,489703,607157,807259,-19.34,-39.33,489703,807259,-39.33,自結數尚未經會計師簽證，特此說明。
