﻿翔名,	8091
日期,當月營收,上月營收,去年同月營收,MOM(%),YOY(%),當月累計營收,去年累計營收,累計YOY(%),Notes
2015/01,97011,94490,99914,2.66,-2.90,97011,99914,-2.90,-
2015/02,163527,97011,79522,68.56,105.63,260538,179437,45.19,-
2015/03,181235,163527,104570,10.82,73.31,441773,284006,55.55,-
2015/04,118727,181235,100008,-34.49,18.71,560501,384014,45.95,-
2015/05,191391,118727,108352,61.20,76.63,751891,492367,52.70,-
2015/06,259079,191391,118929,35.36,117.84,1010970,611295,65.38,主因合併營收增加子公司寶虹營收
2015/07,172894,259079,119807,-33.26,44.31,1183864,731102,61.92,主因合併營收增加子公司寶虹營收
2015/08,246953,172894,121179,42.83,103.79,1430816,852280,67.88,主因合併營收增加子公司寶虹營收
2015/09,176026,246953,101018,-28.72,74.25,1606843,953299,68.55,主因合併營收增加子公司寶虹營收
2015/10,227635,176026,130109,29.31,74.95,1834478,1083408,69.32,主因合併營收增加子公司寶虹營收
2015/11,380606,227635,116223,67.20,227.47,2215084,1199632,84.64,主因合併營收增加子公司寶虹營收
2015/12,334382,380606,94490,-12.14,253.88,2549466,1294121,97.00,主因合併營收增加子公司寶虹營收
2016/01,244276,334382,97011,-26.94,151.80,244276,97011,151.80,主因合併營收增加子公司寶虹營收
2016/02,202672,244276,163527,-17.03,23.93,446948,260538,71.54,主因合併營收增加子公司寶虹營收
2016/03,170234,202672,181235,-16.00,-6.07,617182,441773,39.70,-
2016/04,162134,170234,118727,-4.75,36.56,779316,560501,39.03,主因合併營收增加子公司寶虹營收
2016/05,200673,162134,191391,23.76,4.84,979989,751891,30.33,主因合併營收增加子公司寶虹營收
2016/06,229056,200673,259079,14.14,-11.58,1209045,1010970,19.59,主因合併營收增加子公司寶虹營收
2016/07,188969,229056,172894,-17.50,9.29,1398014,1183864,18.08,主因合併營收增加子公司寶虹營收
2016/08,161795,188969,246953,-14.38,-34.48,1559809,1430816,9.01,主因合併營收增加子公司寶虹營收
2016/09,256751,161795,176026,58.68,45.85,1816560,1606843,13.05,主因合併營收增加子公司寶虹營收
2016/10,186010,256751,227635,-27.55,-18.28,2002570,1834478,9.16,主因合併營收增加子公司寶虹營收
2016/11,176363,186010,380606,-5.18,-53.66,2178933,2215084,-1.63,主因104年同期子公司半導體設備集中出貨所致
2016/12,180382,176363,334382,2.27,-46.05,2359315,2549466,-7.45,主因104年同期子公司半導體設備集中出貨所致
2017/01,183089,180382,244276,1.50,-25.04,183089,244276,-25.04,-
2017/02,171857,183089,202672,-6.13,-15.20,354946,446948,-20.58,-
2017/03,186832,171857,170234,8.71,9.75,541778,617182,-12.21,-
2017/04,208954,186832,162134,11.84,28.87,750732,779316,-3.66,-
2017/05,201404,208954,200673,-3.61,0.36,952136,979989,-2.84,-
2017/06,163555,201404,229056,-18.79,-28.59,1115691,1209045,-7.72,-
2017/07,175062,163555,188969,7.03,-7.35,1290753,1398014,-7.67,-
2017/08,126114,175062,161795,-27.96,-22.05,1416867,1559809,-9.16,-
2017/09,107889,126114,256751,-14.45,-57.97,1524756,1816560,-16.06,主因合併營收減少子公司寶虹營收
2017/10,101679,107889,186010,-5.75,-45.33,1626435,2002570,-18.78,-
2017/11,129797,101679,176363,27.65,-26.40,1756232,2178933,-19.39,-
2017/12,117220,129797,180382,-9.68,-35.01,1873452,2359315,-20.59,-
2018/01,132875,117220,183089,13.35,-27.42,132875,183089,-27.42,"去年同期合併營收183,089千元，子公司寶虹部分為77,996千元，其餘部分為105,093千元，子公司寶虹已於106年7月31日處分。"
2018/02,99263,132875,171857,-25.29,-42.24,232138,354946,-34.59,"去年同期累計合併營收354,946千元，子公司寶虹部分為161,865千元，其餘部分為193,081千元，子公司寶虹已於106年7月31日處分。"
2018/03,135393,99263,186832,36.39,-27.53,367531,541778,-32.16,"去年同期累計合併營收541,778千元，子公司寶虹部分為228,368千元，其餘部分為313,410千元，子公司寶虹已於106年7月31日處分。"
2018/04,121034,135393,208954,-10.60,-42.07,488565,750732,-34.92,"去年同期累計合併營收750,732千元，子公司寶虹部分為301,117千元，其餘部分為449,615千元，子公司寶虹已於106年7月31日處分。"
2018/05,146109,121034,201404,20.71,-27.45,634674,952136,-33.34,"去年同期累計合併營收952,136千元，子公司寶虹部分為369,984千元，其餘部分為582,152千元，子公司寶虹已於106年7月31日處分。"
2018/06,146842,146109,163555,0.50,-10.21,781516,1115691,-29.95,"去年同期累計合併營收1,115,691千元，子公司寶虹部分為410,508千元，其餘部分為705,183千元，子公司寶虹已於106年7月31日處分。"
2018/07,143374,146842,175062,-2.36,-18.10,924890,1290753,-28.34,"去年同期累計合併營收1,290,753千元，子公司寶虹部分為457,152千元，其餘部分為833,601千元，子公司寶虹已於106年7月31日處分。"
2018/08,140565,143374,126114,-1.95,11.45,1065455,1416867,-24.80,"去年同期累計合併營收1,416,867千元，子公司寶虹部分為457,152千元，其餘部分為959,715千元，子公司寶虹已於106年7月31日處分。"
2018/09,138503,140565,107889,-1.46,28.37,1203958,1524756,-21.03,"去年同期累計合併營收1,524,756千元，子公司寶虹部分為457,152千元，其餘部分為1,067,604千元，寶虹已於106年7月31日處分。"
2018/10,139803,138503,101679,0.93,37.49,1343761,1626435,-17.37,"去年同期累計合併營收1,626,435千元，子公司寶虹部分為457,152千元，其餘部分為1,169,283千元，寶虹已於106年7月31日處分。"
2018/11,118644,139803,129797,-15.13,-8.59,1462405,1756232,-16.73,"去年同期累計合併營收1,756,232千元，子公司寶虹部分為457,152千元，其餘部分為1,299,080千元，寶虹已於106年7月31日處分。"
2018/12,110367,118644,117220,-6.97,-5.84,1572772,1873452,-16.04,"去年同期累計合併營收1,873,452千元，子公司寶虹部分為457,152千元，其餘部分為1,416,300千元，寶虹已於106年7月31日處分。"
2019/01,102715,110367,132875,-6.93,-22.69,102715,132875,-22.69,-
2019/02,90938,102715,99263,-11.46,-8.38,193653,232138,-16.57,-
2019/03,145863,90938,135393,60.39,7.73,339516,367531,-7.62,-
2019/04,112277,145863,121034,-23.02,-7.23,451793,488565,-7.52,-
2019/05,105600,112277,146109,-5.94,-27.72,557393,634674,-12.17,-
2019/06,90380,105600,146842,-14.41,-38.45,647773,781516,-17.11,-
2019/07,105939,90380,143374,17.21,-26.11,753712,924890,-18.50,-
