﻿吉源-KY,	8488
日期,當月營收,上月營收,去年同月營收,MOM(%),YOY(%),當月累計營收,去年累計營收,累計YOY(%),Notes
2016/11,372579,0,183164,,103.41,3231731,3126272,3.37,本月營收較去年同期成長，主要係因今年新增廣東鋁罐新廠出貨，以及馬口鐵罐出貨同時成長。
2016/12,528575,372579,339788,41.86,55.56,3772076,3505730,7.59,本月營收較去年同期成長，主要係客戶年節前備貨需求增加，加上今年新增廣東鋁罐新廠出貨。
2017/01,311483,528575,317438,-41.07,-1.87,311483,317438,-1.87,-
2017/02,298117,311483,159611,-4.29,86.77,609600,481017,26.73,本月營收較去年同期成長，主要係今年2月工作天數較長，加上新增廣東鋁罐新廠出貨。
2017/03,228206,298117,296047,-23.45,-22.91,837806,777064,7.81,-
2017/04,223921,228206,212900,-1.87,5.17,1061727,989964,7.24,-
2017/05,281252,223921,203033,25.60,38.52,1342979,1192997,12.57,-
2017/06,324650,281252,217870,15.43,49.01,1667629,1410867,18.19,-
2017/07,333180,324650,412340,2.62,-19.19,2000809,1823207,9.74,-
2017/08,404664,333180,393261,21.45,2.89,2405473,2216468,8.52,-
2017/09,420898,404664,294497,4.01,42.92,2826371,2510965,12.56,-
2017/10,342916,420898,342869,-18.52,0.01,3169287,2853834,11.05,-
2017/11,384532,342916,372579,12.13,3.20,3553819,3231731,9.96,-
2017/12,381307,384532,540345,-0.83,-29.43,3935126,3772076,4.32,-
2018/01,371968,381307,311483,-2.44,19.41,371968,311483,19.41,-
2018/02,200677,371968,298117,-46.04,-32.68,572645,609600,-6.06,-
2018/03,251332,200677,228206,25.24,10.13,823977,837806,-1.65,-
2018/04,238960,251332,223921,-4.92,6.71,1062937,1061727,0.11,-
2018/05,235868,238960,281252,-1.29,-16.13,1298805,1342979,-3.28,-
2018/06,244433,235868,324650,3.63,-24.70,1543238,1667629,-7.45,-
2018/07,410484,244433,333180,67.93,23.20,1953722,2000809,-2.35,-
2018/08,442793,410484,404664,7.87,9.42,2396515,2405473,-0.37,-
2018/09,323047,442793,420898,-27.04,-23.24,2719562,2826371,-3.77,-
2018/10,288486,323047,342916,-10.69,-15.87,3008048,3169287,-5.08,-
2018/11,440406,288486,384532,52.66,14.53,3448454,3553819,-2.96,-
2018/12,389717,440406,381307,-11.50,2.20,3838171,3935126,-2.46,-
2019/01,416766,389717,371968,6.94,12.04,416766,371968,12.04,-
