﻿台火,	9902
日期,當月營收,上月營收,去年同月營收,MOM(%),YOY(%),當月累計營收,去年累計營收,累計YOY(%),Notes
2015/01,12981,37289,1262,-65.18,928.60,12981,1262,928.60,-
2015/02,8435,12981,1448,-35.02,482.52,21416,2710,690.25,-
2015/03,6453,8435,4841,-23.49,33.29,27869,7551,269.07,-
2015/04,7634,6453,7529,18.30,1.39,35503,15080,135.43,-
2015/05,9581,7634,7703,25.50,24.38,45084,22783,97.88,-
2015/06,11519,9581,9001,20.22,27.97,56603,31784,78.08,本公司累計營業收入兩期差異之主要原因係本期有銷售汽車收入，而去年同期無此收入所致，故本期營業收入較去年同期增加。
2015/07,6319,11519,9313,-45.14,-32.14,62922,41097,53.10,本公司累計營業收入兩期差異之主要原因係本期有銷售汽車收入，而去年同期無此收入所致，故本期營業收入較去年同期增加。
2015/08,7639,6319,6425,20.88,18.89,70561,47522,48.48,-
2015/09,3747,7639,41178,-50.94,-90.90,74308,88700,-16.22,"本月營收較去年同期減少之主要原因，係去年同期有投標車輛交車之營業收入38,383仟元，但本月份無投標車輛交車之營業收入所致。"
2015/10,16256,3747,18568,333.84,-12.45,90564,107268,-15.57,-
2015/11,2007,16256,8197,-87.65,-75.51,92571,115465,-19.82,本月營收較去年同期減少之主要原因係本月銷售汽車及建材之營收皆較去年同期減少所致。
2015/12,11390,2007,37289,467.51,-69.45,103961,152754,-31.94,本月營收較去年同期減少之主要原因係本月銷售汽車及投標車輛之營收皆較去年同期減少所致。
2016/01,7980,11390,12981,-29.93,-38.52,7980,12981,-38.52,-
2016/02,2120,7980,8435,-73.43,-74.86,10100,21416,-52.83,本月及累計營收較去年同期減少之主要原因係本月及累計銷售汽車之營收皆較去年同期減少所致。
2016/03,7133,2120,6453,236.46,10.53,17233,27869,-38.16,-
2016/04,2950,7133,7634,-58.64,-61.35,20183,35503,-43.15,本月營收較去年同期減少之主要原因係去年同期有銷售汽車之營收，但本月份無此營收所致。
2016/05,7785,2950,9581,163.89,-18.74,27968,45084,-37.96,-
2016/06,6177,7785,11519,-20.65,-46.37,34145,56603,-39.67,-
2016/07,1572,6177,6319,-74.55,-75.12,35717,62922,-43.23,本月營收較去年同期減少之主要原因係去年同期有銷售汽車之營收，但本月份無此營收，且銷售建材營收亦較去年同期減少所致。
2016/08,1648,1572,7639,4.83,-78.42,37365,70561,-47.04,本月營收較去年同期減少之主要原因係去年同期有銷售汽車之營收，但本月份無此營收，且銷售建材營收亦較去年同期減少所致。
2016/09,1357,1648,3747,-17.65,-63.78,38722,74308,-47.88,本月營收較去年同期減少之主要原因係去年同期有銷售汽車之營收，但本月份無此營收，且銷售建材營收亦較去年同期減少所致。
2016/10,28182,1357,16256,1976.78,73.36,66904,90564,-26.12,本月營收較去年同期增加之主要原因係本期出售投標車輛營收較去年同期增加所致。
2016/11,7436,28182,2007,-73.61,270.50,74340,92571,-19.69,本月營收較去年同期增加之主要原因，係本期有出售投標車輛之營收，而去年同期無此營收所致。
2016/12,8199,7436,11390,10.26,-28.01,82539,103961,-20.60,-
2017/01,1267,8199,7980,-84.54,-84.12,1267,7980,-84.12,本月營收較去年同期減少之主要原因係去年同期有銷售汽車之營收，但本月份無此營收，且銷售建材營收亦較去年同期減少所致。
2017/02,1338,1267,2120,5.60,-36.88,2605,10100,-74.20,本月累計營收較去年同期減少之主要原因係去年同期有銷售汽車之營收，但本月份無此營收，且銷售建材營收亦較去年同期減少所致。
2017/03,1218,1338,7133,-8.96,-82.92,3823,17233,-77.81,本月及累計營收較去年同期減少之主要原因係去年同期有銷售汽車之營收，但本期無此營收，且銷售建材營收亦較去年同期減少所致。
2017/04,1116,1218,2950,-8.37,-62.16,4939,20183,-75.52,本月及累計營收較去年同期減少之主因係本月及累計銷售建材營收較去年同期減少，又本月累計營收無銷售汽車營收所致。
2017/05,19268,1116,7785,1626.52,147.50,24207,27968,-13.44,本月營收較去年同期增加之主因係本月有出售投標車輛之營收，但去年同期無此營收所致。
2017/06,924,19268,6177,-95.20,-85.04,25131,34145,-26.39,本月營收較去年同期減少之主要原因係去年同期有銷售汽車之營收，但本月份無此營收，且銷售建材營收亦較去年同期減少所致。
2017/07,3098,924,1572,235.28,97.07,28229,35717,-20.96,本月營收較去年同期增加之主要原因係本期有銷售汽車之營收，但去年同期無此營收所致。
2017/08,5296,3098,1648,70.94,221.35,33525,37365,-10.27,本月營收較去年同期增加之主要原因係本期有銷售汽車等之營收，但去年同期無此等營收所致。
2017/09,4198,5296,1357,-20.73,209.35,37723,38722,-2.57,本月營收較去年同期增加之主要原因係本期有銷售汽車等之營收，但去年同期無此等營收所致。
2017/10,22420,4198,28182,434.06,-20.44,60143,66904,-10.10,-
2017/11,5025,22420,7436,-77.58,-32.42,65168,74340,-12.33,-
2017/12,2193,5025,8199,-56.35,-73.25,67361,82539,-18.38,本月營收較去年同期減少之主要原因係去年同期有銷售投標車輛之營收，但本月份無此營收，且本月其他營收亦較去年同期減少所致。
2018/01,14865,2193,1267,577.83,1073.24,14865,1267,1073.24,本月營收較去年同期增加之主要原因係去年同期無銷售汽車及投標車輛之營收，但本月份有此營收所致。
2018/02,617,14865,1338,-95.84,-53.88,15482,2605,494.31,"本月營收較去年減少主係本月營業天數較少,但本月累計營收較去年增加主係去年同期無銷售汽車及投標車輛營收,但本期有此營收所致"
2018/03,2710,617,1218,339.22,122.49,18192,3823,375.85,本月營收及本月累計營收較去年同期增加，主要原因係去年同期無銷售汽車或投標車輛營收，但本期有此營收所致。
2018/04,1629,2710,1116,-39.88,45.96,19821,4939,301.31,本月累計營收較去年同期增加，主要原因係去年同期無銷售汽車及投標車輛營收，但本期有此營收所致。
2018/05,8665,1629,19268,431.92,-55.02,28486,24207,17.67,本月營收較去年同期減少，主要原因係去年同期有銷售投標車輛營收，但本月無此營收所致。
2018/06,341,8665,924,-96.06,-63.09,28827,25131,14.70,本月營收較去年同期減少，主要原因係本期汽車租賃到期後未再增加新的汽車租賃業務，故營收較去年同期減少所致。
2018/07,23055,341,3098,6660.99,644.18,51882,28229,83.78,本月及累計營收較去年同期增加，主要原因係本月投標車輛交車，故營收較去年同期增加所致。
2018/08,1097,23055,5296,-95.24,-79.28,52979,33525,58.02,本月營收較去年同期減少主係本月無銷售進口汽車所致；本月累計營收較去年同期增加主係本期有銷售較多進口汽車及投標車輛所致。
2018/09,3238,1097,4198,195.16,-22.86,56217,37723,49.02,-
2018/10,13194,3238,22420,307.47,-41.15,69411,60143,15.40,-
2018/11,43785,13194,5025,231.85,771.34,113196,65168,73.69,本月及累計營收較去年同期大幅增加之主要原因係投標車輛交車數量及金額較去年同期增加所致。
2018/12,34699,43785,2193,-20.75,1482.26,147895,67361,119.55,本月及累計營收較去年同期大幅增加之主要原因係出售投標車輛等營收較去年同期增加所致。
2019/01,14428,24899,14865,-42.05,-2.93,14428,14865,-2.93,-
2019/02,1019,14428,617,-92.93,65.15,15447,15482,-0.22,本月營收較去年同期增加之主要原因係本期增加士林官邸不動產出租租金收入所致。
2019/03,6793,1019,2710,566.63,150.66,22240,18192,22.25,本月營收較去年同期增加之主要原因係本期出售進口汽車之銷貨收入增加所致。
2019/04,19883,6793,1629,192.69,1120.56,42123,19821,112.51,本月及累計營收較去年同期增加之主要原因係本期出售投標車輛營收較去年同期增加所致。
2019/05,8099,19883,8665,-59.26,-6.53,50222,28486,76.30,本期累計營收較去年同期增加之主要原因係本期累計出售投標車輛營收較去年同期增加所致。
2019/06,5727,8099,341,-29.28,1579.47,55949,28827,94.08,本月及累計營收較去年同期增加之主要原因係本期出售投標車輛營收較去年同期增加所致。
2019/07,4093,5727,23055,-28.53,-82.24,60042,51882,15.72,本月營收較去年同期減少之主要原因係去年同期有出售投標車輛營收但本月無此營收所致。
2019/08,36874,4093,1097,800.90,3261.34,96916,52979,82.93,本月及累計營收較去年同期增加之主要原因係本期出售投標車輛及進口車輛營收較去年同期增加所致。
