﻿富邦NASDAQ,	00662
日期,成交股數,開盤價,最高價,最低價,收盤價,漲跌價差,成交筆數,成交金額
107/06/01,11200,28.55,28.55,28.52,28.52,0.15,11,319529
107/06/04,10828,28.87,28.98,28.87,28.98,0.46,14,312195
107/06/05,29176,29.05,29.10,29.03,29.05,0.07,20,847488
107/06/06,65390,29.22,29.35,29.22,29.25,0.20,46,1914280
107/06/07,40341,29.27,29.32,29.27,29.29,0.04,34,1181659
107/06/08,268315,29.00,29.16,29.00,29.10,0.19,42,7811770
107/06/11,63136,29.20,29.21,29.16,29.18,0.08,21,1842626
107/06/12,18513,29.27,29.27,29.22,29.23,0.05,13,541106
107/06/13,67000,29.47,29.57,29.47,29.54,0.31,23,1977720
107/06/14,22514,29.54,29.55,29.52,29.52,0.02,18,664960
107/06/15,120629,29.96,30.00,29.91,29.94,0.42,32,3611813
107/06/19,146927,29.93,29.93,29.70,29.83,0.11,41,4386727
107/06/20,89855,30.05,30.10,29.98,30.10,0.27,30,2697914
107/06/21,123936,30.26,30.50,30.26,30.45,0.35,42,3769084
107/06/22,49740,30.15,30.17,30.07,30.09,0.36,29,1495707
107/06/25,29300,29.91,29.95,29.82,29.85,0.24,26,875065
107/06/26,254553,29.38,29.56,29.33,29.56,0.29,29,7511707
107/06/27,27381,29.71,29.80,29.64,29.64,0.08,14,812453
107/06/28,141423,29.43,29.43,29.33,29.42,0.22,21,4152370
107/06/29,51493,29.69,29.84,29.61,29.72,0.30,22,1529330
107/07/02,12000,29.65,29.66,29.60,29.60,0.12,7,355640
107/07/03,25500,29.80,29.82,29.77,29.77,0.17,12,759603
107/07/04,6010,29.52,29.55,29.50,29.50,0.27,7,177383
107/07/05,23504,29.54,29.56,29.39,29.39,0.11,15,693809
107/07/06,73678,29.89,30.04,29.87,30.03,0.64,24,2205933
107/07/09,82676,30.38,30.49,30.36,30.42,0.39,27,2513472
107/07/10,129196,30.51,30.58,30.47,30.58,0.16,70,3941656
107/07/11,24200,30.24,30.24,30.14,30.19,0.39,21,730339
107/07/12,39000,30.34,30.52,30.34,30.50,0.31,27,1188949
107/07/13,276960,30.99,31.11,30.98,31.09,0.59,38,8593018
107/07/16,137249,31.12,31.15,31.02,31.08,0.01,67,4262959
107/07/17,38234,30.68,30.70,30.60,30.64,0.44,18,1173248
107/07/18,31018,31.03,31.08,31.03,31.08,0.44,24,962831
107/07/19,89014,31.02,31.07,30.95,30.95,0.13,15,2760327
107/07/20,102428,31.04,31.04,30.86,31.00,0.05,16,3175603
107/07/23,13500,30.88,30.88,30.75,30.76,0.24,15,415332
107/07/24,186260,31.13,31.17,31.10,31.17,0.41,17,5796677
107/07/25,36177,31.03,31.08,30.98,30.98,0.19,14,1123967
107/07/26,63100,30.95,30.98,30.90,30.94,0.04,23,1952989
107/07/27,16115,31.00,31.08,31.00,31.03,0.09,10,500353
107/07/30,57713,30.50,30.50,30.35,30.35,0.68,34,1756380
107/07/31,39500,30.20,30.23,30.15,30.19,0.16,28,1191990
107/08/01,30011,30.44,30.46,30.40,30.44,0.25,27,913270
107/08/02,33327,30.46,30.51,30.37,30.39,0.05,21,1015140
107/08/03,21229,30.94,31.02,30.92,30.92,0.53,24,656445
107/08/06,62128,31.02,31.11,31.02,31.08,0.16,28,1931553
107/08/07,15200,31.20,31.20,31.16,31.16,0.08,10,473872
107/08/08,12580,31.22,31.29,31.22,31.28,0.12,13,393077
107/08/09,41000,31.22,31.30,31.18,31.23,0.05,19,1280300
107/08/10,32259,31.19,31.22,31.18,31.22,0.01,17,1006109
107/08/13,59002,31.10,31.10,31.01,31.02,0.20,29,1832050
107/08/14,11200,31.31,31.32,31.28,31.30,0.28,11,350520
107/08/15,27555,31.30,31.39,31.30,31.32,0.02,17,864161
107/08/16,118281,31.16,31.29,31.08,31.25,0.07,42,3691751
107/08/17,44555,31.12,31.15,31.09,31.11,0.14,29,1386115
107/08/20,41544,31.14,31.16,31.13,31.16,0.05,20,1293444
107/08/21,49629,31.05,31.05,31.00,31.02,0.14,41,1539434
107/08/22,30198,30.93,31.02,30.91,31.00,0.02,20,935322
107/08/23,21000,31.23,31.23,31.16,31.23,0.23,8,655590
107/08/24,33243,31.25,31.34,31.21,31.34,0.11,13,1040101
107/08/27,117792,31.38,31.71,31.38,31.71,0.37,41,3732300
107/08/28,33900,31.84,31.98,31.84,31.92,0.21,33,1081343
107/08/29,102905,31.92,31.92,31.80,31.83,0.09,21,3276745
107/08/30,97362,32.09,32.20,32.09,32.18,0.35,16,3132591
107/08/31,30222,32.07,32.10,32.04,32.10,0.08,13,969464
107/09/03,22155,32.10,32.18,32.10,32.15,0.05,16,712080
107/09/04,13531,32.14,32.20,32.14,32.20,0.05,13,435373
107/09/05,171793,32.12,32.14,32.10,32.10,0.10,42,5514996
107/09/06,268160,31.70,31.77,31.66,31.75,0.35,69,8507791
107/09/07,161246,31.36,31.65,31.36,31.65,0.10,36,5076792
107/09/10,153696,31.70,31.70,31.53,31.69,0.04,26,4863634
107/09/11,215505,31.70,31.89,31.57,31.89,0.20,57,6826346
107/09/12,244334,31.76,31.76,31.69,31.76,0.13,88,7754267
107/09/13,218760,31.70,31.70,31.45,31.48,0.28,51,6894941
107/09/14,582704,31.82,31.85,31.70,31.70,0.22,45,18502440
107/09/17,1272094,31.59,31.63,31.59,31.62,0.08,35,40352789
107/09/18,216375,31.17,31.23,31.04,31.23,0.39,47,6737538
107/09/19,403323,31.38,31.45,31.35,31.35,0.12,38,12667713
107/09/20,324163,31.50,31.50,31.40,31.40,0.05,45,10200329
107/09/21,1298941,31.77,31.89,31.74,31.88,0.48,48,41353982
107/09/25,190289,31.58,31.66,31.57,31.61,0.27,27,6017226
107/09/26,210021,31.70,31.86,31.70,31.85,0.24,37,6673779
107/09/27,153395,31.77,31.77,31.66,31.69,0.16,19,4868500
107/09/28,195152,31.81,31.85,31.70,31.81,0.12,31,6211406
107/10/01,181631,31.87,32.00,31.87,31.94,0.13,33,5809399
107/10/02,179781,31.82,31.87,31.75,31.78,0.16,21,5726482
107/10/03,163156,31.81,31.95,31.81,31.86,0.08,22,5210809
107/10/04,163000,31.86,31.86,31.81,31.83,0.03,18,5189870
107/10/05,260290,31.51,31.52,31.37,31.44,0.39,68,8186635
107/10/08,250775,31.20,31.24,31.12,31.22,0.22,47,7816891
107/10/09,202644,31.11,31.11,31.03,31.11,0.11,34,6297784
107/10/11,1334070,29.60,29.60,29.24,29.32,1.79,92,39206135
107/10/12,699600,29.95,29.96,29.78,29.94,0.62,84,20899298
107/10/15,1373620,29.86,30.00,29.86,29.94,,53,41130827
107/10/16,355856,29.85,29.96,29.85,29.96,0.02,88,10637765
107/10/17,473532,30.78,30.78,30.65,30.69,0.73,44,14542746
107/10/18,167222,30.52,30.52,30.45,30.49,0.20,19,5095968
107/10/19,231240,30.11,30.30,30.09,30.21,0.28,19,6981771
107/10/22,167116,29.80,29.98,29.80,29.98,0.23,17,5004022
107/10/23,234400,29.95,29.95,29.78,29.80,0.18,33,6985290
107/10/24,170204,29.90,30.27,29.90,30.12,0.32,21,5113976
107/10/25,270025,28.96,28.98,28.73,28.73,1.39,77,7805196
107/10/26,446082,29.18,29.19,28.76,28.85,0.12,38,12916915
107/10/29,307651,29.20,29.20,29.04,29.15,0.30,65,8955539
107/10/30,225024,28.50,28.62,28.42,28.62,0.53,55,6412629
107/10/31,156200,28.74,28.91,28.74,28.91,0.29,17,4495693
107/11/01,179294,29.35,29.43,29.35,29.42,0.51,24,5273817
107/11/02,171056,29.50,29.70,29.38,29.70,0.28,27,5044859
107/11/08,186606,30.12,30.16,30.10,30.15,0.65,22,5625010
107/11/09,147331,29.89,29.89,29.86,29.86,0.29,15,4399198
107/11/12,147000,29.46,29.68,29.46,29.68,0.18,9,4350990
107/11/16,218895,28.98,29.01,28.85,28.89,0.27,22,6341592
107/11/19,199779,28.99,29.01,28.93,29.01,0.12,22,5785794
107/11/20,217066,28.07,28.07,27.98,27.98,1.03,53,6080668
107/11/21,179893,27.65,27.72,27.59,27.71,0.27,33,4982499
107/11/22,157279,27.85,27.85,27.73,27.80,0.09,19,4366560
107/11/23,148062,27.68,27.68,27.62,27.62,0.18,12,4096801
107/11/26,289000,27.63,27.80,27.63,27.78,0.16,34,8015930
107/11/27,253043,27.96,28.13,27.95,28.13,0.35,31,7100530
107/11/28,200000,28.34,28.42,28.34,28.42,0.29,22,5675090
107/11/29,196051,29.10,29.17,29.04,29.10,0.68,25,5703463
107/11/30,149210,28.97,29.04,28.97,29.04,0.06,11,4332753
107/12/03,174431,29.82,29.91,29.72,29.88,0.84,35,5209155
107/12/04,228000,29.50,29.50,29.28,29.28,0.60,22,6705070
107/12/05,324647,28.60,28.66,28.50,28.55,0.73,185,9273520
107/12/06,213393,28.12,28.15,27.92,28.05,0.50,33,5986722
107/12/07,146035,28.71,28.73,28.71,28.71,0.66,9,4192732
107/12/10,118904,27.73,27.79,27.65,27.72,0.99,33,3293889
107/12/11,444580,28.14,28.22,28.11,28.20,0.48,25,12523187
107/12/12,176400,28.38,28.50,28.34,28.44,0.24,23,5014275
107/12/13,157455,28.60,28.75,28.60,28.75,0.31,12,4511955
107/12/14,227000,28.38,28.39,28.23,28.23,0.52,16,6427810
107/12/17,202035,27.97,28.03,27.95,27.96,0.27,25,5655257
107/12/18,252653,27.35,27.43,27.27,27.27,0.69,65,6907900
107/12/19,157400,27.28,27.40,27.28,27.40,0.13,14,4305054
107/12/20,379554,26.86,26.89,26.72,26.73,0.67,84,10167849
107/12/21,174545,26.80,26.80,26.50,26.50,0.23,46,4642778
107/12/22,57360,25.66,25.93,25.66,25.93,0.57,35,1479012
107/12/24,183000,25.49,25.65,25.48,25.65,0.28,54,4680320
107/12/25,64323,25.00,25.07,24.92,24.94,0.71,56,1606918
107/12/26,665045,24.88,24.91,24.60,24.60,0.34,110,16493542
107/12/27,214200,26.19,26.47,26.17,26.47,1.87,101,5617990
107/12/28,209100,26.50,26.55,26.40,26.50,0.03,35,5531185
108/01/02,205025,26.54,26.56,26.20,26.20,0.30,28,5404532
108/01/03,105200,26.10,26.20,26.10,26.10,0.10,17,2748983
108/01/04,106167,25.90,26.09,25.89,26.09,0.01,17,2751461
108/01/07,274370,27.16,27.16,27.03,27.05,0.96,38,7425157
108/01/08,251426,27.24,27.43,27.24,27.32,0.27,46,6872388
108/01/09,350197,27.57,27.81,27.57,27.77,0.45,47,9725635
108/01/10,145072,27.64,27.68,27.57,27.68,0.09,21,4008564
108/01/11,117300,27.80,27.80,27.78,27.78,0.10,8,3258904
108/01/14,131300,27.64,27.68,27.50,27.54,0.24,16,3617780
108/01/15,81300,27.63,27.78,27.63,27.76,0.22,16,2254461
108/01/16,193370,28.08,28.14,28.02,28.14,0.38,33,5432310
108/01/17,50139,28.05,28.05,27.95,27.95,0.19,23,1403222
108/01/18,144060,28.39,28.39,28.29,28.35,0.40,27,4082454
108/01/21,76570,28.49,28.50,28.46,28.46,0.11,25,2181219
108/01/22,244117,28.43,28.43,28.30,28.30,0.16,22,6916476
108/01/23,340100,28.12,28.17,28.10,28.10,0.20,29,9566380
108/01/28,174300,28.56,28.56,28.48,28.50,0.08,21,4968025
108/01/29,85634,28.06,28.10,28.06,28.09,0.41,14,2402586
108/01/30,84066,28.12,28.15,28.05,28.11,0.02,22,2363287
108/02/11,76322,28.99,29.02,28.95,29.02,0.91,50,2212285
108/02/12,91709,29.15,29.29,29.12,29.27,0.25,29,2674500
108/02/13,243796,29.58,29.62,29.58,29.59,0.32,50,7215740
108/02/14,128279,29.45,29.52,29.44,29.52,0.07,31,3781929
108/02/15,123583,29.52,29.52,29.42,29.42,0.10,11,3636646
108/02/18,275175,29.71,29.79,29.71,29.71,0.29,63,8182314
108/02/19,98691,29.75,29.81,29.75,29.75,0.04,20,2938400
108/02/20,268541,29.76,29.76,29.68,29.68,0.07,19,7980785
108/02/21,62544,29.68,29.83,29.68,29.83,0.15,17,1860653
108/02/22,206000,29.58,29.61,29.54,29.55,0.28,15,6096120
108/02/25,106576,29.94,29.97,29.90,29.96,0.41,39,3189933
108/02/26,211463,29.90,29.90,29.78,29.78,0.18,32,6308877
108/02/27,42134,29.91,29.91,29.66,29.84,0.06,24,1257741
108/03/04,243662,30.24,30.28,30.20,30.28,0.44,49,7365650
108/03/05,97099,30.01,30.09,30.01,30.04,0.24,21,2920910
108/03/06,137600,30.10,30.13,30.08,30.08,0.04,20,4140670
108/03/07,114450,29.88,29.91,29.87,29.91,0.17,17,3422378
108/03/08,122352,29.62,29.63,29.53,29.57,0.34,24,3620365
108/03/11,260473,29.55,29.69,29.55,29.69,0.12,16,7730248
108/03/12,278454,30.29,30.37,30.29,30.34,0.65,37,8440533
108/03/13,287050,30.40,30.40,30.32,30.35,0.01,20,8711320
108/03/14,385207,30.66,30.69,30.60,30.64,0.29,48,11802720
108/03/15,512633,30.81,30.81,30.70,30.73,0.09,34,15764649
108/03/18,164398,30.80,30.90,30.80,30.90,0.17,40,5077065
108/03/19,211349,30.88,30.93,30.88,30.91,0.01,14,6532659
108/03/20,151329,30.92,30.99,30.92,30.99,0.08,33,4682950
108/03/21,283698,31.29,31.30,31.24,31.30,0.31,74,8874233
108/03/22,331957,31.71,31.74,31.68,31.74,0.44,108,10529306
108/03/25,311961,30.83,30.84,30.75,30.84,0.90,87,9612574
108/03/26,554046,31.10,31.19,31.10,31.15,0.31,102,17247509
108/03/27,238898,31.14,31.20,31.06,31.20,0.05,39,7448190
108/03/28,134133,30.87,30.90,30.82,30.89,0.31,26,4142336
108/03/29,91976,31.09,31.15,31.07,31.10,0.21,41,2860475
108/04/01,33700,31.43,31.52,31.43,31.48,0.38,27,1060908
108/04/02,175419,31.57,31.60,31.53,31.54,0.06,88,5533958
108/04/03,222200,31.81,31.88,31.79,31.88,0.34,43,7076459
108/04/08,294030,32.00,32.05,31.94,31.96,0.08,53,9397661
108/04/09,190016,32.10,32.17,32.05,32.16,0.20,136,6106454
108/04/10,297530,32.03,32.04,31.90,32.04,0.12,107,9514345
108/04/11,169572,32.23,32.27,32.18,32.18,0.14,29,5459456
108/04/12,165497,32.15,32.18,32.12,32.13,0.05,28,5317284
108/04/15,181674,32.24,32.29,32.24,32.26,0.13,45,5862179
108/04/16,179385,32.28,32.38,32.28,32.37,0.11,48,5800174
108/04/17,158861,32.44,32.51,32.44,32.50,0.13,25,5156865
108/04/18,407867,32.43,32.44,32.36,32.44,0.06,72,13222034
108/04/19,22743,32.44,32.48,32.39,32.39,0.05,22,737581
108/04/22,184130,32.62,32.62,32.49,32.53,0.14,40,5994568
108/04/23,193774,32.64,32.68,32.64,32.64,0.11,25,6324948
108/04/24,174050,33.03,33.06,32.95,33.02,0.38,37,5739976
108/04/25,232645,33.22,33.22,33.17,33.20,0.18,52,7724768
108/04/26,184500,32.92,33.04,32.92,33.04,0.16,44,6091810
108/04/29,170403,33.09,33.18,33.09,33.18,0.14,31,5647925
108/04/30,215710,33.00,33.00,32.88,32.91,0.27,33,7104988
108/05/02,157951,32.90,32.90,32.84,32.87,0.04,20,5191721
108/05/03,533909,32.78,32.78,32.69,32.78,0.09,42,17464044
108/05/06,201763,32.42,32.55,32.37,32.50,0.28,81,6543725
108/05/07,189360,32.74,32.81,32.73,32.74,0.24,90,6204791
108/05/08,268331,32.38,32.46,32.38,32.44,0.30,115,8702119
108/05/09,493352,32.32,32.35,32.10,32.21,0.23,210,15900084
108/05/10,244632,32.21,32.21,31.75,31.84,0.37,147,7820066
108/05/13,160512,31.81,31.81,31.54,31.57,0.27,53,5068720
108/05/14,196499,31.50,31.50,31.00,31.08,0.49,77,6107674
108/05/15,301221,31.29,31.46,31.29,31.41,0.33,176,9443631
108/05/16,197331,31.60,31.68,31.55,31.55,0.14,82,6240532
108/05/17,157660,32.09,32.16,31.94,31.94,0.39,37,5050986
108/05/20,158130,32.00,32.04,31.94,31.97,0.03,21,5056262
108/05/21,267400,31.64,31.68,31.57,31.61,0.36,191,8452990
108/05/22,228040,31.78,31.86,31.78,31.85,0.24,106,7258961
108/05/23,228335,31.67,31.67,31.56,31.56,0.29,134,7211756
108/05/24,214243,31.38,31.46,31.38,31.46,0.10,69,6733347
108/05/27,222600,31.46,31.47,31.35,31.45,0.01,84,6991430
108/05/28,160764,31.47,31.63,31.47,31.63,0.18,25,5079101
108/05/29,160729,31.46,31.46,31.32,31.46,0.17,78,5044926
108/05/30,365132,31.45,31.58,31.05,31.12,0.34,227,11409227
108/05/31,279800,31.00,31.00,30.85,30.95,0.17,175,8653494
108/06/03,203400,30.95,30.95,30.30,30.40,0.55,91,6190689
108/06/04,197200,30.20,30.20,29.85,29.97,0.43,77,5912720
108/06/05,239749,30.87,30.92,30.70,30.81,0.84,92,7402916
108/06/06,165039,30.90,30.94,30.90,30.92,0.11,38,5103359
108/06/10,208328,31.62,31.82,31.62,31.82,0.90,54,6607733
108/06/11,188591,32.01,32.28,32.01,32.28,0.46,48,6078257
108/06/12,209600,32.18,32.18,32.04,32.11,0.17,36,6726130
108/06/13,148901,32.06,32.06,31.82,31.89,0.22,26,4750392
108/06/14,155200,32.10,32.18,32.10,32.17,0.28,16,4992528
108/06/17,228005,32.19,32.36,32.17,32.35,0.18,49,7355147
108/06/18,155593,32.38,32.39,32.28,32.32,0.03,20,5025879
108/06/19,284615,32.75,33.26,32.73,33.26,0.94,235,9399628
108/06/20,423763,32.97,32.97,32.59,32.71,0.55,139,13852251
108/06/21,203140,32.72,32.74,32.46,32.46,0.25,51,6613695
108/06/24,355351,32.50,32.59,32.36,32.46,,200,11539370
108/06/25,378500,32.41,32.41,32.27,32.29,0.17,59,12252350
108/06/26,189850,32.04,32.15,32.04,32.05,0.24,32,6095840
108/06/27,197583,32.05,32.30,32.05,32.22,0.17,39,6364699
108/06/28,163281,32.25,32.25,32.15,32.15,0.07,22,5257924
108/07/01,203436,32.60,32.74,32.55,32.74,0.59,90,6642499
108/07/02,463028,32.69,32.70,32.63,32.68,0.06,48,15113739
108/07/03,184742,32.85,32.88,32.84,32.88,0.20,40,6070281
108/07/04,174695,33.00,33.07,33.00,33.07,0.19,28,5775010
108/07/05,169883,33.11,33.15,33.11,33.14,0.07,26,5629347
108/07/08,230288,33.01,33.01,32.96,32.99,0.15,37,7598299
108/07/09,173864,32.93,32.93,32.59,32.68,0.31,32,5676564
108/07/10,152137,33.11,33.11,32.99,33.01,0.33,18,5019253
108/07/11,178575,33.30,33.43,33.29,33.40,0.39,41,5962045
108/07/12,156538,33.27,33.27,33.20,33.22,0.18,13,5199992
108/07/15,395490,33.29,33.31,33.23,33.24,0.02,158,13158011
108/07/16,291750,33.31,33.39,33.31,33.35,0.11,97,9729799
108/07/17,300383,33.08,33.13,33.07,33.11,0.24,112,9943932
108/07/18,151080,32.82,32.93,32.82,32.88,0.23,26,4971134
108/07/19,784600,33.20,33.26,33.12,33.12,0.24,188,26023330
108/07/22,182381,32.69,32.78,32.66,32.78,0.34,27,5971575
108/07/23,176837,33.15,33.16,33.08,33.08,0.30,29,5859388
108/07/24,33701,33.18,33.28,33.18,33.26,0.18,30,1120431
108/07/25,278552,33.46,33.51,33.44,33.51,0.25,55,9324201
108/07/26,202526,33.39,33.53,33.39,33.50,0.01,39,6782871
108/07/29,250868,33.50,33.55,33.49,33.55,0.05,87,8407445
108/07/30,192187,33.55,33.58,33.54,33.58,0.03,41,6451364
108/07/31,196192,33.44,33.50,33.40,33.45,0.13,24,6570029
