﻿元大歐洲50,	00660
日期,成交股數,開盤價,最高價,最低價,收盤價,漲跌價差,成交筆數,成交金額
107/06/01,6000,24.47,24.47,24.38,24.45,0.18,5,146540
107/06/04,1000,24.75,24.75,24.75,24.75,0.30,1,24750
107/06/05,5000,24.75,24.75,24.75,24.75,,4,123750
107/06/06,70,--,--,--,--,,1,1732
107/06/07,2000,24.80,24.96,24.80,24.96,X,2,49760
107/06/08,5000,24.71,24.71,24.66,24.66,0.30,4,123370
107/06/11,3000,24.83,24.83,24.75,24.75,0.09,3,74410
107/06/12,2000,24.95,24.95,24.95,24.95,0.20,2,49900
107/06/13,2000,24.98,24.98,24.98,24.98,0.03,2,49960
107/06/14,288000,24.97,24.97,24.86,24.86,0.12,7,7171200
107/06/15,18000,25.26,25.27,25.24,25.25,0.39,11,454600
107/06/19,5000,24.88,24.88,24.83,24.83,0.42,5,124200
107/06/20,13000,24.69,24.75,24.63,24.66,0.17,8,320600
107/06/21,373000,24.61,24.67,24.60,24.67,0.01,13,9187080
107/06/22,399000,24.43,24.47,24.41,24.44,0.23,20,9747580
107/06/25,1000,24.56,24.56,24.56,24.56,0.12,1,24560
107/06/26,6000,24.25,24.25,24.21,24.22,0.34,6,145330
107/06/27,1000,24.26,24.26,24.26,24.26,0.04,1,24260
107/06/28,7082,24.26,24.30,24.26,24.30,0.04,7,172051
107/06/29,13000,24.32,24.32,24.30,24.32,0.02,4,316140
107/07/02,4000,24.32,24.32,24.25,24.25,0.07,4,97140
107/07/03,13000,24.25,24.34,24.23,24.23,0.02,4,315410
107/07/04,1000,24.40,24.40,24.40,24.40,0.17,1,24400
107/07/05,5000,24.56,24.56,24.45,24.45,0.05,4,122540
107/07/06,4080,24.81,24.81,24.74,24.74,0.29,5,101008
107/07/09,1000,24.74,24.74,24.74,24.74,,1,24740
107/07/10,7000,24.79,24.93,24.79,24.90,0.16,3,173780
107/07/11,7000,24.75,24.78,24.75,24.76,0.14,3,173330
107/07/12,8000,24.62,24.67,24.62,24.67,0.09,5,197160
107/07/13,1000,24.83,24.83,24.83,24.83,0.16,1,24830
107/07/16,4000,24.77,24.77,24.76,24.76,0.07,3,99060
107/07/17,2138,24.76,24.77,24.76,24.77,0.01,4,52946
107/07/18,2000,24.85,24.85,24.85,24.85,0.08,1,49700
107/07/19,5000,24.93,25.03,24.93,25.03,0.18,4,124780
107/07/20,1000,24.91,24.91,24.91,24.91,0.12,1,24910
107/07/23,3000,24.79,24.79,24.77,24.77,0.14,2,74330
107/07/24,7001,24.81,24.83,24.81,24.83,0.06,4,173814
107/07/25,18000,24.95,24.95,24.93,24.95,0.12,4,448950
107/07/26,11000,25.02,25.12,25.02,25.12,0.17,6,276120
107/07/27,10039,25.15,25.20,25.15,25.20,0.08,6,252622
107/07/30,10000,25.10,25.10,25.08,25.08,0.12,4,250820
107/07/31,2000,25.19,25.19,25.17,25.17,0.09,2,50360
107/08/01,13000,25.25,25.25,25.23,25.23,0.06,6,328090
107/08/02,3000,25.26,25.26,25.20,25.20,0.03,3,75720
107/08/03,8000,25.07,25.07,24.98,24.98,0.22,5,200080
107/08/06,12021,25.00,25.08,25.00,25.08,0.10,4,301327
107/08/07,1000,25.02,25.02,25.02,25.02,0.06,1,25020
107/08/08,1000,25.10,25.10,25.10,25.10,0.08,1,25100
107/08/09,4000,25.08,25.10,25.08,25.10,,3,100380
107/08/10,4000,25.09,25.09,25.02,25.02,0.08,4,100270
107/08/13,5000,24.57,24.57,24.48,24.50,0.52,5,122570
107/08/14,5000,24.46,24.51,24.40,24.51,0.01,4,122350
107/08/15,4000,24.52,24.52,24.50,24.50,0.01,4,98020
107/08/16,7000,24.09,24.27,24.09,24.23,0.27,7,169520
107/08/17,2000,24.26,24.26,24.23,24.23,,2,48490
107/08/20,4000,24.21,24.22,24.21,24.22,0.01,4,96870
107/08/21,3000,24.34,24.38,24.34,24.34,0.12,3,73060
107/08/22,1000,24.43,24.43,24.43,24.43,0.09,1,24430
107/08/23,4000,24.56,24.56,24.49,24.49,0.06,4,98100
107/08/24,3000,24.53,24.61,24.53,24.61,0.12,3,73750
107/08/27,3000,24.62,24.63,24.62,24.63,0.02,3,73880
107/08/28,2000,24.85,24.89,24.85,24.89,0.26,2,49740
107/08/29,4000,24.86,24.86,24.83,24.83,0.06,4,99380
107/08/30,5000,24.83,24.83,24.80,24.80,0.03,3,124060
107/08/31,8000,24.71,24.74,24.71,24.74,0.06,7,197860
107/09/03,5000,24.36,24.36,24.36,24.36,0.38,3,121800
107/09/04,4000,24.48,24.48,24.43,24.43,0.07,3,97870
107/09/05,5000,24.07,24.12,24.07,24.12,0.31,2,120500
107/09/06,4000,23.87,23.88,23.87,23.88,0.24,4,95500
107/09/07,4000,23.74,23.76,23.73,23.73,0.15,4,94970
107/09/10,76183,23.74,23.75,23.68,23.74,0.01,21,1807215
107/09/11,4000,23.86,23.86,23.86,23.86,0.12,3,95440
107/09/12,5000,23.86,23.86,23.80,23.80,0.06,4,119160
107/09/13,3000,23.88,23.88,23.84,23.84,0.04,3,71580
107/09/14,9000,23.89,23.98,23.89,23.98,0.14,3,215100
107/09/17,6016,23.98,23.98,23.95,23.96,0.02,5,144184
107/09/18,10000,23.92,24.00,23.92,24.00,0.04,6,239510
107/09/19,1000,24.20,24.20,24.20,24.20,0.20,1,24200
107/09/20,1000,24.19,24.19,24.19,24.19,0.01,1,24190
107/09/21,90000,24.43,24.46,24.43,24.46,0.27,13,2200880
107/09/25,11000,24.51,24.52,24.51,24.52,0.06,2,269710
107/09/26,1000,24.68,24.68,24.68,24.68,0.16,1,24680
107/09/27,1000,24.66,24.66,24.66,24.66,0.02,1,24660
107/09/28,11000,24.72,24.75,24.72,24.75,0.09,4,272120
107/10/01,3000,24.52,24.52,24.41,24.41,0.34,2,73340
107/10/02,108000,24.20,24.39,24.20,24.39,0.02,14,2630700
107/10/03,3000,24.46,24.46,24.46,24.46,0.07,2,73380
107/10/04,3000,24.44,24.44,24.34,24.34,0.12,3,73180
107/10/05,1000,24.27,24.27,24.27,24.27,0.07,1,24270
107/10/08,5000,24.10,24.11,24.10,24.10,0.17,4,120510
107/10/09,6000,23.67,23.85,23.67,23.85,0.25,5,142500
107/10/11,26000,23.04,23.04,22.70,22.77,1.08,16,596740
107/10/12,56000,23.15,23.18,23.15,23.18,0.41,5,1296540
107/10/15,4000,22.82,22.90,22.82,22.90,0.28,3,91440
107/10/16,2000,23.10,23.10,23.10,23.10,0.20,2,46200
107/10/17,4000,23.43,23.44,23.43,23.44,0.34,2,93750
107/10/18,0,--,--,--,--,,0,0
107/10/19,5000,23.03,23.18,23.03,23.07,X,5,115390
107/10/22,2000,22.92,22.92,22.92,22.92,0.15,2,45840
107/10/23,20000,22.84,22.85,22.70,22.70,0.22,9,455670
107/10/24,128000,22.50,22.63,22.50,22.62,0.08,13,2896370
107/10/25,239000,22.52,22.52,22.41,22.42,0.20,16,5361740
107/10/26,8000,22.53,22.55,22.47,22.47,0.05,4,180040
107/10/29,29000,22.48,22.53,22.48,22.53,0.06,2,653320
107/10/30,11000,22.70,22.71,22.70,22.71,0.18,3,249710
107/10/31,5000,22.83,22.83,22.83,22.83,0.12,1,114150
107/11/01,0,--,--,--,--,,0,0
107/11/02,3000,23.12,23.12,23.12,23.12,X,3,69360
107/11/08,5000,23.37,23.37,23.37,23.37,0.05,2,116850
107/11/09,2000,23.36,23.36,23.36,23.36,0.01,1,46720
107/11/12,2000,23.23,23.23,23.23,23.23,0.13,2,46460
107/11/16,2000,23.11,23.11,23.10,23.10,0.01,2,46210
107/11/19,2000,22.79,22.79,22.79,22.79,0.31,2,45580
107/11/20,4000,22.68,22.69,22.68,22.69,0.10,2,90750
107/11/21,2000,22.50,22.50,22.50,22.50,0.19,2,45000
107/11/22,1000,22.77,22.77,22.77,22.77,0.27,1,22770
107/11/23,7000,22.53,22.58,22.53,22.58,0.19,3,158010
107/11/26,2000,22.68,22.68,22.68,22.68,0.10,2,45360
107/11/27,1000,22.80,22.80,22.80,22.80,0.12,1,22800
107/11/28,1000,22.75,22.75,22.75,22.75,0.05,1,22750
107/11/29,32000,22.83,22.90,22.81,22.81,0.06,3,730610
107/11/30,0,--,--,--,--,,0,0
107/12/03,6000,23.15,23.17,23.15,23.17,X,2,138960
107/12/04,10000,23.14,23.14,23.10,23.10,0.07,3,231330
107/12/05,0,--,--,--,--,,0,0
107/12/06,3000,22.44,22.44,22.37,22.37,X,3,67210
107/12/07,4000,22.26,22.27,22.25,22.25,0.12,3,89030
107/12/10,10000,21.81,21.82,21.71,21.75,0.50,7,217590
107/12/11,2000,21.87,21.87,21.86,21.86,0.11,2,43730
107/12/12,1000,22.06,22.06,22.06,22.06,0.20,1,22060
107/12/13,2000,22.36,22.36,22.36,22.36,0.30,2,44720
107/12/14,6000,22.29,22.29,22.28,22.28,0.08,2,133720
107/12/17,3000,22.22,22.25,22.22,22.25,0.03,3,66690
107/12/18,2000,22.04,22.04,22.04,22.04,0.21,1,44080
107/12/19,1000,21.88,21.88,21.88,21.88,0.16,1,21880
107/12/20,59000,21.76,21.76,21.57,21.58,0.30,10,1275800
107/12/21,1000,21.53,21.53,21.53,21.53,0.05,1,21530
107/12/22,2000,21.53,21.53,21.53,21.53,,2,43060
107/12/24,4000,21.64,21.64,21.64,21.64,0.11,4,86560
107/12/25,1000,21.52,21.52,21.52,21.52,0.12,1,21520
107/12/26,6000,21.40,21.40,21.40,21.40,0.12,3,128400
107/12/27,15000,21.40,21.45,21.40,21.45,0.05,6,321480
107/12/28,0,--,--,--,--,,0,0
108/01/02,7000,21.36,21.36,21.27,21.27,X,3,149070
108/01/03,13000,21.54,21.54,21.46,21.46,0.19,5,279580
108/01/04,2000,21.23,21.23,21.20,21.20,0.26,2,42430
108/01/07,16000,22.05,22.05,21.86,21.86,0.66,5,350070
108/01/08,10000,21.93,21.93,21.84,21.84,0.02,7,218730
108/01/09,9000,21.97,22.10,21.97,22.10,0.26,7,198490
108/01/10,11000,22.00,22.00,21.85,21.90,0.20,5,241050
108/01/11,1000,22.16,22.16,22.16,22.16,0.26,1,22160
108/01/14,7000,21.97,21.97,21.96,21.96,0.20,4,153780
108/01/15,9000,22.06,22.16,22.06,22.16,0.20,6,198940
108/01/16,9000,22.10,22.10,22.05,22.06,0.10,4,198760
108/01/17,4000,22.07,22.07,22.07,22.07,0.01,2,88280
108/01/18,22000,22.06,22.06,22.06,22.06,0.01,3,485320
108/01/21,7000,22.43,22.47,22.43,22.47,0.41,4,157130
108/01/22,109000,22.77,22.77,22.35,22.35,0.12,11,2458270
108/01/23,25000,22.30,22.34,22.25,22.25,0.10,5,557420
108/01/28,2000,22.48,22.48,22.48,22.48,,2,44960
108/01/29,1000,22.46,22.46,22.46,22.46,0.02,1,22460
108/01/30,2000,22.60,22.60,22.57,22.57,0.11,2,45170
108/02/11,2000,22.60,22.60,22.60,22.60,0.03,2,45200
108/02/12,5000,22.78,22.78,22.74,22.74,0.14,3,113860
108/02/13,32000,22.93,22.97,22.90,22.90,0.16,5,732900
108/02/14,41000,22.90,22.90,22.90,22.90,,4,938900
108/02/15,7000,22.88,22.88,22.80,22.80,0.10,3,160000
108/02/18,85000,23.00,23.15,23.00,23.14,0.34,8,1959650
108/02/19,7000,23.20,23.20,23.14,23.14,,6,162310
108/02/20,46000,23.20,23.20,23.20,23.20,0.06,4,1067200
108/02/21,54000,23.30,23.30,23.30,23.30,0.10,6,1258200
108/02/22,1000,23.34,23.34,23.34,23.34,0.04,1,23340
108/02/25,2000,23.40,23.40,23.40,23.40,0.06,1,46800
108/02/26,0,--,--,--,--,,0,0
108/02/27,5000,23.56,23.56,23.56,23.56,X,2,117800
108/03/04,18000,23.94,23.94,23.83,23.85,0.29,5,429460
108/03/05,63000,23.80,23.80,23.79,23.80,0.05,21,1499240
108/03/06,5000,23.75,23.77,23.75,23.77,0.03,4,118790
108/03/07,103000,23.85,23.87,23.83,23.85,0.08,13,2456150
108/03/08,501000,23.76,23.76,23.75,23.76,0.09,56,11902910
108/03/11,79000,23.68,23.73,23.65,23.69,0.07,35,1869990
108/03/12,2000,23.90,23.90,23.90,23.90,0.21,2,47800
108/03/13,64000,23.65,23.66,23.63,23.66,0.24,5,1512610
108/03/14,14000,23.86,23.93,23.84,23.84,0.18,4,333930
108/03/15,24000,23.96,23.98,23.96,23.98,0.14,3,575280
108/03/18,7000,24.28,24.30,24.28,24.30,0.32,5,170000
108/03/19,6000,24.30,24.37,24.30,24.36,0.06,5,146080
108/03/20,4000,24.38,24.38,24.33,24.33,0.03,2,97420
108/03/21,8000,24.31,24.31,24.30,24.30,0.03,5,194440
108/03/22,4000,24.30,24.33,24.30,24.32,0.02,3,97270
108/03/25,6000,23.61,23.70,23.61,23.70,0.62,3,141850
108/03/26,2000,23.85,23.85,23.73,23.73,0.03,2,47580
108/03/27,10000,23.82,23.92,23.82,23.92,0.19,6,238500
108/03/28,0,--,--,--,--,,0,0
108/03/29,1000,23.98,23.98,23.98,23.98,X,1,23980
108/04/01,4000,24.19,24.22,24.19,24.22,0.24,4,96810
108/04/02,23000,24.26,24.34,24.26,24.34,0.12,4,558320
108/04/03,2000,24.55,24.55,24.53,24.53,0.19,2,49080
108/04/08,28000,24.50,24.55,24.49,24.55,0.02,7,685880
108/04/09,7000,24.59,24.67,24.59,24.67,0.12,6,172570
108/04/10,11000,24.40,24.46,24.40,24.46,0.21,5,268630
108/04/11,5004,24.57,24.57,24.57,24.57,0.11,5,122949
108/04/12,3000,24.58,24.65,24.58,24.63,0.06,3,73860
108/04/15,10000,24.71,24.75,24.71,24.75,0.12,6,247330
108/04/16,11000,24.80,24.82,24.72,24.82,0.07,8,272290
108/04/17,19000,24.90,24.90,24.79,24.88,0.06,7,471560
108/04/18,8000,24.84,24.95,24.84,24.95,0.07,4,198830
108/04/19,7000,25.02,25.03,25.02,25.02,0.07,6,175160
108/04/22,56000,25.01,25.01,25.00,25.01,0.01,5,1400160
108/04/23,70000,25.02,25.03,25.02,25.02,0.01,16,1751850
108/04/24,1000,25.05,25.05,25.05,25.05,0.03,1,25050
108/04/25,7000,25.01,25.01,25.01,25.01,0.04,2,175070
108/04/26,55000,24.93,24.98,24.89,24.97,0.04,8,1373260
108/04/29,4000,25.15,25.15,25.15,25.15,0.18,3,100600
108/04/30,3000,25.14,25.14,25.14,25.14,0.01,3,75420
108/05/02,3000,25.17,25.19,25.17,25.19,0.05,3,75530
108/05/03,37000,25.15,25.15,25.15,25.15,0.04,4,930550
108/05/06,10000,24.83,24.83,24.76,24.79,0.36,5,247910
108/05/07,1000,24.98,24.98,24.98,24.98,0.19,1,24980
108/05/08,2000,24.60,24.60,24.58,24.58,0.40,2,49180
108/05/09,9000,24.63,24.63,24.52,24.52,0.06,2,220790
108/05/10,13000,24.59,24.60,24.53,24.53,0.01,4,319200
108/05/13,1000,24.43,24.43,24.43,24.43,0.10,1,24430
108/05/14,6000,24.22,24.24,24.21,24.21,0.22,4,145350
108/05/15,4000,24.28,24.41,24.28,24.37,0.16,3,97430
108/05/16,9000,24.37,24.37,24.35,24.37,,3,219310
108/05/17,5000,24.93,24.93,24.77,24.77,0.40,4,124170
108/05/20,3000,24.79,24.79,24.79,24.79,0.02,1,74370
108/05/21,9000,24.64,24.64,24.62,24.62,0.17,2,221720
108/05/22,157000,24.69,24.73,24.69,24.70,0.08,19,3877490
108/05/23,2000,24.57,24.58,24.57,24.58,0.12,2,49150
108/05/24,1000,24.42,24.42,24.42,24.42,0.16,1,24420
108/05/27,3000,24.62,24.62,24.54,24.54,0.12,2,73700
108/05/28,4000,24.65,24.65,24.65,24.65,0.11,3,98600
108/05/29,4000,24.37,24.37,24.35,24.36,0.29,4,97440
108/05/30,76000,24.22,24.22,24.20,24.20,0.16,6,1839220
108/05/31,5000,24.07,24.08,24.07,24.08,0.12,5,120370
108/06/03,4000,23.94,23.94,23.80,23.80,0.28,4,95460
108/06/04,3130,24.02,24.02,24.02,24.02,0.22,3,75177
108/06/05,31000,24.43,24.43,24.43,24.43,0.41,3,757330
108/06/06,6000,24.56,24.56,24.52,24.52,0.09,3,147200
108/06/10,1000,24.80,24.80,24.80,24.80,0.28,1,24800
108/06/11,1044,24.80,24.80,24.80,24.80,,2,25890
108/06/12,311000,24.89,24.92,24.89,24.89,0.09,24,7740820
108/06/13,2000,24.89,24.89,24.86,24.86,0.03,2,49750
108/06/14,1000,24.86,24.86,24.86,24.86,,1,24860
108/06/17,4000,24.86,24.93,24.86,24.93,0.07,4,99580
108/06/18,2000,24.86,24.86,24.86,24.86,0.07,2,49720
108/06/19,33000,25.28,25.45,25.28,25.30,0.44,9,834660
108/06/20,1000,25.40,25.40,25.40,25.40,0.10,1,25400
108/06/21,4000,25.40,25.41,25.40,25.41,0.01,3,101630
108/06/24,17000,25.34,25.41,25.34,25.41,,7,430990
108/06/25,2000,25.40,25.40,25.40,25.40,0.01,1,50800
108/06/26,2000,25.27,25.27,25.27,25.27,0.13,2,50540
108/06/27,29000,25.28,25.39,25.28,25.32,0.05,3,733550
108/06/28,1000,25.32,25.32,25.32,25.32,,1,25320
108/07/01,27000,25.55,25.62,25.55,25.62,0.30,10,690560
108/07/02,4000,25.65,25.65,25.60,25.60,0.02,2,102500
108/07/03,5000,25.63,25.63,25.62,25.62,0.02,4,128110
108/07/04,15000,25.88,25.91,25.87,25.87,0.25,3,388460
108/07/05,3000,25.87,25.87,25.84,25.84,0.03,2,77550
108/07/08,13000,25.80,25.80,25.70,25.70,0.14,4,334200
108/07/09,6000,25.63,25.70,25.63,25.63,0.07,5,153920
108/07/10,2000,25.68,25.68,25.64,25.64,0.01,2,51320
108/07/11,51000,25.57,25.65,25.57,25.65,0.01,8,1306810
108/07/12,10312,25.57,25.67,25.57,25.61,0.04,9,264000
108/07/15,32000,25.60,25.60,25.50,25.56,0.05,6,817080
108/07/16,3000,25.63,25.63,25.59,25.59,0.03,2,76850
108/07/17,5000,25.66,25.66,25.64,25.64,0.05,4,128250
108/07/18,0,--,--,--,--,,0,0
108/07/19,2000,25.58,25.58,25.58,25.58,X,2,51160
108/07/22,1000,25.38,25.38,25.38,25.38,0.20,1,25380
108/07/23,22000,25.60,25.63,25.60,25.62,0.24,8,563370
108/07/24,15000,25.76,25.85,25.76,25.85,0.23,6,386810
108/07/25,11000,25.88,25.88,25.88,25.88,0.03,3,284680
108/07/26,8000,25.58,25.62,25.58,25.62,0.26,5,204800
108/07/29,6000,25.64,25.70,25.64,25.70,0.08,5,154020
108/07/30,4000,25.70,25.85,25.70,25.82,0.12,3,103220
108/07/31,11000,25.38,25.38,25.38,25.38,0.44,3,279180
