﻿群益NBI生技,	00678
日期,成交股數,開盤價,最高價,最低價,收盤價,漲跌價差,成交筆數,成交金額
107/06/01,320000,21.46,21.53,21.46,21.52,0.01,13,6885580
107/06/04,458138,21.67,21.74,21.66,21.71,0.19,38,9947314
107/06/05,302162,21.58,21.58,21.53,21.53,0.18,12,6517599
107/06/06,336000,21.53,21.58,21.53,21.58,0.05,18,7246900
107/06/07,386010,21.75,21.80,21.75,21.80,0.22,32,8408978
107/06/08,326175,21.63,21.67,21.63,21.67,0.13,24,7064690
107/06/11,518000,21.64,21.77,21.63,21.76,0.09,22,11274190
107/06/12,523000,21.74,21.77,21.72,21.76,,24,11378020
107/06/13,1430000,21.81,22.00,21.81,21.98,0.22,71,31359020
107/06/14,451000,21.98,21.98,21.90,21.93,0.05,28,9880690
107/06/15,462000,22.00,22.21,22.00,22.20,0.27,44,10248240
107/06/19,422000,22.20,22.20,21.90,21.99,0.21,31,9278160
107/06/20,669000,22.28,22.56,22.28,22.54,0.55,97,15082620
107/06/21,496000,22.65,22.73,22.65,22.72,0.18,55,11262290
107/06/22,314000,22.64,22.68,22.45,22.45,0.27,34,7058890
107/06/25,323500,22.45,22.60,22.45,22.55,0.10,33,7307864
107/06/26,403000,22.26,22.29,22.25,22.29,0.26,37,8971870
107/06/27,360629,22.30,22.30,22.18,22.19,0.10,29,8016504
107/06/28,335001,21.73,21.94,21.73,21.94,0.25,29,7346011
107/06/29,281000,21.94,22.10,21.94,22.04,0.10,25,6199330
107/07/02,434000,22.27,22.27,22.16,22.16,0.12,24,9652180
107/07/03,371133,22.28,22.52,22.28,22.44,0.28,53,8348331
107/07/04,331100,22.52,22.52,22.46,22.51,0.07,29,7454616
107/07/05,467088,22.56,22.58,22.50,22.51,,28,10526761
107/07/06,479087,22.74,22.91,22.74,22.89,0.38,56,10957941
107/07/09,371000,23.64,23.68,23.53,23.60,0.71,59,8752570
107/07/10,756200,23.66,23.75,23.62,23.67,0.07,69,17917297
107/07/11,535000,23.56,23.56,23.49,23.49,0.18,31,12584230
107/07/12,932560,23.61,23.82,23.61,23.73,0.24,56,22139804
107/07/13,2356546,24.15,24.29,24.14,24.24,0.51,636,57087606
107/07/16,1378175,24.24,24.26,24.12,24.12,0.12,162,33316297
107/07/17,807311,24.09,24.09,23.75,23.80,0.32,142,19222442
107/07/18,712300,23.94,24.07,23.94,24.04,0.24,66,17127580
107/07/19,682100,24.07,24.10,24.05,24.07,0.03,63,16431147
107/07/20,670000,24.16,24.18,24.09,24.12,0.05,67,16186450
107/07/23,704100,24.01,24.05,23.99,24.00,0.12,60,16901192
107/07/24,1293150,24.04,24.23,24.01,24.20,0.20,84,31283284
107/07/25,2431100,24.10,24.10,24.02,24.03,0.17,79,58447560
107/07/26,787000,24.17,24.21,24.00,24.08,0.05,205,18977470
107/07/27,697207,24.08,24.09,24.04,24.08,,73,16787528
107/07/30,745000,24.07,24.07,23.41,23.49,0.59,133,17488950
107/07/31,762000,23.38,23.39,23.33,23.34,0.15,91,17789520
107/08/01,421000,23.76,23.76,23.66,23.66,0.32,63,9980010
107/08/02,481150,23.75,23.86,23.75,23.77,0.11,74,11453025
107/08/03,486603,23.91,24.15,23.91,24.12,0.35,106,11734833
107/08/06,422000,24.12,24.13,23.89,23.89,0.23,82,10101730
107/08/07,372000,23.89,23.89,23.85,23.85,0.04,38,8882560
107/08/08,357000,24.06,24.09,24.06,24.06,0.21,41,8591670
107/08/09,351208,23.97,23.99,23.89,23.93,0.13,42,8421967
107/08/10,330000,23.95,23.95,23.86,23.88,0.05,29,7888630
107/08/13,465043,23.85,23.85,23.80,23.80,0.08,47,11074832
107/08/14,371500,23.90,23.95,23.90,23.90,0.10,165,8885500
107/08/15,728000,23.91,24.03,23.91,24.01,0.11,187,17460870
107/08/16,347000,23.66,23.78,23.60,23.75,0.26,38,8230180
107/08/17,469125,23.79,23.87,23.79,23.80,0.05,257,11174266
107/08/20,318000,23.77,23.79,23.76,23.79,0.01,23,7558910
107/08/21,368000,23.79,23.79,23.65,23.77,0.02,52,8725790
107/08/22,338000,23.83,23.89,23.83,23.84,0.07,34,8070330
107/08/23,418100,24.01,24.10,24.01,24.09,0.25,60,10066685
107/08/24,331208,24.09,24.09,24.01,24.06,0.03,33,7964122
107/08/27,333244,24.09,24.09,24.05,24.08,0.02,32,8025350
107/08/28,405728,24.20,24.40,24.20,24.35,0.27,90,9886013
107/08/29,184187,24.44,24.50,24.44,24.50,0.15,51,4510781
107/08/30,357065,24.56,24.79,24.56,24.76,0.26,70,8836839
107/08/31,552000,24.77,24.96,24.77,24.95,0.19,87,13751470
107/09/03,382000,25.00,25.04,24.98,24.98,0.03,55,9552990
107/09/04,377000,24.98,25.00,24.98,25.00,0.02,47,9421380
107/09/05,423000,24.98,24.98,24.70,24.73,0.27,63,10470070
107/09/06,352302,24.68,24.71,24.62,24.66,0.07,40,8696065
107/09/07,384000,24.40,24.40,24.14,24.20,0.46,60,9289220
107/09/10,355103,24.50,24.50,24.20,24.23,0.03,44,8604735
107/09/11,348000,24.26,24.30,24.23,24.25,0.02,26,8449190
107/09/12,385000,24.25,24.25,24.15,24.15,0.10,28,9310880
107/09/13,378202,24.16,24.16,24.06,24.06,0.09,51,9112188
107/09/14,507000,24.32,24.40,24.25,24.40,0.34,56,12342790
107/09/17,326000,24.37,24.37,24.16,24.22,0.18,32,7891610
107/09/18,341000,24.08,24.08,23.80,23.88,0.34,57,8138220
107/09/19,156000,23.95,24.14,23.95,24.14,0.26,24,3761840
107/09/20,403000,24.17,24.21,24.15,24.17,0.03,42,9746840
107/09/21,274240,24.45,24.62,24.45,24.61,0.44,65,6734655
107/09/25,573000,24.60,24.84,24.43,24.44,0.17,71,14103290
107/09/26,526000,24.45,24.60,24.45,24.58,0.14,39,12928250
107/09/27,454007,24.65,24.72,24.53,24.60,0.02,52,11140632
107/09/28,541000,24.70,24.79,24.68,24.78,0.18,69,13393010
107/10/01,372000,24.80,24.89,24.77,24.88,0.10,36,9251210
107/10/02,418125,24.79,24.79,24.48,24.58,0.30,54,10284518
107/10/03,357000,24.54,24.59,24.26,24.55,0.03,28,8769490
107/10/04,343000,24.66,24.72,24.64,24.68,0.13,34,8466090
107/10/05,154075,24.18,24.23,24.11,24.23,0.45,45,3727202
107/10/08,472000,24.11,24.11,23.97,24.00,0.23,42,11321010
107/10/09,322000,23.95,23.95,23.82,23.85,0.15,29,7691880
107/10/11,499100,22.60,23.08,22.60,22.84,1.01,66,11373504
107/10/12,401360,22.80,22.99,22.80,22.98,0.14,56,9209182
107/10/15,319000,23.10,23.10,22.80,22.85,0.13,24,7289110
107/10/16,373000,22.77,22.79,22.67,22.70,0.15,57,8464360
107/10/17,350010,23.51,23.51,23.41,23.43,0.73,42,8204779
107/10/18,360240,23.50,23.55,23.30,23.50,0.07,31,8456517
107/10/19,333000,23.30,23.30,23.18,23.23,0.27,35,7729520
107/10/22,383000,23.10,23.10,22.72,22.83,0.40,58,8727050
107/10/23,92000,22.77,22.77,22.28,22.30,0.53,66,2056760
107/10/24,435000,22.27,22.40,22.23,22.35,0.05,39,9720880
107/10/25,488000,21.29,21.29,21.00,21.05,1.30,87,10280300
107/10/26,340000,21.25,21.30,21.05,21.16,0.11,37,7180360
107/10/29,335000,21.16,21.60,21.16,21.55,0.39,29,7181650
