﻿兆豐藍籌30,	00690
日期,成交股數,開盤價,最高價,最低價,收盤價,漲跌價差,成交筆數,成交金額
107/06/01,319035,21.90,22.00,21.90,22.00,0.27,44,6995800
107/06/04,555200,22.05,22.29,22.05,22.27,0.27,157,12322010
107/06/05,509520,22.27,22.30,22.18,22.23,0.04,55,11346897
107/06/06,452172,22.23,22.50,22.23,22.50,0.27,102,10122489
107/06/07,437314,22.50,22.55,22.40,22.53,0.03,96,9831902
107/06/08,353001,22.55,22.55,22.33,22.41,0.12,65,7925802
107/06/11,408811,22.45,22.46,22.38,22.45,0.04,81,9158764
107/06/12,301001,22.45,22.45,22.26,22.38,0.07,47,6703482
107/06/13,351389,22.38,22.43,22.24,22.43,0.05,57,7866104
107/06/14,408000,22.43,22.43,22.05,22.05,0.38,82,9043480
107/06/15,305100,22.10,22.17,22.00,22.17,0.12,40,6725180
107/06/19,109000,22.17,22.17,21.80,21.80,0.37,71,2388000
107/06/20,296372,21.80,22.14,21.73,22.14,0.34,33,6475079
107/06/21,576000,22.05,22.10,22.02,22.04,0.10,28,12692630
107/06/22,469300,22.04,22.04,21.78,22.01,0.03,37,10285989
107/06/25,489200,21.80,21.93,21.80,21.85,0.16,44,10703739
107/06/26,497040,21.79,21.85,21.70,21.84,0.01,64,10814113
107/06/27,303000,21.88,21.96,21.74,21.74,0.10,36,6618790
107/06/28,488000,21.70,21.77,21.66,21.73,0.01,42,10597610
107/06/29,337770,21.79,22.10,21.79,22.10,0.37,57,7380162
107/07/02,274041,22.23,22.23,22.04,22.08,0.02,28,6074368
107/07/03,278003,22.20,22.28,22.01,22.07,0.01,19,6141751
107/07/04,266000,22.07,22.13,22.04,22.12,0.05,22,5865930
107/07/05,324000,21.95,21.95,21.75,21.84,0.28,40,7101780
107/07/06,340000,21.84,21.91,21.63,21.91,0.07,47,7400180
107/07/09,359000,21.97,22.18,21.97,22.18,0.27,43,7949050
107/07/10,329182,22.20,22.35,22.20,22.26,0.08,47,7326638
107/07/11,373150,22.09,22.17,22.00,22.11,0.15,29,8240845
107/07/12,444000,22.11,22.38,22.11,22.34,0.23,70,9921760
107/07/13,365966,22.40,22.50,22.35,22.50,0.16,79,8213774
107/07/16,297049,22.50,22.58,22.44,22.47,0.03,44,6671073
107/07/17,299021,22.40,22.40,22.28,22.30,0.17,32,6669972
107/07/18,108000,22.41,22.44,22.35,22.40,0.10,35,2421390
107/07/19,42199,22.50,22.50,22.38,22.38,0.02,31,947717
107/07/20,78000,22.38,22.62,22.38,22.48,0.10,46,1757760
107/07/23,374282,22.58,22.60,22.48,22.55,0.07,60,8433076
107/07/24,446150,22.55,22.66,22.55,22.66,0.11,88,10086682
107/07/25,304936,22.66,22.71,22.66,22.70,0.04,47,6918995
107/07/26,368821,22.70,22.77,22.70,22.75,0.05,59,8383512
107/07/27,341751,22.75,22.91,22.75,22.91,0.16,66,7815440
107/07/30,299039,22.91,23.00,22.86,22.89,0.02,38,6865437
107/07/31,301008,22.90,22.95,22.83,22.91,0.02,43,6886100
107/08/01,323238,22.95,23.01,22.94,22.98,0.07,31,7428206
107/08/02,878000,22.98,22.98,22.52,22.62,0.36,68,19895690
107/08/03,287000,22.62,22.82,22.62,22.82,0.20,23,6543100
107/08/06,283757,22.75,22.86,22.75,22.80,0.02,27,6484306
107/08/07,260000,22.82,22.82,22.76,22.81,0.01,13,5933010
107/08/08,309045,22.81,22.96,22.81,22.92,0.11,28,7083462
107/08/09,272713,23.00,23.00,22.85,22.89,0.03,24,6244901
107/08/10,239000,22.89,22.90,22.80,22.80,0.09,16,5468110
107/08/13,429000,22.52,22.63,22.23,22.34,0.46,74,9669250
107/08/14,294000,22.43,22.49,22.35,22.48,0.14,21,6585650
107/08/15,754000,22.48,22.48,22.27,22.27,0.21,61,16848790
107/08/16,383000,22.27,22.27,22.10,22.20,0.07,55,8508310
107/08/17,322000,22.33,22.33,22.15,22.18,0.02,38,7176830
107/08/20,282000,22.25,22.32,22.18,22.23,0.05,24,6284000
107/08/21,291455,22.50,22.50,22.25,22.44,0.21,29,6507322
107/08/22,47697,22.44,22.51,22.39,22.44,,24,1071128
107/08/23,292409,22.49,22.53,22.39,22.53,0.09,35,6571393
107/08/24,347000,22.53,22.53,22.38,22.50,0.03,23,7782360
107/08/27,302000,22.66,22.73,22.63,22.73,0.23,26,6838250
107/08/28,307980,22.76,22.95,22.76,22.88,0.15,37,7052013
107/08/29,359705,22.95,23.02,22.88,22.97,0.09,54,8270512
107/08/30,387039,23.14,23.36,23.04,23.04,0.07,67,8969411
107/08/31,308100,23.08,23.08,22.94,23.06,0.02,34,7079764
107/09/03,54138,23.06,23.18,22.90,22.93,0.13,38,1246451
107/09/04,282523,22.94,23.02,22.90,23.02,0.09,33,6478878
107/09/05,315643,22.99,23.03,22.99,22.99,0.03,25,7266671
107/09/06,330165,22.99,22.99,22.77,22.84,0.15,33,7547315
107/09/07,399000,22.79,22.82,22.70,22.79,0.05,39,9098190
107/09/10,373000,22.79,22.79,22.50,22.58,0.21,60,8421970
107/09/11,428644,22.58,22.61,22.43,22.50,0.08,66,9637848
107/09/12,524087,22.52,22.55,22.38,22.45,0.05,60,11776071
107/09/13,420000,22.50,22.52,22.38,22.39,0.06,66,9437280
107/09/14,296000,22.39,22.71,22.39,22.70,0.31,27,6681880
107/09/17,272000,22.86,22.86,22.58,22.64,0.06,21,6165400
107/09/18,293000,22.64,22.64,22.50,22.53,0.11,30,6613940
107/09/19,297028,23.80,23.80,22.60,22.60,0.07,34,6743474
107/09/20,277000,22.61,22.63,22.57,22.60,,26,6253570
107/09/21,365000,22.64,22.90,22.62,22.90,0.30,42,8317040
107/09/25,142000,22.82,22.92,22.82,22.86,0.04,28,3252420
107/09/26,298000,22.83,22.90,22.78,22.83,0.03,34,6806050
107/09/27,274000,22.83,22.90,22.83,22.89,0.06,23,6269060
107/09/28,294291,22.90,22.94,22.79,22.80,0.09,30,6743129
107/10/01,276782,22.82,22.95,22.82,22.92,0.12,32,6338391
107/10/02,317067,22.92,22.92,22.73,22.73,0.19,45,7221151
107/10/03,291000,22.69,22.70,22.61,22.61,0.12,32,6601980
107/10/04,407098,22.58,22.58,22.40,22.49,0.12,67,9143016
107/10/05,442010,22.49,22.49,21.94,22.03,0.46,235,9777613
107/10/08,213201,21.80,21.97,21.80,21.90,0.13,96,4667228
107/10/09,559440,22.09,22.16,21.90,21.97,0.07,53,12296790
107/10/11,361140,21.80,21.80,21.15,21.15,0.82,204,7756432
107/10/12,279000,21.10,21.31,20.42,21.25,0.10,113,5841950
107/10/15,701000,21.60,21.60,20.97,20.97,0.28,134,14846870
107/10/16,335000,20.97,21.13,20.91,20.97,,55,7067780
107/10/17,304000,21.19,21.27,20.97,20.97,,46,6449300
107/10/18,394000,21.03,21.03,20.85,20.90,0.07,59,8254910
107/10/19,289278,20.70,20.93,20.68,20.93,0.03,26,6011239
107/10/22,279000,20.93,21.01,20.78,20.93,,31,5817570
107/10/23,451500,20.93,20.93,20.68,20.68,0.25,119,9382609
107/10/24,429000,20.68,20.68,20.32,20.40,0.28,110,8759940
107/10/25,484500,20.22,20.22,19.96,20.00,0.40,144,9698799
107/10/26,408500,20.14,20.14,19.78,19.93,0.07,98,8177740
107/10/29,328167,19.95,19.96,19.88,19.96,0.03,62,6539491
107/10/30,265683,19.97,20.05,19.97,20.04,0.08,19,5324216
107/10/31,303004,20.12,20.39,20.12,20.39,0.35,38,6156105
107/11/01,282000,20.45,20.65,20.45,20.63,0.24,30,5816960
107/11/02,290970,20.70,20.70,20.63,20.70,0.07,34,6019067
107/11/08,328389,21.00,21.00,20.85,20.87,0.18,43,6851377
107/11/09,302118,20.66,20.70,20.55,20.59,0.28,36,6232196
107/11/12,402500,20.59,20.74,20.57,20.70,0.11,28,8334924
107/11/16,549965,20.61,20.61,20.52,20.55,0.06,88,11324818
107/11/19,341000,20.55,20.59,20.47,20.50,0.05,47,7011000
107/11/20,579394,20.50,20.50,20.30,20.33,0.17,104,11832087
107/11/21,335000,20.06,20.30,20.06,20.30,0.03,35,6762550
107/11/22,316000,20.39,20.42,20.28,20.28,0.02,35,6438460
107/11/23,319678,20.27,20.27,20.15,20.22,0.06,36,6464545
107/11/26,274052,20.22,20.43,20.22,20.35,0.13,21,5597688
107/11/27,351000,20.30,20.35,20.20,20.35,,47,7098050
107/11/28,297000,20.35,20.35,19.69,19.93,X,171,5899980
107/11/29,342538,20.10,20.19,19.98,19.98,0.05,62,6872448
107/11/30,325488,20.00,20.05,19.96,19.96,0.02,71,6522174
107/12/03,447004,20.13,20.35,20.13,20.34,0.38,66,9084596
107/12/04,272159,20.34,20.35,20.25,20.30,0.04,25,5532797
107/12/05,446100,20.14,20.14,19.92,19.92,0.38,141,8940060
107/12/06,738199,19.90,19.90,19.48,19.53,0.39,257,14440639
107/12/07,302000,19.65,19.65,19.56,19.59,0.06,55,5915080
107/12/10,411000,19.59,19.59,19.33,19.33,0.26,101,7977800
107/12/11,468453,19.50,19.50,19.36,19.37,0.04,40,9089156
107/12/12,285696,19.50,19.62,19.50,19.62,0.25,29,5590201
107/12/13,303100,19.70,19.82,19.65,19.66,0.04,37,5965249
107/12/14,301000,19.65,19.65,19.42,19.50,0.16,36,5860900
107/12/17,321000,19.45,19.64,19.42,19.64,0.14,30,6289980
107/12/18,381574,19.63,19.63,19.50,19.54,0.10,24,7477399
107/12/19,370871,19.54,19.63,19.54,19.60,0.06,19,7268320
107/12/20,382482,19.60,19.60,19.48,19.48,0.12,35,7478525
107/12/21,375000,19.48,19.48,19.33,19.40,0.08,29,7275350
107/12/22,479070,19.40,19.40,19.39,19.39,0.01,16,9293738
107/12/24,579544,19.39,19.39,19.32,19.36,0.03,52,11229575
107/12/25,552572,19.36,19.36,19.04,19.09,0.27,84,10599551
107/12/26,487073,19.09,19.22,19.01,19.01,0.08,68,9307754
107/12/27,607000,19.28,19.28,19.16,19.27,0.26,33,11675620
107/12/28,595000,19.30,19.40,19.25,19.40,0.13,35,11491210
108/01/02,296843,19.68,19.68,19.13,19.13,0.27,39,5713976
108/01/03,348007,19.04,19.12,18.98,18.98,0.15,77,6643410
108/01/04,402728,18.81,18.81,18.64,18.75,0.23,72,7548956
108/01/07,280000,18.98,19.15,18.98,19.15,0.40,27,5344340
108/01/08,270000,19.15,19.20,19.14,19.15,,17,5168600
108/01/09,328316,19.28,19.49,19.28,19.49,0.34,43,6378514
108/01/10,301000,19.49,19.49,19.36,19.39,0.10,18,5839590
108/01/11,412153,19.50,19.62,19.49,19.61,0.22,36,8082939
108/01/14,359333,19.52,19.52,19.46,19.47,0.14,22,7007859
108/01/15,271000,19.52,19.60,19.52,19.54,0.07,22,5311330
108/01/16,253000,19.56,19.56,19.53,19.53,0.01,9,4948630
108/01/17,298000,19.61,19.70,19.52,19.60,0.07,20,5839230
108/01/18,277000,19.60,19.72,19.60,19.68,0.08,25,5446660
108/01/21,358949,19.76,19.90,19.76,19.84,0.16,47,7132829
108/01/22,342312,19.80,19.82,19.75,19.82,0.02,20,6767057
108/01/23,278000,19.82,19.82,19.68,19.70,0.12,23,5491750
108/01/28,296000,19.95,20.05,19.94,19.97,0.09,38,5921700
108/01/29,318124,19.86,19.86,19.77,19.86,0.11,40,6307190
108/01/30,317045,19.86,19.92,19.85,19.92,0.06,22,6294339
108/02/11,472556,19.92,20.20,19.92,20.19,0.27,78,9521679
108/02/12,286754,20.19,20.24,20.19,20.24,0.05,32,5802564
108/02/13,269346,20.29,20.29,20.24,20.24,,22,5459396
108/02/14,291206,20.24,20.50,20.24,20.26,0.02,33,5931473
108/02/15,269000,20.26,20.30,20.16,20.20,0.06,20,5458610
108/02/18,297000,20.29,20.36,20.26,20.26,0.06,24,6041770
108/02/19,275815,20.25,20.25,20.22,20.22,0.04,23,5577121
108/02/20,385422,20.27,20.42,20.27,20.42,0.20,48,7857501
108/02/21,380198,20.42,20.54,20.42,20.54,0.12,57,7783158
108/02/22,342000,20.52,20.61,20.52,20.60,0.06,35,7030160
108/02/25,319020,20.65,20.83,20.65,20.83,0.23,45,6637530
108/02/26,305144,20.90,20.93,20.85,20.86,0.03,33,6376472
108/02/27,484150,20.77,20.82,20.74,20.80,0.06,30,10072410
108/03/04,27043,20.80,20.82,20.75,20.77,0.03,18,561817
108/03/05,527336,20.77,20.77,20.72,20.72,0.05,35,10936960
108/03/06,273485,20.72,20.77,20.72,20.74,0.02,20,5677079
108/03/07,48300,20.74,20.74,20.69,20.72,0.02,21,1001002
108/03/08,533442,20.60,20.67,20.54,20.62,0.10,40,10962437
108/03/11,417341,20.62,20.75,20.62,20.69,0.07,28,8638861
108/03/12,298717,20.77,20.89,20.77,20.83,0.14,23,6225054
108/03/13,296439,20.83,20.87,20.82,20.86,0.03,20,6186106
108/03/14,279100,20.87,20.92,20.83,20.83,0.03,18,5833214
108/03/15,372330,20.86,20.97,20.86,20.97,0.14,50,7796398
108/03/18,312279,21.01,21.10,21.01,21.10,0.13,47,6574496
108/03/19,325899,21.10,21.16,21.10,21.16,0.06,33,6889113
108/03/20,320000,21.15,21.22,21.15,21.19,0.03,26,6780160
108/03/21,392540,21.19,21.28,21.19,21.28,0.09,48,8346064
108/03/22,303001,21.42,21.52,21.41,21.44,0.16,37,6515511
108/03/25,325000,21.28,21.28,21.09,21.10,0.34,32,6873550
108/03/26,289000,21.16,21.28,21.16,21.28,0.18,22,6137290
108/03/27,815203,21.22,21.30,21.18,21.28,,32,17324475
108/03/28,18936,21.23,21.30,21.20,21.27,0.01,17,402388
108/03/29,129579,21.25,21.46,21.23,21.46,0.19,37,2766818
108/04/01,356042,21.50,21.67,21.50,21.60,0.14,127,7698878
108/04/02,328002,21.65,21.76,21.65,21.73,0.13,56,7113813
108/04/03,65200,21.73,21.77,21.63,21.71,0.02,30,1414352
108/04/08,346117,21.74,21.89,21.74,21.85,0.14,46,7568748
108/04/09,307808,21.84,21.95,21.83,21.93,0.08,60,6747951
108/04/10,233341,21.93,21.99,21.90,21.99,0.06,38,5114366
108/04/11,112200,21.99,22.04,21.90,21.90,0.09,27,2467742
108/04/12,16048,21.82,21.87,21.82,21.82,0.08,10,350637
108/04/15,466372,21.92,21.96,21.92,21.95,0.13,28,10236664
108/04/16,189045,21.94,21.96,21.90,21.96,0.01,22,4145638
108/04/17,380336,21.98,22.08,21.98,22.04,0.08,56,8375168
108/04/18,255165,22.09,22.15,21.93,21.93,0.11,51,5622407
108/04/19,261602,22.07,22.21,22.00,22.05,0.12,53,5778243
108/04/22,272636,22.04,22.09,21.99,22.05,,26,6007141
108/04/23,237078,22.03,22.09,22.00,22.08,0.03,29,5232733
108/04/24,260000,22.14,22.18,22.08,22.10,0.02,48,5749920
108/04/25,310044,22.10,22.21,22.10,22.21,0.11,64,6878727
108/04/26,192000,22.06,22.12,22.03,22.08,0.13,21,4236820
108/04/29,176000,22.08,22.13,22.03,22.12,0.04,18,3890710
108/04/30,231820,22.12,22.22,22.06,22.22,0.10,46,5132280
108/05/02,220082,22.26,22.37,22.23,22.29,0.07,39,4907713
108/05/03,276213,22.30,22.38,22.29,22.38,0.09,51,6176290
108/05/06,234836,22.32,22.32,22.13,22.14,0.24,41,5206204
108/05/07,267817,22.23,22.39,22.23,22.34,0.20,34,5978738
108/05/08,193045,22.30,22.30,22.18,22.22,0.12,32,4285714
108/05/09,210384,22.16,22.16,21.80,21.81,0.41,50,4599974
108/05/10,232972,21.77,21.85,21.68,21.75,0.06,35,5068980
108/05/13,292000,21.93,21.93,21.36,21.37,0.38,54,6261470
108/05/14,204431,21.30,21.34,21.00,21.29,0.08,35,4353579
108/05/15,166000,21.40,21.46,21.38,21.42,0.13,12,3561840
108/05/16,195000,21.43,21.43,21.22,21.23,0.19,30,4158780
108/05/17,218000,21.23,21.27,21.00,21.00,0.23,43,4590760
108/05/20,200000,21.00,21.11,21.00,21.08,0.08,27,4206520
108/05/21,190863,21.05,21.22,20.99,21.18,0.10,29,4038627
108/05/22,180000,21.18,21.25,21.12,21.12,0.06,18,3815650
108/05/23,231000,21.12,21.12,20.78,20.81,0.31,49,4808310
108/05/24,186000,20.80,20.90,20.80,20.82,0.01,19,3884990
108/05/27,174000,20.88,20.88,20.74,20.77,0.05,21,3612340
108/05/28,167133,20.77,20.78,20.74,20.77,,21,3469755
108/05/29,163467,20.74,20.74,20.60,20.63,0.14,17,3370827
108/05/30,178140,20.72,20.82,20.72,20.82,0.19,18,3705256
108/05/31,177000,20.85,21.16,20.85,21.14,0.32,18,3740730
108/06/03,165095,21.14,21.15,21.00,21.15,0.01,14,3487602
108/06/04,169100,21.16,21.22,21.08,21.08,0.07,18,3574068
108/06/05,163204,21.15,21.32,21.15,21.15,0.07,16,3460364
108/06/06,165000,20.97,20.97,20.93,20.94,0.21,14,3455370
108/06/10,259000,21.00,21.23,21.00,21.22,0.28,46,5490290
108/06/11,337478,21.22,21.51,21.22,21.43,0.21,43,7224702
108/06/12,173000,21.41,21.42,21.35,21.42,0.01,12,3703560
108/06/13,211848,21.45,21.45,21.34,21.34,0.08,17,4527024
108/06/14,167000,21.34,21.34,21.24,21.24,0.10,13,3554980
108/06/17,156118,21.25,21.29,21.24,21.26,0.02,11,3323547
108/06/18,170000,21.26,21.32,21.26,21.31,0.05,19,3622260
108/06/19,83953,21.47,21.77,21.47,21.77,0.46,54,1819213
108/06/20,306373,21.82,21.83,21.80,21.80,0.03,14,6678985
108/06/21,193227,21.85,21.87,21.81,21.82,0.02,22,4221562
108/06/24,189137,21.82,21.92,21.82,21.88,0.06,24,4143472
108/06/25,159000,21.92,21.92,21.75,21.78,0.10,13,3463520
108/06/26,166000,21.75,21.75,21.66,21.68,0.10,13,3599080
108/06/27,291282,21.71,21.97,21.71,21.97,0.29,43,6380983
108/06/28,163000,21.92,21.92,21.86,21.89,0.08,17,3566650
