﻿國泰臺灣低波動30,	00701
日期,成交股數,開盤價,最高價,最低價,收盤價,漲跌價差,成交筆數,成交金額
107/06/01,101000,20.89,21.03,20.89,21.03,0.16,15,2121240
107/06/04,140000,21.14,21.24,21.14,21.24,0.21,25,2965460
107/06/05,66860,21.30,21.33,21.27,21.32,0.08,25,1424265
107/06/06,163000,21.36,21.44,21.36,21.43,0.11,41,3486970
107/06/07,53003,21.51,21.53,21.43,21.50,0.07,30,1138224
107/06/08,7000,21.42,21.42,21.34,21.34,0.16,7,149590
107/06/11,8100,21.36,21.38,21.31,21.31,0.03,6,172787
107/06/12,78576,21.27,21.31,21.26,21.31,,23,1671383
107/06/13,146645,21.31,21.40,21.31,21.40,0.09,25,3131412
107/06/14,14000,21.31,21.31,21.15,21.15,0.25,12,296790
107/06/15,23000,21.08,21.25,21.06,21.25,0.10,15,485060
107/06/19,36017,20.99,20.99,20.95,20.99,0.26,12,755938
107/06/20,14900,20.94,21.18,20.94,21.18,0.19,16,314410
107/06/21,29000,21.22,21.22,21.14,21.17,0.01,8,613730
107/06/22,22000,21.04,21.13,21.03,21.13,0.04,14,463630
107/06/25,139210,21.01,21.17,20.99,21.14,0.01,28,2932639
107/06/26,52000,21.07,21.07,20.97,21.06,0.08,18,1094170
107/06/27,82249,21.05,21.05,20.97,20.99,0.07,19,1729530
107/06/28,48000,20.88,20.92,20.82,20.86,0.13,18,1001590
107/06/29,110000,20.88,21.18,20.86,21.18,0.32,31,2314990
107/07/02,46024,21.22,21.22,21.03,21.03,0.15,14,972956
107/07/03,127194,21.00,21.12,20.91,20.93,0.10,45,2670877
107/07/04,57000,20.96,21.03,20.94,21.01,0.08,8,1196880
107/07/05,14000,20.92,20.92,20.88,20.88,0.13,10,292660
107/07/06,192131,20.97,20.97,20.80,20.90,0.02,22,4007571
107/07/09,50146,21.20,21.20,21.04,21.13,0.23,20,1057236
107/07/10,80000,21.26,21.26,21.18,21.20,0.07,24,1697810
107/07/11,99000,21.11,21.12,21.04,21.12,0.08,22,2087440
107/07/12,128177,21.10,21.30,21.08,21.30,0.18,33,2722521
107/07/13,122522,21.36,21.40,21.34,21.40,0.10,51,2617249
107/07/16,118636,21.43,21.43,21.34,21.36,0.04,19,2536549
107/07/17,34904,21.34,21.34,21.31,21.32,0.04,30,743526
107/07/18,107021,21.36,21.43,21.36,21.40,0.08,33,2289916
107/07/19,72388,21.50,21.52,21.50,21.50,0.10,19,1557090
107/07/20,203231,21.53,21.61,21.53,21.60,0.10,55,4386584
107/07/23,97243,21.60,21.66,21.60,21.65,0.05,46,2103581
107/07/24,128334,21.67,21.70,21.65,21.68,0.03,36,2781728
107/07/25,82228,21.73,21.73,21.69,21.70,0.02,25,1784845
107/07/26,49000,21.59,21.60,21.57,21.60,X,20,1057700
107/07/27,111432,21.65,21.72,21.65,21.71,0.11,37,2417210
107/07/30,180319,21.74,21.84,21.74,21.84,0.13,50,3933546
107/07/31,137210,21.81,21.87,21.80,21.85,0.01,33,2997409
107/08/01,1159655,21.94,21.94,21.89,21.94,0.09,146,25422879
107/08/02,2683200,21.95,21.95,21.72,21.74,0.20,104,58448737
107/08/03,66170,21.85,21.89,21.85,21.87,0.13,21,1447422
107/08/06,174310,21.96,21.96,21.93,21.93,0.06,20,3826180
107/08/07,112439,21.96,21.98,21.92,21.93,,13,2469934
107/08/08,217000,21.93,22.03,21.93,22.02,0.09,48,4772180
107/08/09,22000,21.99,22.03,21.99,22.01,0.01,14,483980
107/08/10,43000,22.05,22.06,22.03,22.03,0.02,8,948190
107/08/13,255000,22.03,22.03,21.80,21.80,0.23,21,5587200
107/08/14,53000,21.85,21.93,21.85,21.91,0.11,17,1161280
107/08/15,79633,21.94,21.94,21.88,21.89,0.02,24,1744597
107/08/16,41100,21.81,21.81,21.74,21.81,0.08,12,895231
107/08/17,34208,21.81,21.83,21.81,21.83,0.02,16,746615
107/08/20,48228,21.86,21.86,21.82,21.82,0.01,11,1053297
107/08/21,92000,21.82,21.92,21.82,21.90,0.08,18,2014540
107/08/22,129072,21.95,22.05,21.95,22.02,0.12,29,2842646
107/08/23,58452,22.07,22.17,22.07,22.17,0.15,24,1294446
107/08/24,75072,22.17,22.19,22.14,22.16,0.01,29,1663748
107/08/27,57948,22.30,22.33,22.22,22.26,0.10,42,1291310
107/08/28,30537,22.29,22.33,22.29,22.33,0.07,21,680865
107/08/29,58231,22.38,22.48,22.38,22.47,0.14,27,1306651
107/08/30,54632,22.56,22.61,22.55,22.56,0.09,32,1233296
107/08/31,142012,22.51,22.53,22.45,22.53,0.03,38,3191480
107/09/03,181250,22.61,22.61,22.42,22.43,0.10,68,4073342
107/09/04,101999,22.43,22.52,22.43,22.52,0.09,41,2292233
107/09/05,124001,22.50,22.55,22.46,22.46,0.06,39,2789023
107/09/06,115000,22.46,22.49,22.36,22.41,0.05,22,2580170
107/09/07,114412,22.38,22.41,22.33,22.38,0.03,30,2559516
107/09/10,54250,22.45,22.45,22.27,22.27,0.11,31,1212664
107/09/11,651000,22.31,22.33,22.22,22.28,0.01,43,14491550
107/09/12,516467,22.32,22.32,22.23,22.29,0.01,29,11521523
107/09/13,28429,22.33,22.34,22.24,22.24,0.05,22,635303
107/09/14,36523,22.38,22.47,22.38,22.43,0.19,25,819570
107/09/17,71097,22.54,22.54,22.37,22.38,0.05,24,1595703
107/09/18,17187,22.35,22.46,22.35,22.46,0.08,12,385628
107/09/19,149000,22.51,22.63,22.51,22.63,0.17,32,3364090
107/09/20,227354,22.65,22.71,22.58,22.64,0.01,20,5136067
107/09/21,76000,22.70,22.88,22.68,22.85,0.21,32,1732610
107/09/25,70000,22.88,22.93,22.88,22.93,0.08,15,1602170
107/09/26,77298,22.93,22.93,22.85,22.88,0.05,26,1771405
107/09/27,54770,22.90,23.00,22.89,23.00,0.12,26,1256150
107/09/28,50309,23.01,23.08,22.91,22.96,0.04,30,1157221
107/10/01,22392,23.00,23.05,23.00,23.03,0.07,9,515865
107/10/02,39000,23.05,23.05,22.75,22.78,0.25,32,890570
107/10/03,10032,22.78,22.78,22.72,22.75,0.03,13,230457
107/10/04,33000,22.65,22.67,22.50,22.53,0.22,32,744520
107/10/05,57000,22.42,22.44,22.22,22.25,0.28,41,1272130
107/10/08,78000,22.20,22.25,22.16,22.16,0.09,16,1731200
107/10/09,12358,22.26,22.37,22.26,22.34,0.18,15,275736
107/10/11,302100,21.64,21.64,21.14,21.14,1.20,98,6444024
107/10/12,140000,21.10,21.50,21.00,21.50,0.36,37,2969540
107/10/15,87756,21.35,21.35,21.19,21.24,0.26,30,1864270
107/10/16,70142,21.23,21.38,21.20,21.30,0.06,21,1492995
107/10/17,85731,21.42,21.48,21.31,21.32,0.02,34,1838544
107/10/18,22000,21.32,21.39,21.30,21.30,0.02,10,469100
107/10/19,12000,21.24,21.33,21.18,21.31,0.01,7,255050
107/10/22,58000,21.26,21.37,21.19,21.33,0.02,14,1230600
107/10/23,60508,21.25,21.25,21.10,21.10,0.23,35,1281383
107/10/24,146079,21.04,21.09,20.88,21.05,0.05,32,3068593
107/10/25,156100,20.71,20.78,20.65,20.74,0.31,34,3237745
107/10/26,189286,20.81,20.82,20.54,20.69,0.05,32,3918181
107/10/29,149859,20.79,20.79,20.63,20.69,,25,3109280
107/10/30,44148,20.74,20.85,20.74,20.80,0.11,19,918282
107/10/31,112000,20.95,21.20,20.95,21.20,0.40,23,2358310
107/11/01,27000,21.14,21.14,21.00,21.10,0.10,13,568900
107/11/02,51363,21.10,21.29,21.08,21.29,0.19,19,1086278
107/11/08,325394,21.70,21.76,21.62,21.76,0.18,137,7064133
107/11/09,545000,21.68,21.68,21.54,21.65,0.11,174,11778720
107/11/12,158000,21.61,21.70,21.55,21.64,0.01,73,3421460
107/11/16,581500,21.80,21.80,21.65,21.70,0.06,76,12610680
107/11/19,116619,21.70,21.78,21.70,21.78,0.08,72,2536458
107/11/20,166000,21.78,21.80,21.63,21.63,0.15,80,3601600
107/11/21,111500,21.58,21.58,21.48,21.58,0.05,52,2400779
107/11/22,149000,21.62,21.62,21.50,21.50,0.08,61,3207280
107/11/23,176108,21.50,21.58,21.45,21.45,0.05,76,3789207
107/11/26,178000,22.50,22.50,21.45,21.45,,100,3861290
107/11/27,153306,21.50,21.50,21.30,21.36,0.09,94,3276273
107/11/28,151600,21.30,21.43,21.30,21.43,0.07,66,3238408
107/11/29,221000,21.43,21.56,21.33,21.33,0.10,92,4733910
107/11/30,227020,21.33,21.49,21.33,21.39,0.06,61,4865124
107/12/03,238102,21.55,21.58,21.54,21.54,0.15,89,5134358
107/12/04,98429,21.51,21.54,21.48,21.51,0.03,50,2116702
107/12/05,210000,21.41,21.41,21.33,21.33,0.18,105,4486390
107/12/06,357000,21.33,21.33,21.16,21.21,0.12,114,7582320
107/12/07,129865,21.22,21.25,21.21,21.22,0.01,40,2756692
107/12/10,258000,21.10,21.12,21.05,21.07,0.15,76,5439550
107/12/11,125000,21.06,21.10,21.03,21.10,0.03,53,2631820
107/12/12,160000,21.19,21.19,21.09,21.18,0.08,55,3378880
107/12/13,150667,21.19,21.26,21.19,21.24,0.06,44,3201781
107/12/14,369000,21.23,21.23,21.09,21.21,0.03,44,7820400
107/12/17,430000,21.26,21.30,21.17,21.17,0.04,51,9131150
107/12/18,75694,21.16,21.18,21.05,21.08,0.09,50,1595897
107/12/19,178047,21.12,21.19,21.09,21.19,0.11,29,3759508
107/12/20,64000,21.16,21.17,21.09,21.10,0.09,35,1352160
107/12/21,162000,21.10,21.13,21.04,21.06,0.04,39,3414620
107/12/22,58000,21.07,21.08,21.03,21.03,0.03,22,1222000
107/12/24,111425,21.04,21.05,21.00,21.00,0.03,51,2341775
107/12/25,176200,20.86,20.88,20.83,20.83,0.17,79,3673570
107/12/26,138546,20.92,20.93,20.80,20.80,0.03,69,2893046
107/12/27,136673,20.99,21.01,20.92,20.98,0.18,49,2866177
107/12/28,76624,21.01,21.10,21.01,21.10,0.12,43,1613176
108/01/02,158150,21.17,21.20,20.80,20.80,0.30,59,3317400
108/01/03,206547,20.80,21.29,20.80,20.82,0.02,35,4349037
108/01/04,146526,20.78,20.89,20.70,20.70,0.12,71,3044174
108/01/07,142000,21.06,21.12,21.02,21.09,0.39,36,2990420
108/01/08,45353,21.07,21.09,21.05,21.05,0.04,20,955291
108/01/09,194000,21.14,21.31,21.14,21.29,0.24,46,4120040
108/01/10,76000,21.29,21.33,21.27,21.33,0.04,31,1618820
108/01/11,49005,21.34,21.37,21.30,21.31,0.02,27,1045847
108/01/14,126000,21.35,21.35,21.15,21.23,0.08,63,2672220
108/01/15,598657,21.20,21.29,21.20,21.27,0.04,47,12719800
108/01/16,157000,21.27,21.27,21.21,21.25,0.02,50,3335650
108/01/17,152418,20.76,20.79,20.69,20.76,X,93,3162993
108/01/18,187369,20.80,20.83,20.76,20.80,0.04,47,3897701
108/01/21,103000,20.89,20.95,20.88,20.90,0.10,41,2154630
108/01/22,45000,20.90,20.95,20.90,20.94,0.04,21,941260
108/01/23,20314,20.88,20.93,20.85,20.88,0.06,17,424445
108/01/28,73052,21.06,21.06,21.01,21.05,0.07,30,1536995
108/01/29,71371,21.03,21.06,21.00,21.06,0.01,30,1500488
108/01/30,105000,21.08,21.13,21.07,21.11,0.05,32,2214970
108/02/11,98000,21.25,21.25,21.10,21.10,0.01,40,2074910
108/02/12,78648,21.10,21.16,21.08,21.16,0.06,33,1661032
108/02/13,61754,21.17,21.19,21.15,21.19,0.03,42,1310777
108/02/14,65250,21.16,21.22,21.15,21.18,0.01,25,1382470
108/02/15,119000,21.18,21.21,21.13,21.13,0.05,34,2519990
108/02/18,659000,21.20,21.23,21.06,21.09,0.04,51,13948050
108/02/19,117198,21.00,21.00,20.98,21.00,0.09,44,2460737
108/02/20,2858348,21.03,21.11,21.02,21.09,0.09,683,60115169
108/02/21,763000,21.20,21.30,21.16,21.24,0.15,84,16197330
108/02/22,4564000,21.24,21.24,21.10,21.13,0.11,151,96416840
108/02/25,85736,21.13,21.24,21.13,21.23,0.10,51,1819088
108/02/26,671000,21.29,21.31,21.21,21.31,0.08,59,14267700
108/02/27,1157681,21.30,21.31,21.22,21.31,,137,24589500
108/03/04,89527,21.27,21.27,21.10,21.24,0.07,36,1897259
108/03/05,36094,21.18,21.22,21.17,21.20,0.04,19,765086
108/03/06,176122,21.24,21.29,21.24,21.27,0.07,23,3742866
108/03/07,451429,21.28,21.28,21.22,21.22,0.05,27,9602642
108/03/08,104000,21.18,21.18,20.86,21.15,0.07,53,2184190
108/03/11,45971,21.10,21.14,21.10,21.14,0.01,33,971305
108/03/12,1522950,21.18,21.29,21.18,21.24,0.10,73,32374926
108/03/13,369049,21.23,21.26,21.23,21.24,,32,7842207
108/03/14,340046,21.24,21.27,21.24,21.24,,21,7228887
108/03/15,102423,21.25,21.33,21.24,21.33,0.09,46,2179720
108/03/18,395423,21.70,21.70,21.06,21.45,0.12,66,8455668
108/03/19,93514,21.50,21.56,21.50,21.56,0.11,44,2014237
108/03/20,66844,21.53,21.58,21.50,21.58,0.02,37,1438595
108/03/21,128324,21.60,21.62,21.58,21.61,0.03,45,2771396
108/03/22,109280,21.61,21.61,21.52,21.54,0.07,37,2357219
108/03/25,64367,21.38,21.41,21.36,21.38,0.16,43,1375673
108/03/26,53296,21.44,21.47,21.44,21.47,0.09,24,1143066
108/03/27,21816,21.41,21.45,21.41,21.44,0.03,12,467323
108/03/28,67187,21.40,21.40,21.36,21.36,0.08,33,1436563
108/03/29,128680,21.42,21.51,21.40,21.51,0.15,53,2759928
108/04/01,110915,21.62,21.63,21.54,21.57,0.06,59,2392969
108/04/02,82540,21.57,21.63,21.56,21.63,0.06,42,1780362
108/04/03,28793,21.70,21.70,21.51,21.55,0.08,27,620370
108/04/08,145638,21.55,21.64,21.53,21.64,0.09,68,3142366
108/04/09,231814,21.58,21.63,21.57,21.63,0.01,37,5009710
108/04/10,28600,21.59,21.61,21.57,21.61,0.02,33,617321
108/04/11,70664,21.61,21.61,21.54,21.56,0.05,43,1523060
108/04/12,126329,21.56,21.56,21.50,21.52,0.04,32,2720140
108/04/15,63726,21.55,21.57,21.53,21.56,0.04,42,1373799
108/04/16,154979,21.55,21.60,21.53,21.60,0.04,35,3341975
108/04/17,68685,21.60,21.65,21.60,21.64,0.04,45,1484613
108/04/18,77860,21.64,21.64,21.53,21.58,0.06,40,1681581
108/04/19,92968,21.62,21.65,21.62,21.64,0.06,42,2010913
108/04/22,72536,21.64,21.69,21.64,21.66,0.02,40,1571360
108/04/23,108112,21.68,21.70,21.61,21.70,0.04,42,2342901
108/04/24,151277,21.76,21.76,21.72,21.74,0.04,29,3288952
108/04/25,79694,21.72,21.77,21.71,21.77,0.03,34,1732138
108/04/26,56450,21.76,21.76,21.69,21.75,0.02,40,1226510
108/04/29,210231,21.77,21.91,21.77,21.91,0.16,60,4597860
108/04/30,273040,21.91,22.05,21.89,22.05,0.14,77,5994999
108/05/02,246114,22.05,22.16,22.05,22.14,0.09,40,5446865
108/05/03,116599,22.19,22.19,22.15,22.16,0.02,45,2584952
108/05/06,107139,22.04,22.04,21.87,21.93,0.23,36,2352453
108/05/07,76149,22.01,22.08,22.01,22.06,0.13,30,1679264
108/05/08,91148,21.90,21.96,21.90,21.95,0.11,38,1999123
108/05/09,192592,21.95,21.95,21.81,21.81,0.14,63,4212149
108/05/10,134952,21.81,21.92,21.74,21.78,0.03,45,2942965
108/05/13,121338,21.77,21.77,21.62,21.62,0.16,52,2634592
108/05/14,113427,21.60,21.60,21.40,21.50,0.12,49,2435800
108/05/15,71001,21.50,21.50,21.47,21.48,0.02,32,1525102
108/05/16,70789,21.56,21.56,21.44,21.44,0.04,47,1521030
108/05/17,178669,21.50,21.55,21.40,21.40,0.04,43,3837454
108/05/20,51863,21.43,21.53,21.43,21.53,0.13,30,1114307
108/05/21,73974,21.59,21.69,21.59,21.69,0.16,34,1601492
108/05/22,75137,21.69,21.69,21.64,21.64,0.05,18,1626333
108/05/23,66645,21.71,21.71,21.62,21.62,0.02,28,1443852
108/05/24,53273,21.62,21.63,21.61,21.61,0.01,20,1151380
108/05/27,23460,21.73,21.73,21.68,21.69,0.08,20,509070
108/05/28,42556,21.70,21.70,21.67,21.67,0.02,32,922604
108/05/29,109518,21.67,21.67,21.62,21.62,0.05,32,2370255
108/05/30,83708,21.62,21.70,21.62,21.70,0.08,36,1814315
108/05/31,100386,21.73,21.84,21.73,21.84,0.14,36,2188571
108/06/03,1085950,21.84,21.93,21.74,21.93,0.09,36,23647495
108/06/04,10568,21.96,21.96,21.94,21.95,0.02,15,231888
108/06/05,442715,21.86,21.91,21.86,21.90,0.05,43,9691645
108/06/06,91562,21.95,22.04,21.92,22.01,0.11,29,2013626
108/06/10,130381,22.18,22.25,22.16,22.22,0.21,70,2894263
108/06/11,102210,22.27,22.27,22.20,22.20,0.02,70,2270490
108/06/12,114178,22.12,22.12,21.89,21.99,0.21,64,2507539
108/06/13,19816,22.01,22.01,21.88,21.88,0.11,23,433777
108/06/14,19275,21.94,21.95,21.92,21.94,0.06,20,422731
108/06/17,170662,21.97,22.03,21.94,22.03,0.09,35,3758206
108/06/18,92760,22.03,22.06,22.02,22.04,0.01,51,2043762
108/06/19,392706,22.10,22.32,22.10,22.32,0.28,141,8752401
108/06/20,247890,22.37,22.37,22.30,22.31,0.01,49,5531512
108/06/21,37126,22.32,22.32,22.27,22.27,0.04,40,827348
108/06/24,231309,22.24,22.35,22.24,22.35,0.08,38,5159143
108/06/25,17704,22.35,22.35,22.33,22.34,0.01,24,395480
108/06/26,27817,22.36,22.37,22.31,22.31,0.03,23,621396
108/06/27,110102,22.33,22.43,22.33,22.43,0.12,51,2468248
108/06/28,61227,22.44,22.44,22.41,22.42,0.01,57,1372988
108/07/01,61956,22.45,22.50,22.45,22.48,0.06,121,1390690
108/07/02,61950,22.47,22.47,22.42,22.43,0.05,54,1388694
108/07/03,382925,22.38,22.41,22.34,22.34,0.09,48,8565692
108/07/04,153355,22.42,22.47,22.42,22.47,0.13,43,3442688
108/07/05,14499,22.46,22.47,22.46,22.47,,27,325208
108/07/08,49055,22.50,22.50,22.41,22.44,0.03,42,1101058
108/07/09,39856,22.45,22.45,22.40,22.40,0.04,29,893394
108/07/10,41922,22.47,22.52,22.47,22.52,0.12,32,942821
108/07/11,84503,22.55,22.62,22.54,22.62,0.10,51,1907517
108/07/12,75577,22.59,22.63,22.59,22.60,0.02,27,1707804
108/07/15,82022,22.60,22.62,22.53,22.58,0.02,32,1851343
108/07/16,53457,22.66,22.66,22.54,22.55,0.03,43,1206488
108/07/17,63800,22.54,22.54,22.47,22.52,0.03,25,1435595
108/07/18,16172,22.50,22.53,22.50,22.51,0.01,23,364128
108/07/19,100266,22.60,22.61,22.58,22.60,0.09,14,2266410
108/07/22,8489,22.59,22.60,22.59,22.60,,18,191628
108/07/23,35637,22.61,22.61,22.58,22.58,0.02,26,805059
108/07/24,33133,22.60,22.60,22.59,22.60,0.02,14,748727
108/07/25,309055,22.60,22.64,22.58,22.63,0.03,24,6984085
108/07/26,26013,22.65,22.65,22.59,22.61,0.02,20,588472
108/07/29,52188,22.61,22.61,22.60,22.61,,21,1179682
108/07/30,442999,22.64,22.65,22.62,22.62,0.01,56,10030743
108/07/31,33092,22.59,22.60,22.53,22.60,0.02,18,746430
