﻿第一金工業30,	00728
日期,成交股數,開盤價,最高價,最低價,收盤價,漲跌價差,成交筆數,成交金額
107/06/01,602122,19.12,19.36,19.12,19.36,0.15,88,11573478
107/06/04,749153,19.44,19.70,19.40,19.68,0.32,190,14635069
107/06/05,625244,19.71,19.72,19.57,19.65,0.03,107,12285712
107/06/06,470001,19.66,19.74,19.66,19.69,0.04,75,9250329
107/06/07,695000,19.70,19.75,19.51,19.59,0.10,91,13652340
107/06/08,1027911,19.61,19.91,19.61,19.88,0.29,226,20372703
107/06/11,436050,19.85,19.85,19.70,19.79,0.09,46,8618014
107/06/12,635000,19.79,19.85,19.70,19.85,0.06,76,12535060
107/06/13,1103529,19.85,19.95,19.77,19.95,0.10,125,21930438
107/06/14,419374,19.95,19.95,19.75,19.75,0.20,49,8298793
107/06/15,364000,19.70,19.75,19.65,19.75,,35,7167060
107/06/19,471000,19.79,19.79,19.49,19.50,0.25,40,9212800
107/06/20,449347,19.51,19.51,19.47,19.49,0.01,29,8752240
107/06/21,564300,19.53,19.70,19.53,19.65,0.16,51,11066502
107/06/22,655000,19.65,19.65,19.48,19.48,0.17,53,12800210
107/06/25,642000,19.55,19.55,19.50,19.51,0.03,28,12539910
107/06/26,663000,19.45,19.45,19.34,19.38,0.13,56,12855650
107/06/27,666000,19.45,19.52,19.35,19.35,0.03,35,12963760
107/06/28,641133,19.28,19.34,19.27,19.32,0.03,36,12387980
107/06/29,760000,19.32,19.60,19.32,19.55,0.23,56,14815060
107/07/02,571000,19.67,19.68,19.54,19.59,0.04,61,11180410
107/07/03,743000,19.62,19.87,19.62,19.70,0.11,82,14647560
107/07/04,827100,19.73,19.77,19.64,19.75,0.05,65,16273125
107/07/05,685101,19.77,19.77,19.54,19.58,0.17,30,13470669
107/07/06,852175,19.59,19.63,19.49,19.53,0.05,48,16631195
107/07/09,664382,19.60,19.60,19.53,19.56,0.03,48,13004201
107/07/10,744433,19.54,19.79,19.54,19.60,0.04,66,14610909
107/07/11,637000,19.65,19.67,19.62,19.62,0.02,26,12514890
107/07/12,978000,19.62,19.80,19.62,19.70,0.08,76,19309280
107/07/13,1262180,19.79,20.01,19.75,19.99,0.29,169,25139040
107/07/16,820000,19.99,20.02,19.96,19.98,0.01,77,16394250
107/07/17,719000,19.97,19.99,19.96,19.98,,47,14369190
107/07/18,908682,20.00,20.03,20.00,20.00,0.02,110,18185841
107/07/19,968149,20.00,20.05,20.00,20.05,0.05,96,19394777
107/07/20,1195000,20.06,20.12,19.96,20.05,,126,23935580
107/07/23,866000,20.10,20.10,20.05,20.05,,86,17383960
107/07/24,1620005,20.09,20.17,20.05,20.10,0.05,149,32546980
107/07/25,749000,20.09,20.10,20.06,20.08,0.02,46,15041150
107/07/26,1569000,20.07,20.12,20.06,20.11,0.03,156,31531890
107/07/27,2800297,20.10,20.32,20.05,20.30,0.19,226,56761219
107/07/30,1099377,20.30,20.64,20.21,20.31,0.01,148,22419482
107/07/31,1091154,20.32,20.41,20.32,20.41,0.10,89,22222631
107/08/01,1296000,20.45,20.70,20.45,20.70,0.29,141,26734520
107/08/02,1088000,20.70,20.73,20.47,20.56,0.14,114,22440130
107/08/03,830000,20.63,20.80,20.60,20.65,0.09,83,17179190
107/08/06,731000,20.65,20.67,20.54,20.67,0.02,45,15051910
107/08/07,720000,20.67,20.75,20.64,20.69,0.02,60,14891500
107/08/08,1086354,20.74,20.93,20.74,20.86,0.17,108,22635824
107/08/09,791226,20.91,20.91,20.79,20.90,0.04,46,16522979
107/08/10,508035,20.76,20.91,20.76,20.91,0.01,40,10588935
107/08/13,684000,21.04,21.04,20.25,20.37,0.54,84,14079770
107/08/14,437000,20.37,20.44,20.32,20.39,0.02,21,8907570
107/08/15,458000,20.31,20.32,20.13,20.13,0.26,31,9254450
107/08/16,597000,19.97,20.17,19.94,20.11,0.02,49,12001540
107/08/17,504000,20.12,20.12,20.00,20.00,0.11,25,10122880
107/08/20,468000,20.13,20.13,20.02,20.06,0.06,18,9398260
107/08/21,520085,20.08,20.26,20.08,20.17,0.11,38,10486165
107/08/22,221000,20.25,20.25,20.20,20.20,0.03,15,4469720
107/08/23,511000,20.26,20.26,20.20,20.21,0.01,18,10350220
107/08/24,519000,20.45,20.45,20.28,20.30,0.09,22,10577790
107/08/27,464000,20.30,20.36,20.30,20.35,0.05,26,9439280
107/08/28,440000,20.44,20.72,20.44,20.72,0.37,42,9012550
107/08/29,472367,20.72,20.80,20.69,20.78,0.06,53,9807374
107/08/30,433000,20.87,20.95,20.74,20.77,0.01,41,9001020
107/08/31,502000,20.80,20.80,20.65,20.68,0.09,37,10400830
107/09/03,102000,20.81,20.81,20.52,20.57,0.11,24,2104970
107/09/04,772154,20.66,20.67,20.61,20.66,0.09,58,15930818
107/09/05,699096,20.76,20.78,20.69,20.71,0.05,45,14495765
107/09/06,488000,20.68,20.68,20.63,20.64,0.07,17,10070320
107/09/07,609000,20.67,20.67,20.50,20.55,0.09,31,12549230
107/09/10,754146,20.65,20.73,20.30,20.30,0.25,30,15400498
107/09/11,633076,20.35,20.37,20.29,20.29,0.01,27,12887382
107/09/12,651050,20.29,20.29,20.15,20.23,0.06,32,13148602
107/09/13,726000,20.23,20.27,20.20,20.22,0.01,28,14699080
107/09/14,631040,20.32,20.40,20.32,20.40,0.18,29,12849197
107/09/17,633280,20.50,20.50,20.35,20.36,0.04,25,12901559
107/09/18,669157,20.42,20.42,20.21,20.27,0.09,42,13564862
107/09/19,663072,20.28,20.28,20.22,20.22,0.05,21,13423778
107/09/20,797154,20.32,20.32,20.19,20.21,0.01,46,16133013
107/09/21,628257,20.25,20.40,20.16,20.38,0.17,48,12749576
107/09/25,760000,20.50,20.56,20.48,20.53,0.15,34,15603930
107/09/26,882000,20.53,20.56,20.48,20.52,0.01,44,18112120
107/09/27,806000,20.45,20.55,20.43,20.55,0.03,33,16528480
107/09/28,775000,20.75,20.75,20.51,20.58,0.03,37,15953310
107/10/01,686377,20.58,20.59,20.58,20.58,,24,14127589
107/10/02,710100,20.58,20.58,20.38,20.48,0.10,36,14527707
107/10/03,617660,20.37,20.38,20.35,20.35,0.13,21,12583450
107/10/04,659000,20.13,20.16,20.05,20.12,0.23,34,13236150
107/10/05,708000,20.00,20.00,19.65,19.71,0.41,53,13996530
107/10/08,626000,19.78,19.78,19.58,19.60,0.11,29,12268720
107/10/09,629000,19.60,19.60,19.55,19.59,0.01,28,12318720
107/10/11,684000,19.30,19.30,18.14,18.15,1.44,63,12533170
107/10/12,657000,18.20,18.77,18.15,18.74,0.59,36,12082000
107/10/15,665000,18.69,18.69,18.53,18.53,0.21,17,12364800
107/10/16,610730,18.60,18.63,18.57,18.59,0.06,17,11353411
107/10/17,641101,18.65,18.72,18.52,18.52,0.07,34,11981163
107/10/18,615037,18.58,18.60,18.51,18.51,0.01,18,11420857
107/10/19,625000,18.37,18.60,18.27,18.60,0.09,24,11489600
107/10/22,767379,18.54,18.78,18.47,18.69,0.09,35,14289604
107/10/23,634100,18.57,18.57,18.37,18.39,0.30,41,11703909
107/10/24,618000,18.38,18.38,18.25,18.35,0.04,34,11308150
107/10/25,631119,18.10,18.10,17.70,17.84,0.51,42,11221195
107/10/26,615100,17.91,17.91,17.54,17.67,0.17,33,10860465
107/10/29,607000,17.67,17.79,17.65,17.68,0.01,22,10735930
107/10/30,608281,17.86,17.86,17.77,17.78,0.10,28,10821269
107/10/31,613000,17.91,18.11,17.91,18.08,0.30,26,11065350
107/11/01,611000,18.27,18.42,18.27,18.38,0.30,27,11227990
107/11/02,615110,18.25,18.43,18.22,18.30,0.08,26,11284890
107/11/08,613110,18.48,18.48,18.30,18.30,0.05,24,11258890
107/11/09,607000,18.10,18.10,18.02,18.04,0.26,23,10953870
107/11/12,608000,17.92,18.20,17.92,18.14,0.10,20,11053680
107/11/16,615000,17.96,18.00,17.90,17.99,0.07,29,11051810
107/11/19,617000,18.69,18.69,18.00,18.08,0.09,26,11134890
107/11/20,619396,17.85,17.88,17.80,17.86,0.22,31,11064836
107/11/21,607012,17.80,17.96,17.80,17.96,0.10,39,10869274
107/11/22,631000,18.10,18.12,17.99,18.00,0.04,24,11370560
107/11/23,670000,17.80,17.80,17.67,17.70,0.30,21,11866840
107/11/26,602000,17.80,18.00,17.80,17.91,0.21,19,10797700
107/11/27,719000,17.89,17.89,17.79,17.83,0.08,31,12820650
107/11/28,613000,17.87,17.99,17.87,17.99,0.16,19,10991030
107/11/29,605110,18.27,18.27,18.17,18.17,0.18,22,11014968
107/11/30,600000,18.17,18.19,18.17,18.19,0.02,14,10908000
107/12/03,1251700,18.28,18.68,18.28,18.65,0.46,96,23336805
107/12/04,1185000,18.65,18.65,18.50,18.58,0.07,97,22026490
107/12/05,923108,18.50,18.50,18.28,18.38,0.20,64,16958261
107/12/06,1000000,18.20,18.22,17.70,17.77,0.61,135,17997880
107/12/07,797000,17.93,18.02,17.77,17.83,0.06,91,14236700
107/12/10,912110,17.83,17.83,17.60,17.70,0.13,58,16135655
107/12/11,990166,17.70,17.80,17.70,17.74,0.04,47,17578828
107/12/12,1176055,17.74,17.90,17.74,17.89,0.15,57,20966031
107/12/13,671000,17.89,17.97,17.89,17.92,0.03,51,12042510
107/12/14,640000,17.90,17.90,17.74,17.79,0.13,41,11394390
107/12/17,935000,17.80,17.80,17.70,17.70,0.09,92,16629030
107/12/18,992000,17.70,17.71,17.64,17.70,,119,17550270
107/12/19,1347000,17.70,17.73,17.66,17.66,0.04,105,23832360
107/12/20,1142000,17.70,17.70,17.53,17.53,0.13,131,20156890
107/12/21,891000,17.51,17.53,17.47,17.48,0.05,81,15595700
107/12/22,759000,17.41,17.46,17.39,17.46,0.02,58,13219120
107/12/24,792148,17.41,17.47,17.33,17.35,0.11,47,13807088
107/12/25,906000,17.22,17.22,17.14,17.15,0.20,78,15538290
107/12/26,900091,17.20,17.26,17.00,17.00,0.15,122,15435042
107/12/27,1072000,17.08,17.50,17.02,17.38,0.38,141,18398910
107/12/28,683000,17.47,17.47,17.27,17.45,0.07,36,11894620
108/01/02,706259,17.49,17.52,17.34,17.35,0.10,50,12326994
108/01/03,627000,17.26,17.26,17.14,17.16,0.19,29,10777380
108/01/04,672000,16.98,16.98,16.76,16.83,0.33,48,11336180
108/01/07,639045,16.86,17.18,16.86,17.18,0.35,48,10939993
108/01/08,1141141,17.17,17.21,17.07,17.16,0.02,39,19599278
108/01/09,1040150,17.21,17.50,17.21,17.50,0.34,48,18058664
108/01/10,658000,17.64,17.64,17.36,17.42,0.08,35,11458570
108/01/11,697000,17.51,17.61,17.50,17.50,0.08,39,12238660
108/01/14,729000,17.61,17.62,17.47,17.50,,43,12747180
108/01/15,660148,17.54,17.61,17.52,17.57,0.07,49,11616089
108/01/16,860000,17.61,17.70,17.61,17.65,0.08,96,15205040
108/01/17,977348,17.66,18.15,17.66,17.79,0.14,122,17421349
108/01/18,836164,17.89,18.03,17.79,18.03,0.24,105,15006048
108/01/21,1053000,18.07,18.32,18.07,18.21,0.18,147,19251120
108/01/22,812010,18.27,18.27,18.20,18.22,0.01,105,14799680
108/01/23,846000,18.30,18.31,18.14,18.15,0.07,168,15394270
108/01/28,755000,17.40,17.40,17.34,17.34,,76,13107840
108/01/29,735256,17.27,17.27,17.15,17.20,0.14,52,12644332
108/01/30,704000,17.21,17.28,17.18,17.24,0.04,63,12139610
108/02/11,691000,17.39,17.56,17.30,17.35,0.11,54,12004730
108/02/12,705000,17.40,17.44,17.40,17.44,0.09,41,12283570
108/02/13,718500,17.47,17.47,17.38,17.45,0.01,68,12526199
108/02/14,708000,17.45,17.47,17.40,17.43,0.02,63,12356490
108/02/15,740000,17.43,17.50,17.35,17.40,0.03,65,12893740
108/02/18,665000,17.48,17.52,17.40,17.47,0.07,60,11601940
108/02/19,674012,17.45,17.49,17.45,17.47,,34,11781681
108/02/20,1208000,17.47,17.53,17.47,17.52,0.05,75,21115710
108/02/21,875000,17.52,18.00,17.52,17.95,0.43,149,15537930
108/02/22,892666,18.00,18.03,17.90,18.03,0.08,126,16051426
108/02/25,756255,18.02,18.11,18.02,18.10,0.07,67,13681772
108/02/26,837111,18.12,18.14,18.06,18.14,0.04,78,15151493
108/02/27,762001,18.20,18.20,18.13,18.15,0.01,82,13829918
108/03/04,696091,18.15,18.20,18.14,18.20,0.05,63,12641547
108/03/05,772273,18.20,18.23,18.14,18.23,0.03,73,14051315
108/03/06,714000,18.20,18.26,18.20,18.26,0.03,61,13017670
108/03/07,799400,18.27,18.27,18.11,18.13,0.13,80,14543222
108/03/08,789000,18.10,18.12,18.02,18.05,0.08,82,14270800
108/03/11,747190,18.05,18.13,18.05,18.13,0.08,50,13511685
108/03/12,848200,18.14,18.27,18.14,18.26,0.13,69,15469142
108/03/13,784000,18.26,18.26,18.19,18.22,0.04,59,14285100
108/03/14,706000,18.24,18.24,18.18,18.18,0.04,54,12862950
108/03/15,769054,18.21,18.31,18.21,18.25,0.07,49,14045637
108/03/18,738280,18.29,18.34,18.27,18.34,0.09,57,13516349
108/03/19,823018,18.35,18.47,18.35,18.47,0.13,71,15136066
108/03/20,759154,18.47,18.55,18.47,18.55,0.08,65,14059057
108/03/21,944000,18.55,18.60,18.54,18.60,0.05,84,17520570
108/03/22,569000,18.61,18.74,18.61,18.64,0.04,68,10625810
108/03/25,1092000,18.64,18.64,18.36,18.42,0.22,110,20125790
108/03/26,798100,18.45,18.57,18.45,18.57,0.15,59,14772007
108/03/27,838000,18.57,18.59,18.50,18.56,0.01,68,15539560
108/03/28,760048,18.56,18.64,18.56,18.62,0.06,49,14138690
108/03/29,783000,18.64,18.71,18.57,18.71,0.09,40,14606480
108/04/01,740000,18.79,18.83,18.60,18.60,0.11,68,13893010
108/04/02,746000,18.66,18.80,18.66,18.73,0.13,38,13979710
108/04/03,713000,18.75,18.75,18.70,18.73,,33,13346810
108/04/08,740300,19.10,19.10,18.80,18.83,0.10,49,13949074
108/04/09,734001,18.83,18.94,18.83,18.94,0.11,49,13857339
108/04/10,691000,18.94,19.12,18.93,19.05,0.11,45,13107780
108/04/11,706000,19.05,19.19,18.94,18.94,0.11,62,13432090
108/04/12,635056,19.00,19.00,18.85,18.89,0.05,34,12012595
108/04/15,808000,18.99,19.04,18.98,19.01,0.12,44,15363330
108/04/16,693000,19.05,19.10,19.00,19.10,0.09,40,13187320
108/04/17,684000,19.20,19.20,19.08,19.09,0.01,49,13076240
108/04/18,716074,19.17,19.17,18.98,19.06,0.03,57,13696863
108/04/19,667050,19.14,19.19,19.10,19.10,0.04,34,12767452
108/04/22,790254,19.10,19.19,19.10,19.14,0.04,48,15153290
108/04/23,700839,19.14,19.21,19.08,19.21,0.07,34,13434564
108/04/24,699290,19.22,19.30,19.22,19.26,0.05,31,13471384
108/04/25,683000,19.26,19.40,19.26,19.40,0.14,30,13230490
108/04/26,799588,19.38,19.38,19.16,19.22,0.18,81,15367591
108/04/29,760347,19.22,19.26,19.10,19.15,0.07,44,14594134
108/04/30,1008001,19.15,19.22,19.11,19.22,0.07,65,19332637
108/05/02,770000,19.25,19.42,19.25,19.26,0.04,47,14897380
108/05/03,746000,19.34,19.49,19.34,19.49,0.23,49,14494270
108/05/06,942000,19.45,19.45,19.15,19.19,0.30,121,18117160
108/05/07,740150,19.20,19.34,19.20,19.32,0.13,40,14296939
108/05/08,724617,19.33,19.33,19.16,19.24,0.08,55,13928707
108/05/09,789298,19.24,19.24,18.96,18.96,0.28,114,15040779
108/05/10,771198,18.99,19.10,18.79,18.90,0.06,91,14605858
108/05/13,937587,18.86,18.86,18.56,18.60,0.30,129,17493334
108/05/14,705001,18.45,18.52,18.23,18.52,0.08,81,12978459
108/05/15,862000,18.66,18.77,18.58,18.67,0.15,69,16129680
108/05/16,812000,18.67,18.67,18.46,18.46,0.21,64,15074020
108/05/17,1023000,18.57,18.64,18.20,18.20,0.26,125,18785650
108/05/20,910000,18.28,18.28,18.20,18.21,0.01,68,16599470
108/05/21,998118,18.21,18.44,18.16,18.44,0.23,56,18320917
108/05/22,720000,18.48,18.48,18.40,18.42,0.02,22,13268550
108/05/23,673000,18.39,18.39,18.14,18.14,0.28,148,12244300
108/05/24,828000,18.15,18.15,18.01,18.02,0.12,116,14946990
108/05/27,779000,18.05,18.05,17.92,17.95,0.07,91,13989280
108/05/28,706000,18.04,18.04,17.92,17.97,0.02,71,12682840
108/05/29,859285,17.98,17.98,17.79,17.79,0.18,150,15308694
108/05/30,905000,17.79,17.98,17.79,17.98,0.19,48,16185440
108/05/31,864000,18.00,18.16,17.98,18.14,0.16,59,15627360
108/06/03,705000,18.12,18.15,17.97,18.15,0.01,36,12774760
108/06/04,744000,18.14,18.18,17.99,17.99,0.16,79,13445490
108/06/05,701000,18.17,18.18,18.05,18.08,0.09,49,12672440
108/06/06,844210,18.07,18.07,17.87,17.93,0.15,126,15128457
108/06/10,766000,18.15,18.15,17.95,18.06,0.13,51,13815320
108/06/11,711209,18.06,18.18,18.06,18.17,0.11,64,12914787
108/06/12,696010,18.17,18.27,18.15,18.22,0.05,54,12683177
108/06/13,664000,18.22,18.25,18.14,18.21,0.01,32,12091500
108/06/14,701000,18.21,18.21,18.15,18.15,0.06,58,12752950
108/06/17,765000,18.15,18.24,18.07,18.20,0.05,89,13922300
108/06/18,668945,18.24,18.26,18.20,18.26,0.06,39,12198590
108/06/19,882318,18.30,18.58,18.30,18.58,0.32,90,16317912
108/06/20,805000,18.58,18.58,18.51,18.55,0.03,43,14930580
108/06/21,784200,18.65,18.65,18.56,18.57,0.02,55,14593624
108/06/24,792050,18.66,18.72,18.59,18.70,0.13,41,14796775
108/06/25,694000,18.75,18.75,18.55,18.60,0.10,53,12947300
108/06/26,768002,18.60,18.60,18.45,18.49,0.11,57,14226817
108/06/27,723000,18.60,18.72,18.60,18.68,0.19,47,13501470
108/06/28,865694,18.68,18.68,18.57,18.59,0.09,56,16100093
108/07/01,822250,18.71,18.97,18.71,18.95,0.36,102,15577496
108/07/02,657000,18.95,18.95,18.86,18.87,0.08,38,12406510
108/07/03,677099,18.81,18.81,18.60,18.62,0.25,67,12663580
108/07/04,745261,18.70,18.75,18.65,18.73,0.11,42,13945797
108/07/05,667011,18.73,18.73,18.70,18.72,0.01,26,12480746
108/07/08,666229,18.89,18.89,18.67,18.70,0.02,48,12448864
108/07/09,655085,18.70,18.70,18.61,18.62,0.08,45,12204912
108/07/10,661085,18.63,18.89,18.63,18.89,0.27,48,12419244
108/07/11,735303,18.89,19.01,18.89,19.00,0.11,60,13955019
108/07/12,692000,19.00,19.08,18.98,18.99,0.01,54,13160190
108/07/15,776000,19.00,19.09,18.90,19.07,0.08,92,14765520
108/07/16,689455,19.08,19.15,19.07,19.10,0.03,41,13188070
108/07/17,736155,19.10,19.10,18.93,18.94,0.16,69,13961661
108/07/18,647233,18.92,18.93,18.88,18.88,0.06,40,12237306
108/07/19,674000,19.01,19.05,18.99,18.99,0.11,46,12822020
108/07/22,723394,19.06,19.14,19.03,19.14,0.15,46,13830280
108/07/23,730000,19.14,19.16,19.12,19.13,0.01,36,13976440
108/07/24,664000,19.14,19.15,19.10,19.10,0.03,36,12701070
108/07/25,736000,19.16,19.18,19.15,19.18,0.08,44,14098110
108/07/26,619000,19.10,19.10,19.08,19.08,0.10,27,11818700
108/07/29,665000,19.08,19.14,19.01,19.14,0.06,31,12691710
108/07/30,684115,19.14,19.16,19.05,19.07,0.07,34,13073418
108/07/31,826000,19.05,19.06,18.96,19.02,0.05,53,15722560
