﻿富邦臺灣中小,	00733
日期,成交股數,開盤價,最高價,最低價,收盤價,漲跌價差,成交筆數,成交金額
107/06/01,1019000,20.70,20.80,20.57,20.74,0.23,254,21101010
107/06/04,772000,20.89,21.00,20.88,20.94,0.20,311,16180940
107/06/05,1259000,21.00,21.03,20.59,20.69,0.25,190,26248020
107/06/06,1719000,20.80,20.98,20.80,20.90,0.21,312,35976390
107/06/07,945000,21.00,21.05,20.83,20.92,0.02,183,19795200
107/06/08,857000,20.90,20.94,20.83,20.85,0.07,153,17881920
107/06/11,1473000,20.93,20.95,20.84,20.85,,176,30766870
107/06/12,332000,20.92,20.94,20.70,20.74,0.11,45,6886830
107/06/13,238141,20.81,20.85,20.53,20.67,0.07,38,4910369
107/06/14,126000,20.67,20.67,20.46,20.46,0.21,32,2590470
107/06/15,95000,20.65,20.65,20.43,20.61,0.15,13,1952870
107/06/19,340000,20.50,20.61,20.48,20.48,0.13,34,6984650
107/06/20,820000,20.35,20.35,19.85,20.04,0.44,176,16387880
107/06/21,724000,20.04,20.16,19.96,19.96,0.08,83,14535290
107/06/22,305000,20.11,20.11,19.66,19.66,0.30,79,6025950
107/06/25,588000,19.63,19.75,19.54,19.65,0.01,92,11547500
107/06/26,530000,19.54,19.86,19.48,19.86,0.21,23,10336770
107/06/27,1365000,19.86,20.06,19.86,19.97,0.11,163,27264820
107/06/28,534000,19.75,19.90,19.75,19.90,0.07,13,10623840
107/06/29,551000,20.15,20.15,19.94,20.07,0.17,17,11039500
107/07/02,847000,20.16,20.45,20.16,20.38,0.31,57,17272010
107/07/03,855000,20.42,20.60,20.18,20.31,0.07,204,17469390
107/07/04,202000,20.25,20.25,20.23,20.23,0.08,4,4090460
107/07/05,1030000,20.23,20.23,19.80,19.80,0.43,39,20778690
107/07/06,569000,20.20,20.20,19.28,19.68,0.12,82,11103420
107/07/09,267000,19.80,19.98,19.75,19.75,0.07,12,5288630
107/07/10,54000,19.86,20.00,19.82,20.00,0.25,20,1076410
107/07/11,205000,19.84,19.94,19.84,19.87,0.13,6,4087330
107/07/12,323096,19.87,20.25,19.87,20.25,0.38,43,6484982
107/07/13,877096,20.30,20.66,20.30,20.64,0.39,321,18021005
107/07/16,293000,20.52,20.52,20.23,20.34,0.30,28,5994340
107/07/17,244000,20.28,20.28,20.08,20.11,0.23,17,4904240
107/07/18,242000,20.20,20.20,19.75,19.93,0.18,36,4790140
107/07/19,204000,19.86,19.95,19.83,19.83,0.10,5,4069350
107/07/20,271000,19.84,19.84,19.59,19.70,0.13,35,5343770
107/07/23,287000,19.58,19.68,19.49,19.68,0.02,42,5608440
107/07/24,237048,19.72,19.76,19.65,19.72,0.04,16,4680419
107/07/25,209000,19.85,19.86,19.78,19.78,0.06,13,4148540
107/07/26,284000,19.88,19.96,19.86,19.91,0.13,24,5646380
107/07/27,302000,19.94,20.05,19.94,19.97,0.06,32,6040410
107/07/30,282100,20.00,20.00,19.71,19.73,0.24,48,5566120
107/07/31,304000,19.85,19.86,19.71,19.71,0.02,16,6010330
107/08/01,313050,19.71,19.93,19.71,19.93,0.22,16,6232137
107/08/02,382000,19.93,19.93,19.61,19.62,0.31,37,7533830
107/08/03,275000,19.62,19.75,19.62,19.71,0.09,23,5415450
107/08/06,346000,19.71,19.90,19.71,19.81,0.10,23,6849550
107/08/07,268000,19.81,19.81,19.73,19.81,,25,5298360
107/08/08,369000,19.81,19.96,19.81,19.86,0.05,20,7351190
107/08/09,262000,19.76,19.78,19.67,19.73,0.13,17,5179650
107/08/10,240049,19.66,19.75,19.61,19.66,0.07,12,4731917
107/08/13,502147,19.51,19.51,19.00,19.25,0.41,83,9620565
107/08/14,305000,19.25,19.40,19.25,19.25,,22,5885210
107/08/15,281008,19.25,19.25,19.07,19.08,0.17,30,5364552
107/08/16,284000,18.93,19.19,18.90,19.18,0.10,18,5441440
107/08/17,296000,19.21,19.21,19.05,19.05,0.13,24,5673050
107/08/20,278000,19.05,19.07,18.85,18.88,0.17,26,5249810
107/08/21,271000,18.96,19.00,18.96,18.99,0.11,10,5145650
107/08/22,253000,19.02,19.04,19.01,19.04,0.05,10,4812270
107/08/23,259000,19.04,19.13,19.01,19.05,0.01,14,4935360
107/08/24,285000,18.98,18.98,18.84,18.88,0.17,26,5375640
107/08/27,267000,18.88,19.12,18.88,19.12,0.24,19,5072140
107/08/28,264000,19.12,19.17,19.06,19.07,0.05,18,5036560
107/08/29,263515,19.08,19.18,19.05,19.13,0.06,29,5046144
107/08/30,268000,19.25,19.25,19.00,19.15,0.02,22,5131780
107/08/31,280198,19.15,19.15,19.02,19.02,0.13,26,5340375
107/09/03,313000,19.07,19.08,18.90,18.90,0.12,31,5938560
107/09/04,316150,18.95,18.97,18.77,18.77,0.13,22,5980573
107/09/05,300693,18.77,18.87,18.77,18.80,0.03,22,5662822
107/09/06,343775,18.80,18.80,18.70,18.70,0.10,35,6446776
107/09/07,355170,18.68,18.68,18.25,18.29,0.41,42,6528620
107/09/10,776475,18.33,18.33,17.46,17.56,0.73,92,13714755
107/09/11,847218,18.00,18.00,17.60,17.85,0.29,72,15084990
107/09/12,314000,17.85,17.86,17.75,17.75,0.10,15,5581810
107/09/13,333000,17.80,17.88,17.78,17.78,0.03,22,5928460
107/09/14,448000,18.00,18.13,17.86,18.13,0.35,58,8076410
107/09/17,546000,18.07,18.33,18.07,18.22,0.09,45,9932810
107/09/18,310165,18.22,18.25,18.10,18.12,0.10,15,5627926
107/09/19,309647,18.12,18.26,18.12,18.20,0.08,19,5631912
107/09/20,325726,18.20,18.20,18.00,18.00,0.20,24,5883424
107/09/21,325047,18.00,18.15,18.00,18.12,0.12,19,5889741
107/09/25,412000,18.12,18.41,18.12,18.37,0.25,28,7552330
107/09/26,278000,18.33,18.33,18.14,18.15,0.22,15,5053480
107/09/27,233741,18.15,18.15,18.10,18.12,0.03,8,4236188
107/09/28,250000,18.18,18.27,18.00,18.08,0.04,12,4521650
107/10/01,301000,18.08,18.10,18.05,18.08,,15,5437680
107/10/02,324000,18.10,18.15,17.95,17.98,0.10,22,5836270
107/10/03,334100,17.97,17.97,17.72,17.72,0.26,37,5942201
107/10/04,327100,17.70,17.70,17.28,17.39,0.33,41,5699783
107/10/05,395514,17.37,17.37,16.82,17.02,0.37,52,6762586
107/10/08,323000,16.92,17.02,16.10,16.60,0.42,37,5388050
107/10/09,307560,16.62,16.66,16.25,16.41,0.19,31,5056520
107/10/11,466100,15.81,15.81,14.87,14.92,1.49,158,7035158
107/10/12,332000,14.92,15.30,14.92,15.30,0.38,34,5049530
107/10/15,289194,15.27,15.43,15.27,15.40,0.10,21,4453253
107/10/16,368609,15.37,15.56,15.37,15.41,0.01,30,5685852
107/10/17,332000,15.41,15.66,15.41,15.49,0.08,19,5153620
107/10/18,293173,15.49,15.49,15.30,15.30,0.19,19,4504161
107/10/19,291193,15.22,15.25,15.10,15.24,0.06,18,4433752
107/10/22,326100,15.26,15.35,15.26,15.31,0.07,23,4992150
107/10/23,240000,15.11,15.11,15.03,15.09,0.22,12,3626030
107/10/24,291000,15.07,15.12,14.95,15.06,0.03,20,4392050
107/10/25,257000,14.63,14.63,14.51,14.62,0.44,17,3757380
107/10/26,291991,14.62,14.70,14.41,14.41,0.21,25,4225720
107/10/29,229000,14.41,14.41,14.35,14.35,0.06,11,3292930
107/10/30,276000,14.35,14.36,14.32,14.33,0.02,13,3955640
107/10/31,254000,14.54,14.65,14.54,14.65,0.32,8,3716490
107/11/01,224000,14.72,14.84,14.72,14.83,0.18,8,3321450
107/11/02,303000,14.87,15.03,14.87,15.03,0.20,27,4538720
107/11/08,212103,15.29,15.29,15.18,15.21,0.08,13,3220746
107/11/09,209588,15.10,15.10,15.04,15.08,0.13,9,3160505
107/11/12,202000,15.08,15.08,15.06,15.06,0.02,6,3042160
107/11/16,224000,15.24,15.29,15.18,15.18,0.03,22,3401360
107/11/19,230217,15.21,15.24,15.21,15.23,0.05,15,3504067
107/11/20,204000,15.19,15.19,15.17,15.19,0.04,6,3094740
107/11/21,209116,15.10,15.19,15.10,15.11,0.08,9,3170020
107/11/22,207000,15.20,15.20,15.12,15.12,0.01,9,3135950
107/11/23,201633,15.02,15.05,15.02,15.05,0.07,5,3034609
107/11/26,214167,15.09,15.18,14.83,14.83,0.22,9,3234153
107/11/27,222000,15.10,15.18,15.07,15.18,0.35,15,3368130
107/11/28,230000,15.19,15.35,15.19,15.35,0.17,17,3511740
107/11/29,248000,15.52,15.62,15.45,15.45,0.10,19,3854360
107/11/30,223000,15.48,15.60,15.48,15.54,0.09,14,3463230
107/12/03,243196,15.74,15.85,15.70,15.79,0.25,23,3838137
107/12/04,214341,15.82,15.91,15.79,15.82,0.03,15,3387186
107/12/05,225000,15.54,15.61,15.42,15.42,0.40,12,3493340
107/12/06,228101,15.44,15.44,15.19,15.26,0.16,15,3478085
107/12/07,207000,15.36,15.36,15.34,15.34,0.08,6,3175510
107/12/10,211000,15.22,15.22,15.17,15.17,0.17,7,3211120
107/12/11,207000,15.22,15.34,15.22,15.34,0.17,7,3174580
107/12/12,220000,15.42,15.43,15.39,15.43,0.09,10,3390530
107/12/13,211192,15.51,15.55,15.50,15.55,0.12,7,3279619
107/12/14,206000,15.50,15.50,15.41,15.49,0.06,5,3190550
107/12/17,215000,15.49,15.51,15.49,15.51,0.02,5,3332550
107/12/18,209205,15.47,15.47,15.37,15.37,0.14,6,3235511
107/12/19,215663,15.38,15.43,15.38,15.43,0.06,8,3327029
107/12/20,207143,15.25,15.27,15.19,15.19,0.24,8,3146923
107/12/21,0,--,--,--,--,,0,0
107/12/22,200130,15.17,15.17,15.17,15.17,X,3,3035972
107/12/24,235628,15.24,15.33,15.24,15.28,0.11,13,3601244
107/12/25,205000,15.09,15.09,15.00,15.02,0.26,6,3079150
107/12/26,235000,15.08,15.08,15.00,15.00,0.02,6,3531800
107/12/27,215000,15.20,15.20,15.05,15.06,0.06,10,3240060
107/12/28,202000,15.17,15.17,15.13,15.13,0.07,4,3056300
108/01/02,205024,15.04,15.08,15.04,15.08,0.05,8,3091561
108/01/03,202000,15.08,15.08,15.05,15.05,0.03,5,3046100
108/01/04,202000,14.94,14.99,14.94,14.99,0.06,4,3027880
108/01/07,292000,15.20,15.20,15.09,15.18,0.19,23,4428360
108/01/08,204000,15.18,15.18,15.11,15.11,0.07,7,3090510
108/01/09,204000,15.36,15.40,15.36,15.40,0.29,7,3141520
108/01/10,207500,15.37,15.45,15.37,15.45,0.05,7,3205795
108/01/11,210080,15.47,15.47,15.35,15.35,0.10,7,3248720
108/01/14,202215,15.33,15.35,15.33,15.35,,7,3099999
108/01/15,585125,15.37,15.70,15.37,15.52,0.17,36,9077991
108/01/16,229000,15.54,15.59,15.54,15.59,0.07,7,3562960
108/01/17,202000,15.69,15.69,15.61,15.61,0.02,4,3153310
108/01/18,208401,15.54,15.54,15.46,15.46,0.15,10,3224158
108/01/21,206000,15.46,15.46,15.45,15.45,0.01,5,3182740
108/01/22,210402,15.43,15.43,15.34,15.34,0.11,7,3228106
108/01/23,204178,15.32,15.41,15.32,15.41,0.07,6,3146022
108/01/28,238283,15.62,15.76,15.62,15.75,0.15,26,3747149
108/01/29,218000,15.60,15.66,15.45,15.50,0.25,18,3379990
108/01/30,208000,15.54,15.66,15.54,15.60,0.10,8,3256710
108/02/11,224949,15.75,16.01,15.74,16.01,0.41,25,3576962
108/02/12,227807,16.10,16.14,16.05,16.09,0.08,16,3671401
108/02/13,221185,16.19,16.25,16.12,16.12,0.03,14,3574182
108/02/14,237999,16.27,16.40,16.20,16.26,0.14,32,3876973
108/02/15,261066,16.30,16.31,16.13,16.13,0.13,20,4218194
108/02/18,217388,16.27,16.28,16.25,16.28,0.15,13,3532984
108/02/19,210060,16.26,16.32,16.22,16.22,0.06,9,3419664
108/02/20,214283,16.33,16.37,16.33,16.35,0.13,18,3501541
108/02/21,220474,16.43,16.47,16.40,16.47,0.12,21,3620800
108/02/22,261000,16.40,16.45,16.37,16.37,0.10,15,4275220
108/02/25,236000,16.55,16.58,16.52,16.58,0.21,15,3908480
108/02/26,225085,16.63,16.73,16.58,16.58,,22,3737557
108/02/27,232000,16.59,16.68,16.50,16.61,0.03,11,3851820
108/03/04,371909,16.60,16.92,16.60,16.92,0.31,51,6234856
108/03/05,297000,16.92,16.96,16.85,16.96,0.04,25,5013940
108/03/06,236046,16.93,16.98,16.91,16.98,0.02,19,4000179
108/03/07,222000,16.92,16.92,16.60,16.71,0.27,17,3713070
108/03/08,267673,16.52,16.77,16.50,16.77,0.06,17,4454881
108/03/11,287000,16.77,16.84,16.68,16.84,0.07,16,4820050
108/03/12,212372,16.85,16.90,16.82,16.87,0.03,8,3588343
108/03/13,215177,16.83,16.86,16.83,16.84,0.03,6,3623564
108/03/14,205496,16.99,16.99,16.82,16.86,0.02,8,3456832
108/03/15,207207,16.95,16.97,16.95,16.95,0.09,8,3516239
108/03/18,259999,17.04,17.30,17.04,17.30,0.35,35,4476762
108/03/19,224787,17.30,17.37,17.28,17.33,0.03,11,3896634
108/03/20,218157,17.38,17.49,17.34,17.49,0.16,18,3813670
108/03/21,215788,17.40,17.69,17.40,17.66,0.17,17,3809505
108/03/22,210000,17.73,17.77,17.51,17.65,0.01,8,3699060
108/03/25,204000,17.41,17.41,17.32,17.32,0.33,4,3545550
108/03/26,213000,17.48,17.50,17.43,17.44,0.12,8,3715090
108/03/27,215000,17.41,17.43,17.40,17.43,0.01,10,3747130
108/03/28,204000,17.34,17.39,17.34,17.39,0.04,4,3547360
108/03/29,219000,17.40,17.55,17.40,17.50,0.11,7,3841830
108/04/01,218000,17.64,17.65,17.57,17.61,0.11,17,3845010
108/04/02,221257,17.69,17.79,17.69,17.70,0.09,18,3935166
108/04/03,208276,17.82,17.82,17.70,17.70,,10,3698910
108/04/08,242391,17.90,17.93,17.87,17.93,0.23,30,4342978
108/04/09,207055,17.93,17.93,17.79,17.79,0.14,9,3697696
108/04/10,221096,17.80,17.83,17.75,17.80,0.01,10,3935188
108/04/11,211000,17.80,17.80,17.70,17.71,0.09,9,3739330
108/04/12,208400,17.67,17.67,17.61,17.63,0.08,10,3674130
108/04/15,239974,17.63,17.76,17.63,17.76,0.13,20,4259755
108/04/16,260400,17.77,17.92,17.76,17.92,0.16,25,4650439
108/04/17,201000,17.96,17.96,17.96,17.96,0.04,4,3609960
108/04/18,282200,17.80,17.96,17.76,17.76,0.20,28,5044797
108/04/19,210064,17.78,17.83,17.74,17.83,0.07,8,3744794
108/04/22,217436,17.91,17.95,17.90,17.95,0.12,19,3902496
108/04/23,213390,18.03,18.03,17.87,17.91,0.04,11,3819900
108/04/24,205000,17.92,17.96,17.92,17.96,0.05,6,3681760
108/04/25,208245,17.95,17.97,17.95,17.97,0.01,8,3742102
108/04/26,257310,17.89,17.89,17.59,17.69,0.28,24,4544570
108/04/29,255473,17.61,17.61,17.39,17.47,0.22,15,4474609
108/04/30,323000,17.45,17.63,17.45,17.63,0.16,14,5673850
108/05/02,307000,17.39,17.47,17.36,17.47,X,16,5343400
108/05/03,283000,17.57,17.57,17.48,17.50,0.03,11,4952830
108/05/06,232000,17.23,17.23,17.15,17.18,0.32,19,3985320
108/05/07,216000,17.24,17.36,17.24,17.35,0.17,11,3747340
108/05/08,210000,17.26,17.33,17.26,17.33,0.02,4,3636670
108/05/09,232400,17.25,17.25,16.91,16.91,0.42,16,3955010
108/05/10,222000,16.99,16.99,16.75,16.82,0.09,12,3733580
108/05/13,201000,17.01,17.01,16.87,16.87,0.05,3,3391010
108/05/14,208000,16.47,16.84,16.38,16.71,0.16,6,3473590
108/05/15,202000,17.10,17.10,17.08,17.09,0.38,4,3452180
108/05/16,234000,17.04,17.14,16.74,16.78,0.31,19,3962930
108/05/17,229000,16.70,16.70,16.36,16.41,0.37,19,3758550
108/05/20,224000,16.41,16.41,16.23,16.33,0.08,14,3657660
108/05/21,221269,16.22,16.49,16.22,16.49,0.16,12,3644046
108/05/22,206000,16.58,16.62,16.50,16.50,0.01,8,3399570
108/05/23,233155,16.22,16.22,16.10,16.16,0.34,18,3759117
108/05/24,278310,16.18,16.18,16.08,16.08,0.08,16,4491499
108/05/27,324000,16.08,16.08,15.95,15.96,0.12,23,5183160
108/05/28,203000,16.02,16.08,16.02,16.08,0.12,5,3252240
108/05/29,258500,16.01,16.08,16.01,16.01,0.07,9,4147759
108/05/30,273000,16.09,16.13,16.09,16.13,0.12,16,4400730
108/05/31,223000,16.19,16.29,16.19,16.29,0.16,14,3631270
108/06/03,206023,16.21,16.21,16.12,16.18,0.11,9,3333370
108/06/04,209000,16.25,16.25,16.17,16.17,0.01,8,3387930
108/06/05,205000,16.26,16.26,16.21,16.21,0.04,5,3323240
108/06/06,221000,16.21,16.21,16.05,16.14,0.07,11,3552690
108/06/10,242000,16.21,16.50,16.21,16.50,0.36,12,3966950
108/06/11,207000,16.61,16.66,16.61,16.66,0.16,8,3446460
108/06/12,227200,16.75,16.75,16.69,16.75,0.09,10,3792670
108/06/13,207000,16.74,16.85,16.74,16.76,0.01,5,3469310
108/06/14,210000,16.79,16.79,16.66,16.70,0.06,7,3506890
108/06/17,317000,16.70,16.89,16.70,16.81,0.11,16,5333240
108/06/18,216000,16.72,16.80,16.68,16.80,0.01,9,3621320
108/06/19,257060,16.98,17.13,16.98,17.12,0.32,27,4397824
108/06/20,243549,17.18,17.34,17.18,17.34,0.22,22,4206230
108/06/21,206200,17.20,17.20,17.14,17.18,0.16,6,3542334
108/06/24,206000,17.08,17.21,17.08,17.13,0.05,6,3544690
108/06/25,229000,17.17,17.22,17.11,17.11,0.02,9,3927280
108/06/26,219000,17.11,17.14,17.10,17.12,0.01,8,3753120
108/06/27,257175,17.27,17.44,17.27,17.37,0.25,23,4466928
108/06/28,210000,17.32,17.33,17.24,17.30,0.07,5,3636550
