﻿富邦臺灣優質高息,	00730
日期,成交股數,開盤價,最高價,最低價,收盤價,漲跌價差,成交筆數,成交金額
107/06/01,304895,19.64,19.80,19.64,19.80,0.10,9,6002495
107/06/04,188000,19.85,19.96,19.85,19.96,0.16,13,3743090
107/06/05,440000,19.89,20.01,19.78,19.97,0.01,37,8764080
107/06/06,187000,19.98,20.08,19.98,20.08,0.11,13,3747780
107/06/07,249040,20.14,20.17,20.11,20.17,0.09,22,5020123
107/06/08,58250,20.17,20.17,20.11,20.11,0.06,8,1173546
107/06/11,68100,20.10,20.10,20.01,20.06,0.05,14,1366161
107/06/12,163000,20.02,20.05,19.99,20.02,0.04,16,3264060
107/06/13,609000,20.02,20.07,20.02,20.02,,16,12211260
107/06/14,138250,19.98,19.99,19.84,19.84,0.18,40,2750619
107/06/15,128403,19.76,19.76,19.69,19.71,0.13,26,2536280
107/06/19,156050,19.63,19.63,19.53,19.60,0.11,24,3057660
107/06/20,108501,19.70,19.70,19.63,19.70,0.10,12,2137263
107/06/21,105547,19.75,19.75,19.71,19.71,0.01,10,2080500
107/06/22,106000,19.66,19.66,19.58,19.64,0.07,9,2081780
107/06/25,119354,19.64,19.68,19.64,19.66,0.02,15,2348588
107/06/26,526253,19.51,19.62,19.50,19.62,0.04,22,10285883
107/06/27,109000,19.65,19.69,19.65,19.67,0.05,15,2143950
107/06/28,142149,19.59,19.59,19.48,19.51,0.16,22,2775859
107/06/29,119000,19.56,20.02,19.56,20.02,0.51,13,2351630
107/07/02,210000,19.86,19.87,19.82,19.85,0.17,17,4164890
107/07/03,577000,19.88,19.90,19.80,19.80,0.05,26,11438330
107/07/04,117000,19.75,19.88,19.75,19.88,0.08,14,2317080
107/07/05,211000,19.83,19.84,19.79,19.80,0.08,13,4182980
107/07/06,148251,19.80,19.80,19.56,19.63,0.17,22,2910036
107/07/09,134000,19.70,19.78,19.70,19.76,0.13,13,2647630
107/07/10,104000,19.86,19.86,19.80,19.85,0.09,5,2059420
107/07/11,157102,19.77,19.81,19.76,19.78,0.07,13,3109484
107/07/12,1030000,19.79,19.92,19.75,19.92,0.14,35,20383440
107/07/13,143000,19.93,20.03,19.93,20.03,0.11,24,2863680
107/07/16,157000,20.09,20.12,20.07,20.09,0.06,24,3155010
107/07/17,114000,20.04,20.04,20.03,20.04,0.05,6,2284460
107/07/18,192404,20.15,20.22,20.14,20.22,0.18,27,3878763
107/07/19,148000,20.25,20.28,20.24,20.24,0.02,20,2998140
107/07/20,136245,20.28,20.32,20.26,20.28,0.04,16,2763518
107/07/23,203150,20.38,20.38,20.33,20.36,0.08,27,4135572
107/07/24,129977,20.38,20.45,20.38,20.45,0.09,22,2651580
107/07/25,116000,20.42,20.44,20.36,20.36,0.09,13,2364080
107/07/26,128049,20.39,20.40,20.37,20.40,0.04,13,2610083
107/07/27,115000,20.47,20.52,20.46,20.50,0.10,15,2357420
107/07/30,116636,20.53,20.58,20.52,20.58,0.08,19,2399017
107/07/31,116402,20.60,20.73,20.60,20.73,0.15,15,2410536
107/08/01,105000,20.82,20.82,20.78,20.80,0.07,7,2182060
107/08/02,127850,20.80,20.80,20.56,20.56,0.24,13,2632665
107/08/03,210000,20.65,20.68,20.65,20.68,0.12,8,4337680
107/08/06,147775,20.72,20.82,20.72,20.73,0.05,25,3064634
107/08/07,107000,20.75,20.77,20.74,20.77,0.04,16,2221260
107/08/08,105000,20.94,20.96,20.93,20.96,0.19,11,2198730
107/08/09,112000,20.93,20.96,20.89,20.94,0.02,12,2341610
107/08/10,125100,20.96,20.99,20.96,20.97,0.03,16,2624510
107/08/13,128297,20.97,20.97,20.62,20.65,0.32,18,2650537
107/08/14,112198,20.70,20.75,20.70,20.75,0.10,11,2327484
107/08/15,526000,20.77,20.80,20.75,20.80,0.05,17,10930650
107/08/16,614000,20.60,20.70,20.60,20.70,0.10,26,12694410
107/08/17,151000,20.75,20.75,20.70,20.70,,9,3130700
107/08/20,108487,20.67,20.69,20.64,20.67,0.03,12,2244415
107/08/21,105010,20.72,20.74,20.72,20.73,0.06,11,2176857
107/08/22,121000,20.76,20.84,20.76,20.80,0.07,17,2519940
107/08/23,117448,20.82,20.84,20.79,20.84,0.04,16,2444188
107/08/24,113000,20.72,20.74,20.65,20.70,0.14,11,2342980
107/08/27,126681,20.87,20.95,20.87,20.95,0.25,21,2648581
107/08/28,123009,21.00,21.05,21.00,21.05,0.10,18,2587789
107/08/29,116192,21.09,21.09,21.07,21.08,0.03,15,2449352
107/08/30,113000,21.11,21.11,20.95,20.98,0.10,11,2367940
107/08/31,115000,20.98,21.00,20.94,21.00,0.02,15,2411460
107/09/03,124048,21.02,21.02,20.82,20.82,0.18,21,2587999
107/09/04,102040,20.88,20.88,20.88,20.88,0.06,8,2130590
107/09/05,129300,20.88,20.88,20.77,20.79,0.09,20,2687117
107/09/06,144600,20.63,20.69,20.59,20.66,0.13,16,2989285
107/09/07,185000,20.58,20.58,20.45,20.54,0.12,15,3793160
107/09/10,175701,20.38,20.38,20.11,20.16,0.38,26,3548041
107/09/11,108000,20.23,20.25,20.15,20.25,0.09,11,2186590
107/09/12,103040,20.18,20.18,20.13,20.13,0.12,7,2074324
107/09/13,106200,20.29,20.34,20.29,20.34,0.21,11,2159957
107/09/14,105569,20.56,20.62,20.56,20.62,0.28,13,2175587
107/09/17,140000,20.65,20.65,20.57,20.58,0.04,14,2881300
107/09/18,122243,20.51,20.57,20.51,20.53,0.05,15,2509559
107/09/19,155000,20.58,20.61,20.57,20.61,0.08,8,3189400
107/09/20,168452,20.71,20.71,20.50,20.50,0.11,14,3466039
107/09/21,148989,20.70,20.92,20.69,20.92,0.42,33,3109581
107/09/25,128250,20.84,20.87,20.77,20.77,0.15,20,2668282
107/09/26,157000,20.75,20.84,20.75,20.75,0.02,20,3260810
107/09/27,115709,20.72,20.84,20.72,20.84,0.09,17,2402429
107/09/28,180000,20.85,20.90,20.83,20.89,0.05,25,3754870
107/10/01,122000,20.92,20.94,20.91,20.94,0.05,16,2554290
107/10/02,511000,20.96,20.96,20.74,20.74,0.20,24,10670950
107/10/03,127048,20.70,20.70,20.52,20.52,0.22,27,2610695
107/10/04,138500,20.48,20.48,20.33,20.36,0.16,19,2816509
107/10/05,154687,20.29,20.29,19.95,20.10,0.26,44,3108636
107/10/08,165000,20.06,20.06,19.98,20.03,0.07,31,3306590
107/10/09,272384,20.08,20.11,20.00,20.11,0.08,20,5464390
107/10/11,327359,19.32,19.32,18.75,18.75,1.36,126,6188674
107/10/12,136000,18.61,19.10,18.60,19.10,0.35,32,2577200
107/10/15,131048,18.95,18.96,18.84,18.95,0.15,26,2483706
107/10/16,144700,18.96,19.10,18.96,18.99,0.04,21,2755093
107/10/17,179096,19.25,19.25,18.97,18.97,0.02,49,3431031
107/10/18,538097,18.95,19.02,18.82,18.90,0.07,85,10167582
107/10/19,156000,18.80,18.85,18.70,18.81,0.09,45,2930230
107/10/22,142000,18.79,18.96,18.68,18.94,0.13,31,2684590
107/10/23,283202,18.72,18.73,18.57,18.57,0.37,117,5277599
107/10/24,197000,18.57,18.74,18.50,18.68,0.11,34,3676340
107/10/25,215686,18.30,18.40,18.28,18.36,0.32,46,3957821
107/10/26,359000,18.42,18.42,18.10,18.21,0.15,99,6541960
107/10/29,305000,18.21,18.33,18.11,18.14,0.07,107,5549350
107/10/30,304000,17.24,17.31,17.20,17.24,X,83,5242030
107/10/31,191100,17.36,17.64,17.36,17.64,0.40,45,3351167
107/11/01,184699,17.61,17.70,17.54,17.69,0.05,40,3262685
107/11/02,189349,17.71,17.71,17.56,17.66,0.03,48,3335882
107/11/08,137525,17.70,17.73,17.62,17.62,0.12,31,2429001
107/11/09,189266,17.58,17.58,17.40,17.47,0.15,40,3303039
107/11/12,163328,17.41,17.49,17.39,17.46,0.01,40,2850609
107/11/16,159000,17.42,17.46,17.38,17.43,0.01,25,2767570
107/11/19,169558,17.46,17.48,17.42,17.46,0.03,35,2959371
107/11/20,150000,17.45,17.46,17.36,17.41,0.05,25,2615440
107/11/21,142000,17.30,17.36,17.20,17.36,0.05,30,2459400
107/11/22,133587,17.40,17.41,17.34,17.34,0.02,22,2321544
107/11/23,126095,17.32,17.37,17.29,17.29,0.05,20,2182943
107/11/26,203000,17.28,17.45,17.28,17.32,0.03,33,3531240
107/11/27,113221,17.32,17.33,17.25,17.33,0.01,15,1961706
107/11/28,245520,17.36,17.53,17.36,17.53,0.20,37,4273187
107/11/29,163000,17.70,17.70,17.48,17.48,0.05,28,2865140
107/11/30,123007,17.50,17.64,17.50,17.51,0.03,20,2168372
107/12/03,333255,17.77,17.94,17.77,17.87,0.36,59,5965346
107/12/04,133000,17.99,17.99,17.85,17.85,0.02,30,2387650
107/12/05,138000,17.69,17.75,17.66,17.68,0.17,32,2446560
107/12/06,405000,17.60,17.60,17.28,17.28,0.40,107,7022990
107/12/07,125114,17.40,17.45,17.35,17.45,0.17,25,2181168
107/12/10,275134,17.40,17.40,17.26,17.30,0.15,40,4761042
107/12/11,128233,17.33,17.40,17.33,17.37,0.07,21,2230340
107/12/12,167500,17.53,17.60,17.50,17.60,0.23,34,2935999
107/12/13,236150,17.66,17.69,17.60,17.64,0.04,35,4172310
107/12/14,127070,17.63,17.63,17.44,17.48,0.16,31,2223048
107/12/17,197100,17.49,17.59,17.48,17.51,0.03,35,3459951
107/12/18,136000,17.48,17.48,17.38,17.41,0.10,29,2367170
107/12/19,127000,17.48,17.48,17.45,17.48,0.07,15,2218560
107/12/20,255113,17.47,17.52,17.36,17.37,0.11,44,4446292
107/12/21,140000,17.38,17.38,17.28,17.34,0.03,22,2429020
107/12/22,124144,17.32,17.35,17.32,17.33,0.01,18,2150686
107/12/24,209000,17.41,17.41,17.25,17.27,0.06,50,3611520
107/12/25,229000,17.05,17.18,17.04,17.09,0.18,71,3910660
107/12/26,296513,17.37,17.39,16.98,16.98,0.11,75,5089298
107/12/27,161000,17.20,17.33,17.19,17.29,0.31,35,2781210
107/12/28,177000,17.35,17.38,17.29,17.37,0.08,19,3068690
108/01/02,263000,17.43,17.45,17.16,17.16,0.21,32,4556950
108/01/03,277000,17.14,17.15,17.02,17.06,0.10,58,4731520
108/01/04,281221,16.95,16.95,16.83,16.90,0.16,88,4749529
108/01/07,363115,17.16,17.33,17.16,17.33,0.43,54,6262462
108/01/08,222854,17.37,17.37,17.25,17.34,0.01,32,3862258
108/01/09,223000,17.37,17.57,17.30,17.53,0.19,37,3910530
108/01/10,115164,17.60,17.60,17.47,17.50,0.03,19,2016451
108/01/11,156080,17.51,17.58,17.51,17.52,0.02,21,2741251
108/01/14,123350,17.50,17.51,17.45,17.45,0.07,25,2155115
108/01/15,149592,17.54,17.70,17.54,17.63,0.18,29,2638057
108/01/16,251600,17.66,17.66,17.60,17.64,0.01,31,4439350
108/01/17,157012,17.71,17.74,17.64,17.64,,31,2773281
108/01/18,261309,17.69,17.78,17.68,17.73,0.09,32,4639779
108/01/21,151807,17.90,17.93,17.85,17.85,0.12,43,2713631
108/01/22,123005,17.85,17.85,17.79,17.79,0.06,21,2189618
108/01/23,151161,17.72,17.80,17.72,17.72,0.07,27,2682049
108/01/28,221250,17.95,18.00,17.94,17.94,0.03,39,3975052
108/01/29,149652,17.94,17.98,17.89,17.98,0.04,29,2680381
108/01/30,204205,18.00,18.04,17.97,18.01,0.03,29,3679334
108/02/11,238006,18.11,18.13,17.98,17.98,0.03,72,4286203
108/02/12,154557,17.99,18.08,17.99,18.08,0.10,29,2790195
108/02/13,219242,18.09,18.09,18.00,18.00,0.08,60,3953015
108/02/14,121536,18.12,18.15,18.12,18.13,0.13,26,2205370
108/02/15,187054,18.20,18.23,18.11,18.15,0.02,31,3398500
108/02/18,266222,18.17,18.32,18.17,18.27,0.12,39,4867388
108/02/19,152554,18.27,18.32,18.27,18.29,0.02,35,2790641
108/02/20,215912,18.32,18.45,18.32,18.42,0.13,61,3973948
108/02/21,272495,18.47,18.50,18.43,18.50,0.08,56,5035086
108/02/22,247225,18.49,18.50,18.42,18.50,,55,4560482
108/02/25,256510,18.53,18.55,18.49,18.54,0.04,53,4750105
108/02/26,396348,18.54,18.59,18.50,18.50,0.04,47,7348346
108/02/27,325950,18.57,18.57,18.50,18.55,0.05,47,6040343
108/03/04,258149,18.56,18.57,18.45,18.50,0.05,48,4773696
108/03/05,196844,18.50,18.52,18.46,18.48,0.02,34,3642365
108/03/06,176102,18.53,18.61,18.53,18.60,0.12,30,3274115
108/03/07,140524,18.60,18.63,18.52,18.52,0.08,30,2610453
108/03/08,153036,18.52,18.52,18.40,18.48,0.04,47,2826234
108/03/11,133560,18.48,18.51,18.46,18.49,0.01,31,2469611
108/03/12,171500,18.57,18.61,18.56,18.56,0.07,32,3187340
108/03/13,144467,18.56,18.56,18.52,18.53,0.03,21,2677968
108/03/14,135075,18.53,18.54,18.50,18.50,0.03,27,2502550
108/03/15,150370,18.49,18.58,18.49,18.50,,28,2791744
108/03/18,299776,18.50,18.56,18.45,18.56,0.06,57,5549759
108/03/19,178469,18.59,18.60,18.55,18.59,0.03,41,3317500
108/03/20,181303,18.59,18.59,18.52,18.55,0.04,45,3361845
108/03/21,150669,18.64,18.64,18.59,18.61,0.06,39,2802563
108/03/22,244513,18.70,18.74,18.63,18.63,0.02,59,4568739
108/03/25,277828,18.62,18.62,18.46,18.52,0.11,67,5143442
108/03/26,202196,18.56,18.65,18.56,18.65,0.13,34,3762733
108/03/27,173996,18.64,18.72,18.64,18.70,0.05,46,3254410
108/03/28,277355,18.65,18.69,18.63,18.66,0.04,40,5174070
108/03/29,301108,18.66,18.85,18.66,18.84,0.18,48,5660380
108/04/01,265338,18.84,18.85,18.77,18.80,0.04,79,4990633
108/04/02,760974,18.81,18.89,18.81,18.89,0.09,51,14331347
108/04/03,257570,18.90,18.90,18.85,18.88,0.01,42,4861609
108/04/08,281209,18.92,18.92,18.83,18.84,0.04,80,5307502
108/04/09,182789,18.85,18.93,18.85,18.93,0.09,34,3455661
108/04/10,145341,18.92,18.95,18.88,18.95,0.02,31,2746143
108/04/11,264896,18.96,19.05,18.91,18.93,0.02,61,5025673
108/04/12,150421,19.00,19.01,18.88,18.89,0.04,21,2845904
108/04/15,175296,18.96,18.99,18.90,18.90,0.01,38,3321568
108/04/16,207060,18.95,18.98,18.90,18.98,0.08,29,3917970
108/04/17,171931,18.98,19.03,18.96,19.03,0.05,43,3264625
108/04/18,288348,19.03,19.03,18.83,18.84,0.19,71,5457075
108/04/19,194252,18.95,19.03,18.92,18.92,0.08,33,3682077
108/04/22,1405795,18.82,18.88,18.82,18.87,0.05,92,26486665
108/04/23,349002,18.87,18.97,18.82,18.97,0.10,40,6596386
108/04/24,203243,19.04,19.06,18.98,19.04,0.07,26,3864377
108/04/25,133966,19.05,19.09,19.05,19.07,0.03,22,2552194
108/04/26,274273,19.07,19.07,18.97,18.98,0.09,52,5211109
108/04/29,156218,18.98,19.01,18.89,18.97,0.01,31,2964452
108/04/30,277369,18.95,19.04,18.88,19.04,0.07,44,5252953
108/05/02,301911,19.05,19.12,19.04,19.09,0.05,57,5765841
108/05/03,202344,19.09,19.15,19.09,19.14,0.05,40,3868233
108/05/06,388263,18.98,18.98,18.84,18.90,0.24,89,7335242
108/05/07,237052,18.96,18.98,18.92,18.96,0.06,34,4494825
108/05/08,160934,18.82,18.87,18.77,18.86,0.10,52,3027352
108/05/09,566111,18.86,18.86,18.64,18.65,0.21,131,10605415
108/05/10,176327,18.65,18.83,18.60,18.63,0.02,44,3295515
108/05/13,334315,18.55,18.56,18.33,18.34,0.29,132,6162244
108/05/14,207773,18.24,18.40,18.15,18.33,0.01,70,3811906
108/05/15,120011,18.40,18.51,18.40,18.49,0.16,26,2218521
108/05/16,376001,18.50,18.50,18.22,18.23,0.26,96,6920058
108/05/17,318577,18.39,18.41,18.13,18.13,0.10,69,5809808
108/05/20,209636,18.26,18.27,18.21,18.21,0.08,46,3826860
108/05/21,184936,18.32,18.34,18.27,18.33,0.12,54,3388849
108/05/22,288089,18.36,18.37,18.26,18.27,0.06,74,5280087
108/05/23,349749,18.25,18.25,18.05,18.07,0.20,140,6341909
108/05/24,412355,18.07,18.09,18.00,18.00,0.07,131,7443589
108/05/27,267000,18.10,18.12,18.02,18.02,0.02,63,4823630
108/05/28,383009,18.17,18.17,18.08,18.09,0.07,48,6944668
108/05/29,600500,18.20,18.20,17.95,17.95,0.14,211,10802465
108/05/30,251800,18.02,18.10,18.02,18.05,0.10,64,4550088
108/05/31,581100,18.06,18.19,18.05,18.19,0.14,75,10536185
108/06/03,533547,18.21,18.21,18.10,18.13,0.06,74,9677250
108/06/04,224010,18.20,18.20,18.12,18.13,,48,4067285
108/06/05,270411,18.25,18.25,18.18,18.18,0.05,40,4922429
108/06/06,558331,18.18,18.18,18.06,18.06,0.12,105,10106341
108/06/10,218216,18.18,18.22,18.15,18.22,0.16,52,3970734
108/06/11,325004,18.31,18.32,18.26,18.28,0.06,51,5947673
108/06/12,176376,18.32,18.40,18.32,18.39,0.11,35,3239217
108/06/13,395343,18.41,18.48,18.39,18.43,0.04,79,7278760
108/06/14,166000,18.44,18.50,18.44,18.45,0.02,34,3064330
108/06/17,342000,18.45,18.53,18.43,18.45,,56,6323030
108/06/18,160321,18.50,18.51,18.46,18.48,0.03,37,2964418
108/06/19,464990,18.58,18.75,18.58,18.75,0.27,73,8685652
108/06/20,302662,18.80,18.81,18.71,18.74,0.01,71,5676465
108/06/21,325027,18.78,18.78,18.69,18.72,0.02,71,6082141
108/06/24,257262,18.73,18.82,18.68,18.78,0.06,74,4828663
108/06/25,319407,18.80,18.83,18.69,18.69,0.09,81,5988328
108/06/26,721271,18.72,18.72,18.67,18.68,0.01,223,13482523
108/06/27,294165,18.78,18.90,18.77,18.84,0.16,93,5545496
108/06/28,530912,18.85,18.85,18.78,18.80,0.04,151,9987523
