﻿國泰網路資安,	00875
日期,成交股數,開盤價,最高價,最低價,收盤價,漲跌價差,成交筆數,成交金額
109/03/30,18185000,19.50,19.92,19.50,19.91,0.40,2687,358143450
109/03/31,24541078,20.02,20.10,19.96,20.02,0.11,4636,492080482
109/04/01,6420922,19.91,19.92,19.72,19.74,0.28,1616,127291210
109/04/06,4439100,19.89,19.92,19.68,19.72,0.02,783,87806769
109/04/07,10937900,19.96,20.11,19.96,20.09,0.37,1935,219461450
109/04/08,5555050,20.00,20.17,19.99,20.12,0.03,960,111702810
109/04/09,9779000,20.30,20.60,20.29,20.49,0.37,1605,200411020
109/04/10,4912000,20.59,20.61,20.30,20.56,0.07,2361,100657480
109/04/13,1054000,20.50,20.50,20.33,20.33,0.23,475,21483870
109/04/14,8179000,20.34,20.93,20.34,20.88,0.55,1298,169629320
109/04/15,4929600,20.90,21.06,20.90,21.00,0.12,1043,103544681
109/04/16,1466500,20.89,20.91,20.75,20.90,0.10,414,30579210
109/04/17,8052000,21.30,21.66,21.30,21.64,0.74,1415,173676940
109/04/20,3657650,21.71,21.71,21.46,21.56,0.08,583,78866946
109/04/21,2297250,21.59,21.80,21.45,21.59,0.03,680,49674297
109/04/22,3402000,21.19,21.19,20.89,20.97,0.62,899,71350820
109/04/23,3323000,21.50,21.58,21.27,21.40,0.43,1070,71073980
109/04/24,2554000,21.23,21.25,21.08,21.15,0.25,849,54027890
109/04/27,2931000,21.43,21.73,21.41,21.70,0.55,788,63175750
109/04/28,3942246,21.89,21.97,21.82,21.90,0.20,624,86267775
109/04/29,1866726,21.90,21.95,21.82,21.84,0.06,556,40817158
109/04/30,3372400,22.00,22.19,21.97,22.15,0.31,741,74332180
109/05/04,4875005,21.70,21.70,20.91,21.00,1.15,1626,102489689
109/05/05,1879200,21.30,21.38,21.28,21.33,0.33,558,40073390
109/05/06,2398200,21.43,21.80,21.43,21.80,0.47,801,51913826
109/05/07,5188461,21.89,22.10,21.89,22.08,0.28,910,114423038
109/05/08,5601186,22.70,23.10,22.70,23.10,1.02,1715,128941757
109/05/11,4215020,23.34,23.38,23.09,23.09,0.01,1405,97781731
109/05/12,2090026,23.07,23.19,23.07,23.19,0.10,683,48320370
109/05/13,1789000,22.76,22.87,22.70,22.87,0.32,795,40741870
109/05/14,3893640,22.45,22.45,22.12,22.19,0.68,1394,86674621
109/05/15,1915150,22.36,22.36,22.16,22.26,0.07,511,42611675
109/05/18,2138438,22.43,22.72,22.43,22.67,0.41,602,48354929
109/05/19,1682322,22.98,22.98,22.72,22.80,0.13,480,38380780
109/05/20,1698450,22.84,22.96,22.82,22.95,0.15,477,38888165
109/05/21,2888306,23.24,23.29,23.20,23.24,0.29,724,67165009
109/05/22,2011450,23.29,23.36,23.02,23.03,0.21,651,46658921
109/05/25,2567688,23.51,23.63,23.50,23.62,0.59,779,60518304
109/05/26,2021780,23.74,23.99,23.74,23.97,0.35,574,48297193
109/05/27,1481465,23.82,23.90,23.74,23.84,0.13,544,35279792
109/05/28,1241287,23.87,23.87,23.62,23.74,0.10,533,29485418
109/05/29,2454250,23.80,23.91,23.80,23.86,0.12,432,58562635
109/06/01,3306940,24.52,24.57,24.47,24.57,0.71,740,81126189
109/06/02,2555311,25.00,25.20,24.99,25.20,0.63,977,64166055
109/06/03,2102113,25.30,25.35,25.13,25.21,0.01,737,52990405
109/06/04,1529250,25.33,25.33,25.07,25.15,0.06,708,38495500
109/06/05,2282480,24.94,24.94,24.80,24.93,0.22,930,56783666
109/06/08,1829000,25.09,25.11,24.88,24.91,0.02,649,45625600
109/06/09,1770000,25.00,25.10,24.99,25.10,0.19,552,44366090
109/06/10,1123130,25.10,25.10,25.00,25.06,0.04,418,28126855
109/06/11,2430100,25.00,25.00,24.54,24.54,0.52,1188,60174239
109/06/12,2420000,23.55,24.00,23.53,23.96,0.58,1074,57652710
109/06/15,2635500,23.70,23.75,23.44,23.45,0.51,1159,62285959
109/06/16,2922102,24.30,24.67,24.25,24.64,1.19,824,71503440
109/06/17,1477100,24.70,24.74,24.60,24.69,0.05,402,36456549
109/06/18,1311652,24.72,24.86,24.63,24.81,0.12,377,32461315
109/06/19,2308240,25.12,25.20,25.11,25.20,0.39,1062,58083529
109/06/22,1159000,25.00,25.13,24.94,25.06,0.14,548,29041940
109/06/23,1876592,25.24,25.34,24.99,25.18,0.12,640,47256566
109/06/24,1100397,25.20,25.22,25.15,25.18,,352,27715893
109/06/29,2070201,24.78,24.83,24.67,24.69,0.49,826,51207519
109/06/30,822259,24.80,24.88,24.80,24.86,0.17,277,20420362
109/07/01,1110120,25.15,25.19,25.06,25.07,0.21,441,27909195
109/07/02,1884887,25.28,25.40,25.26,25.37,0.30,572,47744039
109/07/03,1220764,25.37,25.44,25.37,25.40,0.03,369,31022271
109/07/06,1072471,25.55,25.78,25.55,25.74,0.34,481,27557595
109/07/07,1369177,25.80,25.80,25.48,25.51,0.23,594,35023231
109/07/08,1196000,25.51,25.52,25.39,25.43,0.08,421,30435600
109/07/09,1298841,25.83,25.91,25.78,25.78,0.35,380,33545735
109/07/10,1810461,26.10,26.18,26.06,26.06,0.28,579,47277730
109/07/13,874725,26.33,26.36,26.31,26.35,0.29,373,23040648
109/07/14,2376103,25.53,25.60,25.45,25.54,0.81,1070,60644694
109/07/15,1399003,25.60,25.68,25.52,25.59,0.05,446,35774368
109/07/16,1411206,25.70,25.84,25.60,25.67,0.08,343,36311260
109/07/17,902376,25.66,25.66,25.55,25.58,0.09,289,23107793
109/07/20,730431,25.93,25.95,25.69,25.75,0.17,276,18813829
109/07/21,2195420,26.51,26.70,26.51,26.67,0.92,727,58429761
109/07/22,1023408,26.61,26.61,26.42,26.47,0.20,417,27144206
109/07/23,786410,26.47,26.62,26.47,26.59,0.12,202,20897320
109/07/24,1570052,26.56,26.56,26.07,26.22,0.37,522,41172612
109/07/27,1955140,26.22,26.22,25.96,26.02,0.20,417,50928955
109/07/28,856959,26.34,26.38,26.10,26.10,0.08,264,22473226
109/07/29,1289300,26.13,26.13,25.98,26.04,0.06,302,33566967
109/07/30,912500,26.77,26.79,26.62,26.63,0.59,376,24332574
109/07/31,1454548,27.22,27.26,27.05,27.13,0.50,526,39470104
109/08/03,883238,27.13,27.25,27.13,27.24,0.11,318,24038472
109/08/04,1088383,27.70,27.87,27.62,27.87,0.63,459,30282058
109/08/05,856500,27.91,27.91,27.78,27.89,0.02,371,23842818
109/08/06,1804421,27.87,27.89,27.74,27.76,0.13,523,50203668
109/08/07,882900,27.60,27.60,27.40,27.42,0.34,497,24264431
109/08/10,845784,27.32,27.32,27.20,27.30,0.12,408,23051989
109/08/11,798981,27.16,27.16,27.03,27.12,0.18,427,21639831
109/08/12,2054800,26.80,26.81,26.72,26.79,0.33,889,55010017
109/08/13,2908724,26.78,26.78,26.58,26.60,0.19,1225,77580316
109/08/14,980000,26.60,26.68,26.60,26.68,0.08,352,26107750
109/08/17,1773300,26.60,26.60,26.49,26.49,0.19,759,47007707
109/08/18,487686,26.54,26.56,26.50,26.54,0.05,229,12934223
109/08/19,1773261,26.59,26.70,26.59,26.65,0.11,361,47282198
109/08/20,2425015,26.64,26.64,26.27,26.41,0.24,596,63970963
109/08/21,2237040,26.76,26.96,26.76,26.94,0.53,509,60192321
109/08/24,1062785,26.90,26.90,26.81,26.86,0.08,311,28537703
109/08/25,762200,26.90,27.00,26.90,26.97,0.11,230,20566636
109/08/26,853130,27.06,27.10,27.05,27.09,0.12,203,23101856
109/08/27,915131,27.40,27.44,27.31,27.34,0.25,321,25040870
109/08/28,1136752,27.39,27.39,27.16,27.29,0.05,233,30999034
109/08/31,1604495,27.41,27.57,27.39,27.54,0.25,334,44110685
109/09/01,608843,27.52,27.52,27.39,27.49,0.05,258,16734017
109/09/02,3062001,28.04,28.10,28.03,28.09,0.60,712,85914871
109/09/03,2103781,28.12,28.16,28.05,28.06,0.03,476,59123874
109/09/04,4907649,26.90,26.90,26.55,26.87,1.19,1909,131315396
109/09/07,3215500,26.70,26.81,26.17,26.19,0.68,1587,84702883
109/09/08,2027174,26.12,26.28,26.12,26.25,0.06,552,53107141
109/09/09,1846500,25.90,25.90,25.62,25.83,0.42,727,47558779
109/09/10,1379004,26.19,26.19,26.00,26.13,0.30,379,35969192
109/09/11,6781400,26.34,26.34,26.00,26.06,0.07,2828,177024224
109/09/14,2739480,25.80,25.84,25.72,25.82,0.24,1243,70626723
109/09/15,1467210,25.89,25.97,25.88,25.97,0.15,423,38040009
109/09/16,1955307,26.05,26.22,26.05,26.19,0.22,518,51152965
109/09/17,3027115,26.00,26.01,25.71,25.80,0.39,1189,78213280
109/09/18,1229590,25.80,25.81,25.73,25.75,0.05,453,31669169
109/09/21,2048560,25.76,25.76,25.55,25.55,0.20,787,52528865
109/09/22,874813,25.61,25.65,25.52,25.52,0.03,354,22351400
109/09/23,1998885,25.78,25.98,25.77,25.98,0.46,484,51736728
109/09/24,2313086,25.65,25.65,25.45,25.47,0.51,629,59065253
109/09/25,1234565,25.48,25.50,25.39,25.40,0.07,355,31412587
109/09/28,1061230,25.69,25.80,25.69,25.80,0.40,253,27345920
109/09/29,881802,26.10,26.11,25.93,25.98,0.18,312,22931256
109/09/30,1734290,25.98,26.12,25.66,25.74,0.24,398,44826060
109/10/05,1159457,25.76,25.92,25.74,25.91,0.17,194,29974050
109/10/06,1690065,26.12,26.13,26.05,26.06,0.15,338,44087206
109/10/07,903927,26.10,26.13,26.04,26.12,0.06,261,23594657
109/10/08,2493284,26.48,26.57,26.46,26.55,0.43,678,66127099
109/10/12,2916884,26.86,27.01,26.84,26.99,0.44,819,78541717
109/10/13,2387532,27.14,27.27,27.11,27.27,0.28,757,64912817
109/10/14,2639118,27.42,27.48,27.39,27.42,0.15,499,72415698
109/10/15,2322220,27.32,27.32,27.00,27.10,0.32,480,62877529
109/10/16,1350551,26.95,27.01,26.85,26.92,0.18,306,36387640
109/10/19,1017902,26.97,26.99,26.89,26.93,0.01,186,27424525
109/10/20,2066500,26.85,26.85,26.63,26.64,0.29,270,55152563
109/10/21,1136905,26.58,26.58,26.49,26.50,0.14,284,30156838
109/10/22,1908112,26.19,26.20,26.00,26.05,0.45,595,49712668
109/10/23,1074151,26.05,26.17,26.05,26.13,0.08,184,28051991
109/10/26,1057886,26.06,26.07,25.97,25.99,0.14,307,27511531
109/10/27,1392417,25.86,25.86,25.69,25.73,0.26,514,35808933
109/10/28,1226148,25.54,25.54,25.47,25.50,0.23,552,31281274
109/10/29,1445425,25.01,25.07,24.95,25.06,0.44,669,36163315
109/10/30,2557875,24.99,24.99,24.53,24.60,0.46,1313,63149334
109/11/02,1920244,24.25,24.30,24.22,24.23,0.37,733,46566211
109/11/03,1631182,24.45,24.53,24.43,24.47,0.24,480,39925237
109/11/04,3374746,24.91,25.45,24.78,25.21,0.74,688,84478530
109/11/05,1794476,25.55,25.78,25.52,25.74,0.53,483,46010405
109/11/06,3185807,25.84,25.94,25.78,25.82,0.08,506,82448687
109/11/09,3911022,26.14,26.40,26.14,26.40,0.58,713,102833873
109/11/10,1836637,26.14,26.14,25.65,25.69,0.71,594,47363475
109/11/11,963881,25.42,25.65,25.42,25.57,0.12,437,24606688
109/11/12,784455,25.78,25.92,25.74,25.81,0.24,162,20254938
109/11/13,469915,25.84,25.84,25.72,25.83,0.02,123,12118639
109/11/16,1347445,26.00,26.22,26.00,26.19,0.36,362,35287340
109/11/17,680041,26.20,26.21,26.08,26.08,0.11,242,17779476
109/11/18,1371413,26.20,26.25,26.20,26.23,0.15,306,35977606
109/11/19,571160,26.09,26.09,25.94,25.98,0.25,182,14844717
109/11/20,1697097,26.20,26.34,26.20,26.32,0.34,409,44561378
109/11/23,1139732,26.50,26.59,26.50,26.56,0.24,354,30268319
109/11/24,1422104,26.65,26.68,26.57,26.66,0.10,317,37860330
109/11/25,1502998,26.79,26.83,26.69,26.70,0.04,329,40266982
109/11/26,1254766,26.84,26.92,26.81,26.89,0.19,372,33726197
109/11/27,708386,26.89,26.90,26.79,26.90,0.01,250,19023561
109/11/30,1717151,27.14,27.17,27.04,27.07,0.17,471,46576513
109/12/01,1227798,27.15,27.27,27.10,27.21,0.14,338,33390999
109/12/02,794664,27.21,27.21,27.07,27.10,0.11,283,21540468
109/12/03,972524,27.10,27.25,27.10,27.17,0.07,272,26443345
109/12/04,901609,27.39,27.39,27.29,27.32,0.15,246,24628724
109/12/07,1181912,27.60,27.72,27.60,27.62,0.30,357,32676174
109/12/08,1046319,27.67,27.72,27.67,27.72,0.10,268,28983937
109/12/09,1297919,28.15,28.18,28.12,28.16,0.44,457,36551887
109/12/10,791701,27.81,27.81,27.51,27.51,0.65,395,21821908
109/12/11,988281,27.70,27.87,27.68,27.72,0.21,300,27407885
109/12/14,673279,27.82,28.04,27.82,27.94,0.22,195,18833542
109/12/15,907641,27.97,28.01,27.90,27.95,0.01,238,25380974
109/12/16,1058095,28.12,28.28,28.12,28.26,0.31,441,29864684
109/12/17,1443077,28.50,28.55,28.42,28.55,0.29,401,41151073
109/12/18,652068,28.80,28.88,28.80,28.83,0.28,292,18811340
109/12/21,1281392,29.52,29.77,29.52,29.74,0.91,499,38064927
109/12/22,1267270,29.80,29.99,29.78,29.81,0.07,433,37906463
109/12/23,1393428,30.30,30.65,30.29,30.65,0.84,608,42598141
109/12/24,1482208,30.64,30.64,30.52,30.59,0.06,470,45324842
109/12/25,722365,30.59,30.59,30.45,30.49,0.10,389,22028304
109/12/28,937370,30.49,30.69,30.46,30.69,0.20,309,28698762
109/12/29,531389,30.56,30.56,30.40,30.44,0.25,307,16178274
109/12/30,1260434,30.13,30.17,30.02,30.17,0.27,369,37930904
109/12/31,229620,30.17,30.21,30.17,30.20,0.03,160,6932207
110/01/04,531458,30.20,30.24,30.17,30.24,0.04,241,16051843
110/01/05,1680244,30.00,30.03,29.70,29.72,0.52,749,50058585
110/01/06,2564767,29.83,29.83,29.48,29.58,0.14,831,75904746
110/01/07,770935,29.74,29.96,29.74,29.89,0.31,322,23051476
110/01/08,1124410,30.53,30.58,30.46,30.57,0.68,440,34326979
110/01/11,671650,30.78,30.81,30.66,30.72,0.15,307,20645728
110/01/12,731394,30.87,30.87,30.69,30.72,0.00,278,22492213
110/01/13,701714,31.01,31.07,31.01,31.05,0.33,259,21786086
110/01/14,1043043,30.80,30.87,30.73,30.76,0.29,482,32115404
110/01/15,705425,30.98,31.07,30.91,30.92,0.16,333,21879492
110/01/18,389749,30.95,30.98,30.88,30.91,0.01,272,12047240
110/01/19,673640,31.05,31.24,31.05,31.24,0.33,242,20987232
110/01/20,508310,31.53,31.58,31.50,31.54,0.30,312,16032726
110/01/21,574297,31.89,32.16,31.89,32.16,0.62,355,18426422
110/01/22,817615,32.00,32.00,31.83,31.86,0.30,403,26059382
110/01/25,800268,32.11,32.32,32.09,32.32,0.46,263,25796266
110/01/26,1615261,32.44,32.45,32.19,32.22,0.10,445,52188327
110/01/27,683888,32.26,32.38,32.24,32.24,0.02,194,22066416
110/01/28,2282231,32.25,32.32,32.00,32.13,0.11,543,73311977
110/01/29,1104487,31.87,31.87,31.33,31.34,0.79,589,34866893
110/02/01,1585719,31.00,31.20,30.90,31.19,0.15,416,49195020
110/02/02,566809,31.47,31.79,31.47,31.70,0.51,218,17971760
110/02/03,298818,31.71,31.72,31.64,31.69,0.01,183,9464586
110/02/04,625134,31.39,31.39,31.10,31.10,0.59,351,19495056
110/02/05,540025,31.59,31.67,31.57,31.65,0.55,233,17081120
110/02/17,1258680,32.00,32.03,31.80,32.02,0.37,610,40189391
110/02/18,699815,32.07,32.07,31.73,31.80,0.22,420,22315025
110/02/19,508371,31.80,31.80,31.55,31.65,0.15,283,16091591
110/02/22,723206,31.73,31.98,31.73,31.79,0.14,351,23017700
110/02/23,548559,31.64,31.64,31.38,31.62,0.17,259,17302647
110/02/24,1412431,31.30,31.30,30.83,30.90,0.72,983,43896672
110/02/25,778601,30.91,31.05,30.91,31.04,0.14,282,24134517
110/02/26,2404384,30.30,30.36,29.99,30.01,1.03,1418,72295701
