聯華食          ,	1231
日期,成交股數,開盤價,最高價,最低價,收盤價,漲跌價差,成交筆數,成交金額
104/01/05,171767,31.60,31.90,31.20,31.65,0.05,149,5397718
104/01/06,363791,31.65,31.65,31.00,31.05,-0.60,205,11353481
104/01/07,217797,31.05,31.10,30.65,31.00,-0.05,186,6730207
104/01/08,198105,31.00,31.25,30.85,31.15,0.15,122,6147876
104/01/09,232328,31.25,31.40,31.20,31.35,0.20,135,7269929
104/01/12,237604,31.35,31.35,30.85,30.95,-0.40,189,7351489
104/01/13,277282,30.80,30.80,30.30,30.55,-0.40,203,8467923
104/01/14,150511,30.65,30.80,30.65,30.70,0.15,117,4623763
104/01/15,312256,30.70,30.70,30.50,30.55,-0.15,133,9562566
104/01/16,272782,30.55,30.55,30.05,30.15,-0.40,229,8247550
104/01/19,128976,30.20,30.45,30.15,30.15,,89,3900023
104/01/20,223146,30.15,30.50,30.05,30.35,0.20,163,6743176
104/01/21,138062,30.35,30.50,30.30,30.40,0.05,105,4196286
104/01/22,209913,30.50,30.65,30.35,30.65,0.25,182,6396226
104/01/23,306649,30.65,30.95,30.65,30.75,0.10,204,9446669
104/01/26,248145,30.75,30.80,30.40,30.60,-0.15,166,7586832
104/01/27,164343,30.80,30.80,30.50,30.65,0.05,116,5044146
104/01/28,540089,30.65,30.65,30.20,30.20,-0.45,298,16382986
104/01/29,147321,30.50,30.50,30.25,30.30,0.10,101,4469971
104/01/30,230080,30.30,30.50,30.25,30.30,,134,6978487
104/02/02,179116,30.30,30.35,30.20,30.30,,85,5422321
104/02/03,235447,30.30,30.50,30.25,30.35,0.05,149,7139310
104/02/04,368950,30.40,30.95,30.35,30.75,0.40,258,11346951
104/02/05,310447,30.85,30.90,30.35,30.50,-0.25,195,9510015
104/02/06,580711,30.50,30.70,30.05,30.45,-0.05,337,17550183
104/02/09,186843,30.45,30.60,30.35,30.40,-0.05,96,5687466
104/02/10,163153,30.40,30.50,30.25,30.40,,115,4949165
104/02/11,479182,30.60,30.75,30.30,30.65,0.25,322,14629475
104/02/12,180221,30.75,30.75,30.50,30.55,-0.10,107,5514249
104/02/13,258956,30.60,30.60,30.35,30.40,-0.15,177,7882803
104/02/24,363040,30.40,30.85,30.40,30.80,0.40,186,11096827
104/02/25,309450,30.80,30.85,30.55,30.60,-0.20,150,9474190
104/02/26,172899,30.80,30.80,30.50,30.70,0.10,104,5294736
104/03/02,357113,30.70,30.70,30.20,30.50,-0.20,218,10850247
104/03/03,317628,30.55,30.55,30.30,30.30,-0.20,185,9645668
104/03/04,164168,30.30,30.50,30.30,30.45,0.15,102,4997723
104/03/05,229659,30.50,30.50,30.35,30.50,0.05,126,6987446
104/03/06,223428,30.50,30.60,30.45,30.60,0.10,125,6818042
104/03/09,269506,30.70,30.70,30.60,30.70,0.10,155,8265931
104/03/10,196585,30.75,30.75,30.65,30.70,,124,6033808
104/03/11,389268,30.70,30.85,30.55,30.80,0.10,184,11951951
104/03/12,631162,30.80,31.70,30.80,31.30,0.50,411,19772968
104/03/13,1121431,31.40,32.30,31.40,32.25,0.95,675,35882921
104/03/16,572578,32.50,32.50,32.15,32.50,0.25,374,18508213
104/03/17,830860,32.60,33.30,32.60,33.10,0.60,539,27453811
104/03/18,1334316,33.25,34.95,33.25,34.35,1.25,773,45595850
104/03/19,548252,34.75,34.90,34.05,34.25,-0.10,351,18816487
104/03/20,755393,34.30,34.30,33.50,33.75,-0.50,436,25565225
104/03/23,352894,33.80,34.00,33.80,33.85,0.10,222,11954911
104/03/24,363304,33.85,33.90,33.20,33.65,-0.20,243,12202275
104/03/25,179534,33.65,33.65,33.25,33.40,-0.25,143,5999627
104/03/26,446460,32.80,33.20,32.70,32.90,-0.50,278,14692629
104/03/27,463681,32.75,32.85,32.25,32.40,-0.50,311,15057760
104/03/30,751221,33.00,34.15,32.70,33.55,1.15,438,24912512
104/03/31,522563,33.60,34.45,33.60,34.05,0.50,340,17816842
104/04/01,243308,34.05,34.05,33.70,33.95,-0.10,158,8252158
104/04/02,413624,33.80,34.10,33.80,34.10,0.15,226,14051766
104/04/07,340520,34.10,34.25,33.70,33.90,-0.20,188,11575272
104/04/08,161100,33.75,33.90,33.70,33.90,,115,5443538
104/04/09,159392,33.90,34.10,33.90,33.95,0.05,102,5413648
104/04/10,400472,34.00,34.20,33.95,34.15,0.20,224,13645498
104/04/13,253794,34.15,34.30,33.90,33.95,-0.20,156,8634668
104/04/14,210491,33.95,34.15,33.95,34.00,0.05,127,7171144
104/04/15,279109,34.00,34.25,33.90,34.00,,184,9489691
104/04/16,853164,34.00,35.50,34.00,34.95,0.95,502,29738957
104/04/17,760487,34.95,35.65,34.90,35.50,0.55,444,26907237
104/04/20,1442612,35.30,36.70,35.10,36.30,0.80,753,52229379
104/04/21,758130,36.20,36.50,35.90,35.95,-0.35,412,27416495
104/04/22,769876,36.00,37.30,36.00,36.60,0.65,410,28262532
104/04/23,508271,36.70,36.70,35.65,36.10,-0.50,287,18344487
104/04/24,327712,36.10,36.35,35.90,35.90,-0.20,225,11789885
104/04/27,267759,36.50,36.50,36.00,36.10,0.20,209,9704303
104/04/28,505388,36.10,36.10,35.55,36.00,-0.10,240,18100837
104/04/29,183500,35.80,36.30,35.65,36.00,,151,6607946
104/04/30,264400,36.20,36.20,35.90,36.10,0.10,197,9534364
104/05/04,233541,36.10,36.15,35.80,35.80,-0.30,152,8399602
104/05/05,210225,35.80,35.90,35.60,35.65,-0.15,134,7517637
104/05/06,395246,35.30,35.30,34.85,35.05,-0.60,256,13865868
104/05/07,363720,34.75,34.85,34.55,34.55,-0.50,261,12611940
104/05/08,333863,34.20,34.40,33.95,34.00,-0.55,241,11394292
104/05/11,533255,34.00,34.30,32.75,33.30,-0.70,285,17745314
104/05/12,297499,33.30,34.50,33.30,34.40,1.10,197,10157538
104/05/13,148332,34.40,34.90,34.30,34.50,0.10,121,5135850
104/05/14,154591,34.90,35.00,34.40,34.40,-0.10,95,5362740
104/05/15,317621,34.90,34.90,32.40,33.70,-0.70,220,10625239
104/05/18,259241,33.70,33.75,33.00,33.50,-0.20,178,8637954
104/05/19,231792,34.00,34.80,33.95,34.20,0.70,160,7946844
104/05/20,146272,34.40,34.65,34.25,34.25,0.05,119,5032778
104/05/21,181402,34.40,34.45,33.55,33.55,-0.70,136,6154055
104/05/22,148979,33.75,33.85,33.45,33.45,-0.10,122,5015143
104/05/25,196000,33.50,33.50,33.00,33.25,-0.20,124,6513599
104/05/26,163763,33.25,33.40,33.15,33.20,-0.05,80,5438167
104/05/27,175484,33.20,34.30,33.10,33.65,0.45,112,5886007
104/05/28,121397,34.00,34.00,33.30,33.45,-0.20,82,4078997
104/05/29,98152,33.55,33.70,33.40,33.40,-0.05,83,3285082
104/06/01,315800,33.40,33.40,32.50,32.60,-0.80,232,10352500
104/06/02,272461,32.60,33.10,32.50,32.65,0.05,143,8880139
104/06/03,72617,32.65,32.90,32.65,32.70,0.05,66,2376835
104/06/04,206540,32.70,32.70,32.20,32.20,-0.50,143,6692344
104/06/05,312572,32.10,32.20,31.65,31.65,-0.55,194,9960509
104/06/08,208001,31.65,33.90,31.35,32.90,1.25,173,6742930
104/06/09,219164,32.90,33.35,32.10,32.10,-0.80,155,7159280
104/06/10,161133,32.05,32.80,32.05,32.35,0.25,113,5231072
104/06/11,85819,32.70,32.90,32.35,32.35,,84,2791187
104/06/12,108322,32.75,32.75,32.25,32.40,0.05,89,3509530
104/06/15,202220,32.50,32.50,31.65,31.90,-0.50,149,6448330
104/06/16,199300,31.90,31.90,31.30,31.35,-0.55,144,6264969
104/06/17,259400,31.35,31.60,30.80,30.90,-0.45,172,8111060
104/06/18,159120,31.00,31.45,30.85,31.45,0.55,101,4940380
104/06/22,181432,31.55,32.00,31.50,31.75,0.30,108,5742920
104/06/23,82054,31.95,32.40,31.95,32.30,0.55,79,2640442
104/06/24,140590,32.40,32.50,31.90,32.30,,95,4533805
104/06/25,146789,32.30,32.50,31.80,31.80,-0.50,97,4693048
104/06/26,144885,32.10,32.20,31.55,32.10,0.30,103,4608635
104/06/29,123037,31.90,31.90,31.60,31.80,-0.30,86,3895471
104/06/30,96840,31.55,32.00,31.45,32.00,0.20,72,3067680
104/07/01,74723,32.00,32.40,32.00,32.20,0.20,55,2408386
104/07/02,91970,32.25,32.50,32.00,32.00,-0.20,68,2960640
104/07/03,79820,32.00,32.45,31.75,31.90,-0.10,65,2552434
104/07/06,80139,31.95,32.20,31.65,31.65,-0.25,60,2557048
104/07/07,38711,31.90,31.95,31.55,31.85,0.20,35,1228659
104/07/08,200911,31.60,31.70,31.00,31.30,-0.55,137,6291655
104/07/09,113279,31.05,31.15,30.75,31.15,-0.15,85,3506818
104/07/13,141324,31.50,31.80,31.15,31.25,0.10,98,4428155
104/07/14,235239,31.35,31.50,30.95,31.25,,142,7328432
104/07/15,141510,31.35,31.35,30.90,30.90,-0.35,96,4387110
104/07/16,58354,30.90,31.10,30.90,31.00,0.10,51,1810224
104/07/17,86350,31.15,31.15,30.85,31.00,,65,2670320
104/07/20,64400,31.05,31.20,31.00,31.00,,46,2001780
104/07/21,144018,31.05,31.05,30.50,31.00,,94,4439001
104/07/22,99160,31.00,31.00,30.75,30.80,-0.20,76,3055126
104/07/23,158522,30.90,31.80,30.80,31.65,0.85,112,4947292
104/07/24,94500,31.70,31.80,31.25,31.60,-0.05,82,2982824
104/07/27,153649,31.35,31.85,31.20,31.30,-0.30,113,4834750
104/07/28,178654,31.30,31.80,31.15,31.70,0.40,141,5636884
104/07/29,157131,31.70,32.10,31.50,32.00,0.30,123,5011114
104/07/30,178081,32.00,32.40,31.95,32.00,,118,5724282
104/07/31,57301,32.00,32.20,31.60,31.60,-0.40,54,1821961
104/08/03,102249,31.60,31.60,31.05,31.10,-0.50,85,3193217
104/08/04,79830,31.10,31.25,30.85,30.95,-0.15,76,2475837
104/08/05,130238,31.10,31.35,30.80,31.00,0.05,86,4041100
104/08/06,178667,31.20,31.35,30.95,30.95,-0.05,101,5561539
104/08/07,62000,31.20,31.20,30.90,31.10,0.15,45,1924800
104/08/10,158213,31.10,31.65,31.00,31.65,0.55,107,4968040
104/08/11,181429,31.95,31.95,31.05,31.20,-0.45,128,5694199
104/08/12,948980,31.40,31.45,28.15,29.05,-2.15,581,27776765
104/08/13,748902,29.05,29.05,27.75,28.45,-0.60,435,21045583
104/08/14,256987,28.55,29.20,28.55,28.70,0.25,172,7421221
104/08/17,144107,28.65,28.70,28.40,28.50,-0.20,103,4112131
104/08/18,265218,28.65,28.65,27.75,28.05,-0.45,173,7462161
104/08/19,905286,28.05,28.30,25.75,25.80,-2.25,495,23768790
104/08/20,280600,25.80,26.55,25.20,26.40,0.60,221,7315900
104/08/21,368370,26.00,26.20,24.90,25.50,-0.90,240,9422914
104/08/24,666149,24.95,24.95,22.95,24.00,-1.50,442,15788876
104/08/25,339313,23.10,25.00,23.05,24.80,0.80,198,8260359
104/08/26,176402,24.80,25.80,24.60,25.50,0.70,119,4421901
104/08/27,244584,25.85,26.20,25.30,25.90,0.40,173,6313121
104/08/28,312659,25.80,27.00,25.80,26.85,0.95,211,8279593
104/08/31,225910,26.20,26.50,25.90,26.00,X,165,5905110
104/09/01,131514,25.70,25.70,25.00,25.40,-0.60,86,3347020
104/09/02,124533,25.00,25.50,25.00,25.30,-0.10,72,3146309
104/09/03,134689,25.50,26.30,25.35,25.95,0.65,96,3488181
104/09/04,60897,25.95,26.25,25.60,25.60,-0.35,47,1574740
104/09/07,81000,25.35,25.45,25.20,25.40,-0.20,64,2050600
104/09/08,71200,25.40,25.40,25.20,25.25,-0.15,43,1800830
104/09/09,110708,26.15,26.15,25.55,25.75,0.50,74,2852577
104/09/10,72840,25.70,26.10,25.55,26.10,0.35,63,1879424
104/09/11,149972,26.10,26.40,26.10,26.30,0.20,101,3929312
104/09/14,749875,26.30,26.50,26.00,26.00,-0.30,66,19511197
104/09/15,59304,26.10,26.45,26.10,26.15,0.15,44,1553545
104/09/16,720471,26.15,26.40,26.05,26.20,0.05,48,18873790
104/09/17,100522,26.20,26.55,26.20,26.50,0.30,68,2652485
104/09/18,828760,26.50,26.95,26.25,26.95,0.45,102,22281336
104/09/21,154019,27.05,27.05,26.20,26.25,-0.70,99,4075852
104/09/22,74999,26.30,27.00,26.30,26.65,0.40,60,1992923
104/09/23,56004,26.55,26.55,26.10,26.45,-0.20,52,1474006
104/09/24,88512,26.20,26.65,26.20,26.25,-0.20,60,2334417
104/09/25,62827,26.25,26.30,26.00,26.05,-0.20,46,1645171
104/09/30,87530,26.00,26.20,25.85,26.05,,58,2279904
104/10/01,122466,26.15,26.30,26.05,26.10,0.05,74,3205185
104/10/02,89919,26.10,26.20,26.05,26.05,-0.05,54,2347636
104/10/05,112739,26.10,26.20,25.80,26.15,0.10,71,2937159
104/10/06,141500,26.20,26.85,26.15,26.85,0.70,97,3752250
104/10/07,149233,26.95,27.10,26.80,26.90,0.05,115,4021064
104/10/08,103230,27.00,27.00,26.55,26.55,-0.35,60,2763537
104/10/12,89086,26.45,26.90,26.45,26.85,0.30,59,2372500
104/10/13,62241,26.85,27.00,26.35,26.80,-0.05,43,1659958
104/10/14,50415,27.00,27.00,26.55,26.65,-0.15,31,1345512
104/10/15,131878,26.75,26.90,26.30,26.50,-0.15,89,3496165
104/10/16,82640,26.60,26.70,26.50,26.55,0.05,51,2193873
104/10/19,113680,26.75,27.00,26.70,26.90,0.35,71,3048410
104/10/20,148329,27.00,27.30,27.00,27.20,0.30,109,4031348
104/10/21,155287,27.45,27.50,27.20,27.25,0.05,91,4247819
104/10/22,187682,27.30,27.90,27.30,27.90,0.65,116,5183176
104/10/23,183140,28.10,29.00,28.10,28.50,0.60,132,5206388
104/10/26,123071,28.50,28.65,28.00,28.65,0.15,94,3478631
104/10/27,58982,28.60,28.60,28.15,28.40,-0.25,43,1670491
104/10/28,91449,28.30,28.35,27.90,27.95,-0.45,55,2565522
104/10/29,123560,28.15,28.15,27.35,27.80,-0.15,93,3397717
104/10/30,35419,27.50,27.65,27.50,27.65,-0.15,29,976297
104/11/02,31100,27.55,27.70,27.50,27.65,,30,856663
104/11/03,36082,27.75,27.90,27.50,27.75,0.10,32,1002327
104/11/04,128049,27.95,28.25,27.90,28.10,0.35,85,3590467
104/11/05,39645,27.95,28.00,27.80,28.00,-0.10,33,1107360
104/11/06,107767,28.20,28.20,27.50,27.85,-0.15,65,2995498
104/11/09,61799,28.15,28.15,27.15,27.80,-0.05,53,1712780
104/11/10,39201,27.50,27.80,27.25,27.50,-0.30,28,1073176
104/11/11,58895,27.50,27.75,27.00,27.25,-0.25,56,1600836
104/11/12,81190,27.30,27.75,27.25,27.55,0.30,75,2231133
104/11/13,112329,27.75,27.85,27.30,27.50,-0.05,77,3101613
104/11/16,116455,28.05,28.05,27.55,27.75,0.25,88,3229498
104/11/17,101320,27.85,27.90,27.60,27.80,0.05,67,2815546
104/11/18,106961,28.00,28.00,27.80,28.00,0.20,57,2986813
104/11/19,168687,28.15,28.20,27.80,28.20,0.20,93,4734836
104/11/20,724811,29.00,30.50,28.90,29.60,1.40,370,21467021
104/11/23,256120,29.90,30.60,29.65,29.80,0.20,202,7665658
104/11/24,119729,29.95,29.95,29.15,29.35,-0.45,79,3518456
104/11/25,68508,29.20,29.60,29.00,29.35,,58,1998709
104/11/26,96360,29.80,29.80,29.10,29.35,,63,2835361
104/11/27,64777,29.35,29.55,28.95,29.05,-0.30,48,1883419
104/11/30,60999,29.15,29.15,28.40,28.50,-0.55,58,1745470
104/12/01,93556,28.50,29.00,28.50,28.95,0.45,66,2696062
104/12/02,113999,29.55,29.60,29.00,29.10,0.15,61,3312121
104/12/03,85012,29.60,29.60,28.80,29.10,,61,2478497
104/12/04,41252,29.10,29.10,28.80,29.00,-0.10,25,1192082
104/12/07,88985,29.40,29.45,28.90,28.90,-0.10,75,2581516
104/12/08,51117,29.10,29.10,28.70,28.90,,46,1473106
104/12/09,74144,29.00,29.00,28.40,28.55,-0.35,49,2127523
104/12/10,105179,28.45,28.45,27.65,28.00,-0.55,75,2934712
104/12/11,33165,28.00,28.00,27.65,27.65,-0.35,32,919902
104/12/14,76128,27.20,27.50,27.00,27.20,-0.45,54,2067880
104/12/15,90727,27.20,27.95,27.20,27.60,0.40,48,2490840
104/12/16,84530,27.60,28.80,27.60,28.00,0.40,69,2369490
104/12/17,59887,28.10,28.35,28.00,28.15,0.15,44,1682936
104/12/18,16815,28.15,28.15,27.80,27.90,-0.25,20,469927
104/12/21,55500,27.55,28.10,27.50,28.10,0.20,37,1538999
104/12/22,50415,28.20,28.20,27.85,28.10,,34,1412660
104/12/23,34765,28.40,28.40,28.05,28.10,,31,980120
104/12/24,36520,28.35,28.40,28.00,28.30,0.20,31,1027562
104/12/25,47480,28.40,28.40,27.95,28.20,-0.10,33,1336640
104/12/28,51421,28.20,28.35,27.90,28.25,0.05,48,1446471
104/12/29,56466,28.35,28.35,27.65,28.00,-0.25,55,1577024
104/12/30,24681,28.00,28.15,27.80,28.05,0.05,25,691318
104/12/31,50568,28.20,28.40,28.20,28.25,0.20,37,1430067
105/01/04,91660,28.30,28.45,28.20,28.20,-0.05,65,2595029
105/01/05,32540,28.20,28.20,28.00,28.20,,26,914178
105/01/06,28640,28.00,28.00,27.50,27.80,-0.40,32,793098
105/01/07,168690,27.55,27.95,26.40,27.10,-0.70,127,4544666
105/01/08,160250,27.00,28.00,27.00,27.65,0.55,114,4424162
105/01/11,56329,27.65,27.65,27.30,27.50,-0.15,40,1544095
105/01/12,92779,27.25,27.75,27.25,27.35,-0.15,61,2558704
105/01/13,71881,27.35,27.90,27.35,27.90,0.55,59,1994603
105/01/14,59899,27.40,27.90,27.40,27.90,,48,1665430
105/01/15,141702,27.85,28.05,27.60,27.70,-0.20,74,3929194
105/01/18,77000,27.70,28.40,27.70,28.10,0.40,63,2166850
105/01/19,30120,27.80,28.25,27.80,28.00,-0.10,25,843954
105/01/20,40136,28.15,28.20,27.80,27.95,-0.05,37,1121943
105/01/21,32360,27.95,28.30,27.85,28.00,0.05,29,907144
105/01/22,25240,28.00,28.10,27.85,28.00,,25,705170
105/01/25,93070,28.15,28.40,28.15,28.40,0.40,69,2632038
105/01/26,182455,28.40,29.10,28.40,28.95,0.55,134,5243219
105/01/27,220728,29.00,29.90,29.00,29.60,0.65,166,6534402
105/01/28,86606,29.65,29.65,29.15,29.20,-0.40,70,2533424
105/01/29,86100,29.45,29.45,29.20,29.30,0.10,61,2522549
105/01/30,87044,29.90,29.90,28.90,29.20,-0.10,79,2544688
105/02/01,137876,29.15,29.15,28.50,28.70,-0.50,104,3963577
105/02/02,36010,28.95,28.95,28.80,28.80,0.10,31,1038289
105/02/03,65924,28.80,28.80,28.30,28.60,-0.20,54,1877240
105/02/15,64132,28.45,28.50,28.25,28.30,-0.30,57,1815417
105/02/16,100000,28.40,28.80,28.40,28.70,0.40,54,2853248
105/02/17,60240,28.70,28.70,28.35,28.60,-0.10,52,1713538
105/02/18,45517,28.95,28.95,28.65,28.65,0.05,46,1308636
105/02/19,78245,28.65,29.05,28.50,28.70,0.05,50,2247981
105/02/22,40646,28.60,28.80,28.60,28.70,,34,1165836
105/02/23,132307,28.70,29.00,28.60,28.90,0.20,72,3802920
105/02/24,90209,29.00,29.30,28.85,29.00,0.10,57,2617600
105/02/25,246002,29.25,29.60,29.00,29.30,0.30,153,7238855
105/02/26,81067,29.35,29.50,29.20,29.25,-0.05,54,2372858
105/03/01,78947,29.25,29.25,28.85,29.05,-0.20,72,2292558
105/03/02,114920,29.25,29.30,28.80,28.95,-0.10,79,3333181
105/03/03,126775,29.00,29.20,28.85,29.00,0.05,78,3676194
105/03/04,254049,29.30,29.70,29.30,29.40,0.40,156,7499834
105/03/07,321468,29.50,30.50,29.50,30.25,0.85,216,9702730
105/03/08,318440,30.30,30.30,29.40,29.60,-0.65,170,9460350
105/03/09,84148,29.60,29.80,29.40,29.75,0.15,65,2491886
105/03/10,77768,29.80,29.80,29.30,29.55,-0.20,66,2299092
105/03/11,66188,29.55,29.55,29.40,29.45,-0.10,50,1950033
105/03/14,154921,29.50,29.70,29.40,29.40,-0.05,91,4566417
105/03/15,400640,29.55,31.00,29.55,29.65,0.25,285,12117974
105/03/16,136380,29.95,30.35,29.75,29.80,0.15,98,4080870
105/03/17,159960,29.80,30.20,29.65,29.80,,94,4777460
105/03/18,33429,30.00,30.00,29.80,29.80,,31,996734
105/03/21,107211,30.00,30.00,29.55,29.75,-0.05,67,3186764
105/03/22,64157,29.70,29.90,29.60,29.60,-0.15,47,1905594
105/03/23,45685,29.50,29.95,29.50,29.55,-0.05,45,1358838
105/03/24,90972,29.50,29.55,29.35,29.40,-0.15,51,2678221
105/03/25,39120,29.50,29.50,29.30,29.35,-0.05,29,1150584
105/03/28,113315,29.60,30.05,29.55,29.55,0.20,85,3371574
105/03/29,211201,29.60,30.20,29.50,29.70,0.15,130,6280295
105/03/30,97870,29.70,29.95,29.60,29.65,-0.05,61,2907085
105/03/31,82075,29.70,29.80,29.50,29.60,-0.05,56,2429920
105/04/01,78264,29.60,29.65,29.50,29.60,,47,2316164
105/04/06,53672,29.75,29.75,29.60,29.65,0.05,39,1591275
105/04/07,105106,29.75,29.80,29.30,29.40,-0.25,71,3096765
105/04/08,118571,29.35,29.55,28.70,29.55,0.15,72,3454642
105/04/11,61900,29.50,29.90,29.35,29.65,0.10,48,1831831
105/04/12,78602,29.50,29.60,29.25,29.50,-0.15,58,2308559
105/04/13,85860,29.05,29.80,29.05,29.50,,55,2530727
105/04/14,38155,29.60,29.60,29.45,29.50,,33,1125822
105/04/15,63004,29.55,29.70,29.30,29.55,0.05,50,1858765
105/04/18,42020,29.55,29.60,29.35,29.45,-0.10,28,1239358
105/04/19,39629,29.50,29.55,29.45,29.45,,31,1169655
105/04/20,48712,29.50,29.50,29.25,29.30,-0.15,47,1430544
105/04/21,27360,29.30,29.45,29.20,29.30,,16,802984
105/04/22,51437,29.30,29.45,29.25,29.35,0.05,35,1507841
105/04/25,85115,29.15,29.85,29.10,29.40,0.05,51,2506797
105/04/26,42425,29.70,29.70,29.35,29.40,,35,1248564
105/04/27,77702,29.40,29.60,29.25,29.60,0.20,61,2283358
105/04/28,37062,29.35,29.50,29.35,29.45,-0.15,28,1090520
105/04/29,62385,29.30,29.30,29.15,29.15,-0.30,46,1821629
105/05/03,79557,29.15,29.20,29.00,29.05,-0.10,49,2313634
105/05/04,94791,29.00,29.10,28.90,28.90,-0.15,55,2748708
105/05/05,138240,28.90,29.00,28.50,28.75,-0.15,80,3966023
105/05/06,70280,28.50,28.70,28.50,28.55,-0.20,50,2007398
105/05/09,92984,28.55,29.85,28.50,29.20,0.65,55,2704581
105/05/10,102419,29.30,29.60,29.05,29.10,-0.10,47,2985673
105/05/11,65320,29.40,29.60,29.10,29.15,0.05,25,1911822
105/05/12,619161,29.25,30.55,29.25,30.20,1.05,328,18610131
105/05/13,341511,30.00,30.50,29.60,29.90,-0.30,168,10229952
105/05/16,149380,29.80,30.25,29.80,30.10,0.20,92,4482950
105/05/17,189648,30.20,30.30,29.80,29.90,-0.20,99,5679219
105/05/18,92298,30.00,30.10,29.65,29.95,0.05,59,2760952
105/05/19,94290,30.10,30.10,29.50,29.65,-0.30,68,2801102
105/05/20,55321,29.65,29.80,29.60,29.70,0.05,37,1641831
105/05/23,151141,29.70,30.10,29.55,29.95,0.25,70,4520287
105/05/24,103931,29.95,30.00,29.70,29.85,-0.10,54,3098885
105/05/25,278388,29.90,30.10,29.65,29.95,0.10,144,8315140
105/05/26,216867,30.00,30.25,30.00,30.10,0.15,138,6528260
105/05/27,426496,30.35,30.85,30.30,30.85,0.75,272,13068076
105/05/30,592891,30.85,32.10,30.85,31.85,1.00,362,18856778
105/05/31,256221,31.85,32.20,31.50,31.60,-0.25,158,8156207
105/06/01,371800,31.70,31.70,31.10,31.60,,186,11676579
105/06/02,179820,31.85,32.00,31.30,31.35,-0.25,126,5687362
105/06/03,230059,31.20,31.95,31.20,31.25,-0.10,151,7257094
105/06/04,185156,31.25,31.90,31.25,31.75,0.50,127,5869860
105/06/06,184095,31.75,32.05,31.55,31.70,-0.05,119,5861709
105/06/07,211766,32.40,32.40,31.50,31.50,-0.20,141,6760428
105/06/08,139395,31.45,31.50,31.10,31.25,-0.25,104,4356332
105/06/13,155600,31.00,31.10,30.40,30.60,-0.65,109,4769838
105/06/14,48500,30.45,30.85,30.45,30.70,0.10,42,1488600
105/06/15,170840,30.70,31.40,30.70,31.25,0.55,104,5312707
105/06/16,98155,31.30,31.45,30.85,30.85,-0.40,72,3045296
105/06/17,110957,30.85,31.60,30.65,31.35,0.50,83,3451809
105/06/20,163765,31.50,31.85,31.50,31.80,0.45,107,5189423
105/06/21,277135,31.90,32.10,31.40,31.55,-0.25,162,8771950
105/06/22,147616,31.50,31.50,31.10,31.35,-0.20,87,4617030
105/06/23,34184,31.50,31.50,31.35,31.35,,33,1073315
105/06/24,185800,31.50,31.50,30.50,30.90,-0.45,136,5732518
105/06/27,69203,30.55,30.90,30.55,30.90,,52,2129658
105/06/28,109080,30.70,31.45,30.55,31.20,0.30,69,3409096
105/06/29,48539,31.50,31.50,31.25,31.30,0.10,46,1521166
105/06/30,79200,31.40,31.70,31.35,31.45,0.15,51,2487280
105/07/01,96737,31.60,31.75,31.35,31.35,-0.10,89,3041250
105/07/04,273328,31.45,31.65,31.45,31.60,0.25,79,8634863
105/07/05,304388,31.55,31.90,31.50,31.60,,84,9628358
105/07/06,327158,31.75,31.75,31.35,31.40,-0.20,67,10275392
105/07/07,358565,31.45,31.75,31.35,31.45,0.05,59,11278196
105/07/11,438192,32.05,32.05,31.60,31.80,0.35,105,13926785
105/07/12,584226,31.90,32.30,31.75,31.90,0.10,142,18652556
105/07/13,484658,31.90,32.05,31.85,31.85,-0.05,100,15456402
105/07/14,431978,31.85,32.00,31.80,31.95,0.10,72,13790499
105/07/15,418080,32.00,32.10,31.90,32.10,0.15,140,13395860
105/07/18,257626,32.10,32.60,32.10,32.45,0.35,158,8344665
105/07/19,204550,32.60,32.80,32.40,32.45,,125,6651344
105/07/20,338660,32.45,32.60,32.10,32.30,-0.15,127,10965666
105/07/21,323860,32.60,32.60,32.05,32.30,,138,10447772
105/07/22,421109,32.50,32.50,31.90,31.95,-0.35,137,13483528
105/07/25,152561,31.95,32.05,31.70,31.80,-0.15,86,4856125
105/07/26,367575,31.80,31.80,31.60,31.60,-0.20,93,11624819
105/07/27,378160,31.60,32.10,31.60,31.80,0.20,106,12043785
105/07/28,379028,31.85,32.05,31.80,31.90,0.10,78,12089839
105/07/29,446114,31.90,31.95,31.70,31.85,-0.05,76,14203314
105/08/01,485504,31.80,32.35,31.80,32.20,0.35,119,15649200
105/08/02,146940,32.20,32.25,32.15,32.25,0.05,94,4730324
105/08/03,192440,32.25,32.50,32.25,32.40,0.15,124,6233790
105/08/04,222880,32.45,32.70,32.40,32.70,0.30,140,7259591
105/08/05,499935,32.90,33.55,32.80,33.40,0.70,299,16642289
105/08/08,300697,33.55,33.80,32.80,33.00,-0.40,213,9955701
105/08/09,699194,33.00,33.00,31.95,32.30,-0.70,251,22548853
105/08/10,461276,32.40,32.55,32.25,32.50,0.20,106,14982169
105/08/11,452312,32.50,32.70,32.30,32.55,0.05,93,14717788
105/08/12,747983,32.55,33.45,32.55,33.00,0.45,342,24634089
105/08/15,184490,33.00,33.30,32.80,32.80,-0.20,110,6093591
105/08/16,133717,33.20,33.25,32.65,32.80,,85,4386816
105/08/17,131683,32.90,32.90,32.50,32.70,-0.10,97,4298898
105/08/18,83314,32.70,32.75,32.60,32.65,-0.05,63,2723515
105/08/19,230866,32.65,32.85,32.50,32.50,-0.15,129,7534395
105/08/22,288698,32.50,32.75,31.90,32.20,-0.30,155,9303491
105/08/23,119636,32.20,32.40,32.10,32.30,0.10,75,3854992
105/08/24,334667,32.50,32.50,32.00,32.15,-0.15,195,10788126
105/08/25,369204,32.30,32.35,32.00,32.05,-0.10,217,11871962
105/08/26,975300,32.05,32.50,32.00,32.50,0.45,482,31440772
105/08/29,599051,30.50,30.50,30.10,30.10,X,379,18129283
105/08/30,113679,30.20,30.20,30.00,30.00,-0.10,104,3419983
105/08/31,187927,30.10,30.10,29.75,29.80,-0.20,142,5614260
105/09/01,119238,29.80,30.00,29.60,29.80,,97,3548025
105/09/02,101467,29.85,29.90,29.65,29.80,,81,3023910
105/09/05,118014,30.00,30.00,29.75,29.85,0.05,66,3523166
105/09/06,84327,29.85,30.20,29.85,29.95,0.10,55,2524108
105/09/07,159259,29.95,30.15,29.80,29.90,-0.05,91,4764244
105/09/08,95687,29.90,30.00,29.75,29.90,,76,2854826
105/09/09,310273,29.90,30.00,29.45,29.55,-0.35,186,9175557
105/09/10,147820,29.65,29.65,29.30,29.40,-0.15,75,4353143
105/09/12,159375,29.65,29.65,29.20,29.25,-0.15,106,4667265
105/09/13,94828,29.30,29.30,29.10,29.20,-0.05,80,2767368
105/09/14,86433,29.20,29.30,29.00,29.00,-0.20,66,2513957
105/09/19,123878,29.05,29.50,28.95,29.20,0.20,88,3606587
105/09/20,32560,29.50,29.50,29.00,29.25,0.05,27,951008
105/09/21,189805,29.50,29.85,29.25,29.80,0.55,138,5617706
105/09/22,84835,29.90,30.00,29.65,29.70,-0.10,58,2526648
105/09/23,29460,29.45,29.80,29.45,29.60,-0.10,24,871964
105/09/26,31816,29.60,29.75,29.60,29.65,0.05,25,943150
105/09/29,113739,29.70,29.70,29.50,29.55,-0.10,145,3362247
105/09/30,89420,29.60,29.60,29.30,29.35,-0.20,96,2627954
105/10/03,123571,29.35,29.50,29.30,29.35,,100,3627641
105/10/04,83340,29.20,29.40,29.20,29.30,-0.05,67,2443567
105/10/05,119196,29.30,29.50,29.30,29.30,,65,3500383
105/10/06,73229,29.45,29.50,29.25,29.25,-0.05,68,2145166
105/10/07,88784,29.25,29.45,29.20,29.40,0.15,76,2596393
105/10/11,117785,29.50,29.50,29.15,29.35,-0.05,94,3446074
105/10/12,374183,29.25,29.25,28.80,29.15,-0.20,274,10819635
105/10/13,85689,29.15,29.30,29.05,29.10,-0.05,68,2496193
105/10/14,146094,29.05,29.05,28.80,29.00,-0.10,99,4229273
105/10/17,75936,29.00,29.40,28.85,29.30,0.30,70,2207616
105/10/18,97333,29.40,29.45,29.35,29.40,0.10,74,2861648
105/10/19,57014,29.45,29.50,29.30,29.35,-0.05,54,1676658
105/10/20,178747,29.50,29.75,29.50,29.60,0.25,150,5296301
105/10/21,106087,29.60,29.70,29.55,29.70,0.10,76,3140768
105/10/24,40512,29.80,29.80,29.55,29.55,-0.15,38,1201104
105/10/25,151111,29.55,29.65,29.55,29.55,,117,4472628
105/10/26,168244,29.55,29.80,29.55,29.80,0.25,144,4984402
105/10/27,38792,29.85,29.85,29.70,29.70,-0.10,36,1153870
105/10/28,63790,29.70,29.70,29.60,29.60,-0.10,49,1889917
105/10/31,32464,29.50,29.60,29.45,29.50,-0.10,27,958286
105/11/01,51262,29.20,29.50,29.20,29.45,-0.05,37,1508079
105/11/02,108179,29.20,29.45,29.15,29.20,-0.25,72,3167273
105/11/03,67319,29.20,29.35,29.10,29.10,-0.10,44,1962313
105/11/04,55352,29.10,29.30,29.00,29.10,,51,1612607
105/11/07,60309,29.00,29.35,29.00,29.20,0.10,55,1759961
105/11/08,34007,29.20,29.30,29.20,29.25,0.05,35,994800
105/11/09,168398,29.20,29.35,28.90,29.05,-0.20,138,4889306
105/11/10,103032,29.15,29.35,29.15,29.30,0.25,78,3008229
105/11/11,313317,29.55,29.80,29.45,29.65,0.35,174,9286290
105/11/14,169434,29.75,29.85,29.70,29.70,0.05,110,5044376
105/11/15,220406,29.85,30.20,29.80,30.05,0.35,163,6626130
105/11/16,148622,30.05,30.20,30.00,30.00,-0.05,98,4472160
105/11/17,109571,30.10,30.35,30.00,30.05,0.05,92,3300802
105/11/18,56425,30.00,30.10,29.80,30.05,,55,1692566
105/11/21,87418,30.10,30.20,29.90,30.15,0.10,65,2625126
105/11/22,146487,30.15,30.40,30.15,30.30,0.15,114,4439948
105/11/23,153567,30.20,30.50,30.20,30.25,-0.05,111,4660222
105/11/24,72385,30.30,30.30,30.00,30.20,-0.05,59,2177974
105/11/25,65699,30.25,30.30,30.05,30.05,-0.15,43,1983156
105/11/28,139835,30.05,30.25,30.00,30.05,,102,4207385
105/11/29,63626,30.05,30.30,30.05,30.15,0.10,42,1916390
105/11/30,640141,30.25,31.50,30.20,31.00,0.85,318,19866397
105/12/01,239579,31.20,31.35,30.80,30.90,-0.10,141,7452434
105/12/02,50902,30.95,31.00,30.85,30.95,0.05,46,1572211
105/12/05,103839,31.00,31.50,30.95,31.10,0.15,80,3230390
105/12/06,130345,31.20,31.40,31.00,31.00,-0.10,90,4051645
105/12/07,80544,31.30,31.30,31.00,31.15,0.15,58,2509164
105/12/08,141423,31.30,31.50,31.05,31.15,,89,4412245
105/12/09,133133,31.25,31.40,30.95,31.00,-0.15,87,4131179
105/12/12,197874,31.05,31.30,30.95,30.95,-0.05,103,6145044
105/12/13,180663,30.95,31.30,30.60,31.00,0.05,109,5627553
105/12/14,93188,31.20,31.30,31.00,31.00,,54,2901644
105/12/15,54564,31.00,31.30,30.90,31.10,0.10,40,1693534
105/12/16,114305,31.15,31.30,30.90,31.10,,79,3553723
105/12/19,234170,31.10,31.30,30.80,31.00,-0.10,102,7248470
105/12/20,81499,31.00,31.15,30.85,30.90,-0.10,58,2520019
105/12/21,103612,30.95,31.00,30.75,30.80,-0.10,65,3196672
105/12/22,65415,30.80,31.20,30.70,30.80,,42,2013680
105/12/23,46189,31.00,31.00,30.60,30.60,-0.20,39,1421280
105/12/26,87759,30.60,31.00,30.60,31.00,0.40,55,2691229
105/12/27,37858,31.00,31.00,30.80,30.90,-0.10,25,1168123
105/12/28,23564,30.90,30.95,30.85,30.90,,29,727972
105/12/29,43386,31.00,31.20,30.95,31.00,0.10,32,1346396
105/12/30,50439,31.10,31.10,31.00,31.10,0.10,38,1566009
106/01/03,249456,31.15,31.70,31.15,31.65,0.55,154,7838186
106/01/04,348588,31.65,32.10,31.65,32.00,0.35,228,11138570
106/01/05,174389,32.30,32.50,32.00,32.10,0.10,119,5607098
106/01/06,140797,32.30,32.35,31.90,31.95,-0.15,97,4509150
106/01/09,219890,31.95,32.35,31.85,32.20,0.25,135,7049148
106/01/10,134839,32.25,32.25,31.90,32.00,-0.20,85,4320048
106/01/11,290368,32.15,32.35,32.10,32.20,0.20,151,9352741
106/01/12,279066,32.30,32.60,32.20,32.20,,135,9037065
106/01/13,209250,32.30,32.60,32.20,32.55,0.35,139,6794866
106/01/16,117985,32.60,32.60,32.00,32.35,-0.20,99,3801361
106/01/17,49665,32.35,32.40,32.05,32.35,,62,1598741
106/01/18,72252,32.35,32.45,32.05,32.30,-0.05,71,2326961
106/01/19,38116,32.30,32.30,32.00,32.25,-0.05,44,1224119
106/01/20,131075,32.00,32.10,32.00,32.05,-0.20,77,4196800
106/01/23,126901,32.00,32.00,31.85,31.90,-0.15,95,4050131
106/01/24,85643,31.90,32.00,31.80,31.90,,66,2729052
106/02/02,119861,31.90,32.25,31.80,31.90,,90,3822708
106/02/03,143819,31.90,32.20,31.75,31.75,-0.15,106,4579198
106/02/06,139858,31.70,32.00,31.70,31.95,0.20,97,4460854
106/02/07,145233,31.95,32.20,31.90,32.00,0.05,100,4653056
106/02/08,125535,32.00,32.00,31.80,32.00,,94,4007570
106/02/09,164651,31.95,32.20,31.75,31.80,-0.20,104,5251848
106/02/10,401187,31.95,32.00,31.40,31.65,-0.15,234,12688056
106/02/13,126099,31.80,31.95,31.55,31.65,,107,3988914
106/02/14,153369,31.65,31.80,31.60,31.65,,85,4858793
106/02/15,234306,31.65,31.85,31.65,31.80,0.15,129,7431776
106/02/16,107366,32.00,32.00,31.75,31.80,,72,3413231
106/02/17,159716,31.80,32.00,31.70,31.80,,86,5086973
106/02/18,125670,31.90,32.00,31.75,31.95,0.15,93,4005802
106/02/20,165322,32.00,32.00,31.85,31.95,,102,5280064
106/02/21,107958,32.00,32.10,31.75,31.95,,66,3440464
106/02/22,66552,32.00,32.10,31.90,32.05,0.10,59,2126964
106/02/23,128195,31.85,32.05,31.85,32.00,-0.05,67,4092740
106/02/24,105586,32.00,32.10,31.85,31.90,-0.10,90,3369526
106/03/01,118328,31.95,32.10,31.90,31.95,0.05,70,3785458
106/03/02,85551,31.95,32.10,31.85,31.85,-0.10,72,2730242
106/03/03,103416,31.90,31.95,31.80,31.90,0.05,56,3299310
106/03/06,150786,31.90,31.90,31.70,31.75,-0.15,105,4789281
106/03/07,122446,31.70,31.75,31.65,31.75,,82,3879800
106/03/08,60527,31.75,32.30,31.75,31.90,0.15,53,1933455
106/03/09,114233,32.00,32.05,31.90,31.90,,74,3653672
106/03/10,87847,31.90,31.90,31.70,31.75,-0.15,68,2787981
106/03/13,134940,31.75,31.75,31.65,31.75,,74,4280588
106/03/14,75774,31.75,32.00,31.75,31.90,0.15,71,2413268
106/03/15,73469,31.90,32.00,31.90,31.95,0.05,65,2348329
106/03/16,85344,32.00,32.15,31.95,31.95,,71,2729903
106/03/17,208275,32.00,32.15,31.85,32.05,0.10,110,6660067
106/03/20,138315,32.05,32.15,32.00,32.05,,89,4433780
106/03/21,419530,32.10,33.00,32.05,32.40,0.35,260,13640716
106/03/22,176543,32.40,32.80,32.15,32.60,0.20,122,5746061
106/03/23,121341,32.80,32.80,32.40,32.70,0.10,98,3959673
106/03/24,1287909,33.10,34.10,33.10,33.90,1.20,721,43445318
106/03/27,1088299,34.50,35.70,34.40,34.80,0.90,689,37994910
106/03/28,646646,35.05,35.15,34.05,34.50,-0.30,450,22404609
106/03/29,244767,34.60,35.00,34.55,34.75,0.25,175,8501157
106/03/30,285265,34.75,34.95,34.30,34.50,-0.25,212,9898930
106/03/31,309293,34.60,34.80,34.50,34.75,0.25,193,10724045
106/04/05,709687,34.95,35.45,34.95,35.15,0.40,447,25011866
106/04/06,283439,35.30,35.45,35.10,35.35,0.20,227,9982879
106/04/07,645375,35.45,36.05,35.35,35.45,0.10,412,22986002
106/04/10,324924,35.50,35.90,35.10,35.10,0.35,212,11513226
106/04/11,369341,35.00,35.80,35.00,35.10,,210,13032413
106/04/12,255556,34.85,35.10,34.50,34.75,0.35,209,8877608
106/04/13,146577,34.85,35.00,34.80,35.00,0.25,134,5114195
106/04/14,281301,35.00,35.00,34.30,34.30,0.70,214,9695165
106/04/17,143714,34.35,34.75,34.25,34.30,,112,4932487
106/04/18,142236,34.50,34.70,34.30,34.50,0.20,94,4896150
106/04/19,222483,34.70,34.70,34.10,34.35,0.15,157,7624161
106/04/20,151566,34.00,34.30,34.00,34.05,0.30,100,5169098
106/04/21,112754,34.20,34.30,34.20,34.30,0.25,103,3863454
106/04/24,264416,34.25,35.05,34.25,35.00,0.70,199,9212760
106/04/25,272828,35.40,35.45,35.10,35.30,0.30,183,9619290
106/04/26,238334,35.40,35.50,35.15,35.30,,130,8418402
106/04/27,207311,35.45,35.50,35.20,35.40,0.10,121,7326959
106/04/28,118047,35.40,35.50,35.30,35.30,0.10,90,4177950
106/05/02,142273,35.30,35.55,35.30,35.40,0.10,119,5036505
106/05/03,250772,35.45,35.50,34.85,35.00,0.40,177,8797098
106/05/04,138003,35.00,35.40,34.90,35.15,0.15,92,4843546
106/05/05,149656,35.20,35.35,35.00,35.20,0.05,88,5260085
106/05/08,71134,35.20,35.20,35.05,35.20,,63,2500374
106/05/09,175547,35.10,35.20,34.95,34.95,0.25,118,6150832
106/05/10,143149,35.00,35.10,34.90,34.90,0.05,102,5006765
106/05/11,102638,34.95,35.10,34.90,35.10,0.20,73,3594742
106/05/12,1821263,35.10,35.60,32.55,33.60,1.50,1103,61568457
106/05/15,537007,33.40,33.40,32.75,33.00,0.60,340,17720686
106/05/16,244194,33.00,33.40,33.00,33.10,0.10,150,8103757
106/05/17,205956,33.10,33.40,33.10,33.40,0.30,143,6850524
106/05/18,97138,33.30,33.50,33.15,33.50,0.10,68,3241321
106/05/19,166160,33.50,33.80,33.50,33.70,0.20,114,5599138
106/05/22,222363,33.70,34.10,33.70,34.00,0.30,163,7534098
106/05/23,213999,34.10,34.40,34.10,34.25,0.25,178,7340009
106/05/24,203435,34.40,34.60,34.30,34.50,0.25,144,7017766
106/05/25,151157,34.50,34.60,34.30,34.40,0.10,136,5203794
106/05/26,333773,34.60,34.95,34.50,34.65,0.25,188,11560742
106/05/31,293154,34.90,35.20,34.65,34.90,0.25,208,10229816
106/06/01,185703,35.00,35.15,34.85,34.85,0.05,124,6491778
106/06/02,167218,34.90,35.00,34.60,34.70,0.15,126,5800430
106/06/03,100896,34.70,34.85,34.65,34.85,0.15,48,3510768
106/06/05,164231,34.85,35.00,34.60,34.70,0.15,143,5716506
106/06/06,140992,34.70,34.85,34.60,34.70,,121,4892067
106/06/07,146699,34.70,34.90,34.55,34.55,0.15,111,5085744
106/06/08,195066,34.60,34.75,34.50,34.75,0.20,129,6748783
106/06/09,116538,34.90,34.95,34.70,34.70,0.05,97,4055315
106/06/12,206683,34.70,35.20,34.70,35.05,0.35,153,7210355
106/06/13,198396,35.05,35.15,35.05,35.05,,128,6963875
106/06/14,282159,35.15,35.35,34.80,34.90,0.15,146,9882615
106/06/15,106092,34.90,35.10,34.90,35.05,0.15,85,3711848
106/06/16,109280,35.15,35.15,34.90,34.90,0.15,78,3822368
106/06/19,256869,35.00,35.10,34.80,35.00,0.10,139,8977715
106/06/20,214581,35.05,35.20,34.95,35.00,,109,7528635
106/06/21,240000,35.00,35.20,34.90,35.20,0.20,133,8425000
106/06/22,323409,35.20,35.60,35.20,35.55,0.35,220,11472613
106/06/23,224255,35.65,35.75,35.40,35.40,0.15,131,7974871
106/06/26,374722,35.50,35.95,35.50,35.85,0.45,247,13395873
106/06/27,401590,36.00,36.30,36.00,36.20,0.35,247,14518912
106/06/28,473410,36.50,37.00,36.30,36.75,0.55,344,17405582
106/06/29,706018,37.00,37.30,36.75,36.75,,373,26201351
106/06/30,219781,36.80,36.95,36.55,36.60,0.15,169,8068502
106/07/03,255690,36.60,37.20,36.60,36.90,0.30,165,9453235
106/07/04,404310,37.20,37.30,36.50,36.60,0.30,249,14916178
106/07/05,168226,36.60,36.90,36.40,36.50,0.10,134,6154443
106/07/06,183618,36.50,36.80,36.00,36.15,0.35,155,6676415
106/07/07,137650,36.15,36.15,35.95,36.15,,111,4963942
106/07/10,215833,36.10,36.50,36.00,36.20,0.05,126,7811738
106/07/11,158757,36.20,36.65,36.20,36.40,0.20,98,5770873
106/07/12,181470,36.50,36.90,36.50,36.70,0.30,120,6664851
106/07/13,255704,36.80,37.00,36.70,37.00,0.30,149,9432943
106/07/14,320162,37.05,37.25,36.60,37.00,,194,11837344
106/07/17,201040,37.05,37.15,37.00,37.10,0.10,128,7451173
106/07/18,135541,37.10,37.20,37.00,37.10,,96,5028088
106/07/19,170197,37.10,37.20,37.05,37.15,0.05,122,6314252
106/07/20,200382,37.20,37.30,37.05,37.10,0.05,121,7455016
106/07/21,166039,37.10,37.20,37.10,37.20,0.10,136,6166596
106/07/24,189753,37.20,37.30,37.00,37.00,0.20,111,7029461
106/07/25,398832,37.20,37.20,36.40,36.75,0.25,203,14639170
106/07/26,177179,36.70,37.00,36.35,36.65,0.10,137,6490403
106/07/27,99101,36.65,36.95,36.50,36.75,0.10,84,3628457
106/07/28,134180,36.75,36.90,36.50,36.50,0.25,89,4917166
106/07/31,465861,36.50,36.50,35.50,35.80,0.70,304,16724903
106/08/01,333815,35.80,36.45,35.70,35.85,0.05,204,11981559
106/08/02,140529,35.85,36.00,35.85,35.90,0.05,101,5044045
106/08/03,153671,36.10,36.35,35.95,36.05,0.15,97,5542036
106/08/04,229998,36.10,36.30,36.00,36.20,0.15,128,8303126
106/08/07,295989,36.30,36.70,36.30,36.55,0.35,161,10800390
106/08/08,172251,36.80,36.95,36.45,36.50,0.05,97,6302573
106/08/09,179899,36.70,36.80,36.20,36.40,0.10,123,6543520
106/08/10,344950,36.40,36.40,35.75,35.75,0.65,245,12375705
106/08/11,241975,35.50,35.75,35.00,35.70,0.05,147,8602152
106/08/14,780046,35.70,35.70,34.50,34.75,0.95,424,27174360
106/08/15,295455,35.05,35.05,34.80,34.95,0.20,217,10308392
106/08/16,200492,35.00,35.45,35.00,35.45,0.50,174,7083425
106/08/17,308752,35.45,36.00,35.45,36.00,0.55,183,11057289
106/08/18,194834,36.00,36.25,35.75,36.15,0.15,161,7022144
106/08/21,327545,36.50,36.65,36.35,36.60,0.45,217,11951811
106/08/22,291475,36.60,36.60,36.25,36.40,0.20,199,10600485
106/08/23,428745,36.40,36.55,36.00,36.00,0.40,246,15520676
106/08/24,315004,36.00,36.45,36.00,36.40,0.40,203,11425687
106/08/25,1289097,36.45,36.95,36.45,36.95,0.55,732,47399262
106/08/28,983031,34.20,34.55,34.00,34.45,X,665,33710465
106/08/29,288618,34.50,34.50,34.15,34.15,0.30,213,9898930
106/08/30,314379,34.15,34.30,34.00,34.05,0.10,176,10711515
106/08/31,193101,34.10,34.50,34.10,34.50,0.45,146,6631947
106/09/01,135579,34.35,34.65,34.35,34.50,,109,4669493
106/09/04,102591,34.50,34.50,34.20,34.25,0.25,76,3517539
106/09/05,121320,34.25,34.25,34.00,34.20,0.05,105,4131055
106/09/06,253940,34.20,34.20,33.70,33.85,0.35,190,8579993
106/09/07,61251,33.85,33.95,33.80,33.80,0.05,62,2074469
106/09/08,238142,33.80,34.35,33.70,34.30,0.50,146,8146622
106/09/11,116293,34.30,34.60,34.10,34.25,0.05,98,3983893
106/09/12,142575,34.35,34.50,34.20,34.25,,109,4890218
106/09/13,139103,34.25,34.25,34.00,34.10,0.15,114,4740469
106/09/14,85337,34.05,34.10,33.95,34.10,,65,2903209
106/09/15,149653,34.00,34.00,33.80,33.90,0.20,111,5068452
106/09/18,142691,33.90,33.90,33.80,33.90,,117,4827569
106/09/19,80620,33.90,34.20,33.85,33.85,0.05,64,2734480
106/09/20,80915,33.85,33.85,33.55,33.70,0.15,80,2725422
106/09/21,71333,33.95,34.00,33.80,33.95,0.25,56,2419722
106/09/22,199699,33.95,33.95,33.30,33.50,0.45,152,6687734
106/09/25,226866,33.25,33.25,32.90,33.10,0.40,183,7494395
106/09/26,114659,33.10,33.40,32.90,33.00,0.10,89,3787210
106/09/27,126266,33.00,33.40,32.95,32.95,0.05,88,4172002
106/09/28,48573,33.15,33.20,33.00,33.00,0.05,57,1605043
106/09/29,97134,33.05,33.10,32.85,32.85,0.15,148,3202072
106/09/30,144413,32.90,33.00,32.85,32.90,0.05,158,4747255
106/10/02,154481,33.20,33.35,33.10,33.10,0.20,136,5131959
106/10/03,109764,33.10,33.10,33.00,33.10,,102,3629058
106/10/05,78316,33.15,33.15,33.00,33.00,0.10,83,2590042
106/10/06,71341,33.00,33.05,32.90,33.00,,89,2353401
106/10/11,209655,33.10,33.10,32.80,32.85,0.15,161,6896138
106/10/12,126414,32.95,32.95,32.80,32.90,0.05,97,4152647
106/10/13,69757,32.90,32.90,32.85,32.90,,83,2295131
106/10/16,107827,33.00,33.00,32.85,32.90,,94,3547988
106/10/17,50137,32.95,32.95,32.90,32.90,,67,1650648
106/10/18,89352,32.85,33.10,32.85,33.10,0.20,96,2942841
106/10/19,59496,33.10,33.20,33.00,33.10,,70,1968560
106/10/20,71913,33.00,33.00,32.85,32.90,0.20,67,2367279
106/10/23,81078,32.90,33.00,32.85,32.95,0.05,79,2670059
106/10/24,111493,32.90,33.45,32.90,33.20,0.25,72,3687962
106/10/25,137075,33.35,33.35,32.95,33.00,0.20,113,4532175
106/10/26,66432,33.00,33.30,33.00,33.20,0.20,74,2200737
106/10/27,95249,33.30,33.45,33.15,33.20,,87,3166163
106/10/30,55470,33.15,33.30,33.05,33.15,0.05,57,1837672
106/10/31,206135,33.10,34.00,33.05,33.60,0.45,171,6908681
106/11/01,126416,33.80,33.85,33.60,33.60,,93,4256872
106/11/02,66565,33.60,33.70,33.40,33.40,0.20,60,2231628
106/11/03,89533,33.40,33.40,33.10,33.20,0.20,79,2973893
106/11/06,119842,33.20,33.45,33.00,33.45,0.25,93,3976652
106/11/07,65821,33.45,33.45,33.20,33.35,0.10,57,2193766
106/11/08,61894,33.35,33.35,33.20,33.30,0.05,51,2061011
106/11/09,86847,33.30,33.35,33.15,33.20,0.10,71,2887868
106/11/10,84383,33.20,33.40,33.10,33.40,0.20,92,2798230
106/11/13,106164,33.45,33.85,33.45,33.50,0.10,93,3558140
106/11/14,140099,33.75,34.00,33.45,33.45,0.05,108,4727162
106/11/15,97133,33.55,33.55,33.20,33.35,0.10,75,3246818
106/11/16,121410,33.30,33.35,33.10,33.15,0.20,93,4025283
106/11/17,102967,33.20,33.60,33.05,33.20,0.05,89,3415848
106/11/20,195813,33.30,33.30,32.95,33.10,0.10,143,6469148
106/11/21,104341,33.10,33.15,33.05,33.10,,88,3453245
106/11/22,119874,33.10,33.15,33.05,33.10,,98,3967620
106/11/23,108688,33.10,33.60,33.05,33.35,0.25,95,3616937
106/11/24,50712,33.35,33.35,33.25,33.30,0.05,63,1688751
106/11/27,67017,33.35,33.35,33.20,33.25,0.05,75,2229906
106/11/28,60831,33.20,33.25,33.10,33.15,0.10,71,2018234
106/11/29,65853,33.15,33.50,33.15,33.30,0.15,62,2190950
106/11/30,80177,33.30,33.30,33.15,33.20,0.10,74,2661681
106/12/01,124462,33.30,33.30,33.05,33.10,0.10,97,4128688
106/12/04,174971,33.10,33.15,33.05,33.10,,106,5791783
106/12/05,75850,33.10,33.50,33.10,33.30,0.20,83,2522249
106/12/06,145061,33.30,33.50,33.20,33.30,,119,4832818
106/12/07,50821,33.45,33.45,33.30,33.30,,49,1695286
106/12/08,92733,33.30,33.45,33.15,33.30,,78,3089948
106/12/11,66656,33.40,33.45,33.30,33.35,0.05,64,2222387
106/12/12,52311,33.35,33.35,33.10,33.20,0.15,61,1738970
106/12/13,62507,33.20,33.35,33.10,33.20,,61,2076227
106/12/14,122951,33.20,33.45,33.20,33.30,0.10,79,4092712
106/12/15,119797,33.40,33.50,33.35,33.35,0.05,95,4001472
106/12/18,83850,33.40,33.50,33.35,33.35,,74,2800283
106/12/19,99583,33.45,33.45,33.25,33.25,0.10,88,3320759
106/12/20,54907,33.40,33.45,33.30,33.30,0.05,52,1830195
106/12/21,172686,33.30,34.00,33.30,33.65,0.35,107,5805127
106/12/22,205832,33.65,33.90,33.65,33.90,0.25,125,6958318
106/12/25,78010,34.00,34.00,33.65,33.85,0.05,74,2636876
106/12/26,88647,33.85,33.95,33.65,33.75,0.10,88,2993359
106/12/27,90464,33.75,33.75,33.55,33.60,0.15,86,3043382
106/12/28,116175,33.60,33.90,33.60,33.80,0.20,84,3925410
106/12/29,209499,33.80,34.00,33.80,33.90,0.10,145,7106712
107/01/02,107060,33.90,34.00,33.85,33.90,,90,3634024
107/01/03,181479,34.00,34.00,33.75,33.90,,124,6144530
107/01/04,177603,33.90,33.90,33.60,33.60,0.30,127,5988143
107/01/05,1284025,33.60,35.00,33.60,35.00,1.40,614,44030552
107/01/08,1198094,35.00,36.00,35.00,35.35,0.35,700,42518651
107/01/09,729752,35.50,35.90,35.20,35.25,0.10,336,25839994
107/01/10,601723,35.35,35.50,34.40,34.55,0.70,298,20973066
107/01/11,227261,34.65,35.30,34.55,34.65,0.10,138,7885249
107/01/12,136902,34.70,35.30,34.65,34.70,0.05,109,4782925
107/01/15,187484,35.10,35.10,34.55,34.60,0.10,126,6498535
107/01/16,269787,34.60,34.70,34.20,34.35,0.25,204,9263321
107/01/17,218260,34.40,35.15,34.40,34.70,0.35,196,7610509
107/01/18,152489,34.75,34.90,34.50,34.60,0.10,136,5280164
107/01/19,142768,34.75,34.75,34.45,34.60,,104,4939705
107/01/22,108452,34.60,34.70,34.55,34.55,0.05,117,3751356
107/01/23,105639,34.60,34.60,34.40,34.40,0.15,106,3644375
107/01/24,158067,34.40,34.40,34.25,34.30,0.10,121,5422648
107/01/25,123749,34.55,34.55,34.25,34.40,0.10,89,4256809
107/01/26,491599,34.50,35.15,34.40,34.95,0.55,229,17128045
107/01/29,566956,35.00,35.20,34.55,34.60,0.35,169,19682369
107/01/30,139019,34.60,34.60,34.40,34.45,0.15,101,4795903
107/01/31,136220,34.40,34.40,34.05,34.30,0.15,103,4661251
107/02/01,117107,34.35,34.50,34.30,34.40,0.10,88,4025830
107/02/02,118696,34.40,34.45,34.10,34.25,0.15,95,4056118
107/02/05,196863,34.20,34.20,33.80,34.10,0.15,122,6687511
107/02/06,651629,34.00,34.00,33.05,33.25,0.85,424,21832703
107/02/07,243470,33.80,33.90,33.55,33.80,0.55,187,8221079
107/02/08,97541,33.80,34.00,33.65,33.70,0.10,68,3289382
107/02/09,286524,33.40,33.80,32.85,33.80,0.10,224,9515356
107/02/12,147379,33.80,34.00,33.70,33.90,0.10,140,4989491
107/02/21,106621,34.20,34.45,34.20,34.20,0.30,104,3651026
107/02/22,53266,34.20,34.20,34.00,34.10,0.10,56,1814995
107/02/23,139057,34.10,34.25,34.00,34.15,0.05,114,4745791
107/02/26,186855,34.45,34.50,34.25,34.45,0.30,128,6426997
107/02/27,90850,34.50,34.55,34.35,34.45,,74,3130621
107/03/01,306853,34.45,35.60,34.35,34.80,0.35,205,10705665
107/03/02,197378,34.80,35.20,34.70,34.90,0.10,136,6895587
107/03/05,109752,34.90,34.90,34.50,34.55,0.35,103,3806360
107/03/06,142746,34.55,34.80,34.20,34.45,0.10,112,4913686
107/03/07,80240,34.45,34.80,34.45,34.60,0.15,63,2780252
107/03/08,87707,34.60,34.80,34.60,34.75,0.15,77,3048960
107/03/09,334364,34.75,35.30,34.75,35.00,0.25,205,11739743
107/03/12,246616,35.20,35.45,35.05,35.05,0.05,167,8690829
107/03/13,182112,35.30,35.35,35.15,35.25,0.20,123,6416320
107/03/14,483430,35.35,35.40,35.05,35.25,,119,17038360
107/03/15,95517,35.25,35.35,35.10,35.10,0.15,82,3361813
107/03/16,52495,35.10,35.10,35.00,35.00,0.10,55,1839868
107/03/19,107803,35.00,35.00,34.80,34.85,0.15,79,3761182
107/03/20,74589,34.85,35.00,34.85,35.00,0.15,66,2607665
107/03/21,106939,35.00,35.10,34.90,34.90,0.10,79,3742169
107/03/22,135121,35.00,35.20,34.90,35.15,0.25,89,4741095
107/03/23,254539,34.90,35.20,34.50,34.80,0.35,191,8877165
107/03/26,84313,34.85,34.90,34.80,34.85,0.05,68,2938067
107/03/27,104536,35.00,35.30,35.00,35.00,0.15,90,3664110
107/03/28,213260,34.70,35.35,34.70,35.10,0.10,128,7496221
107/03/29,158867,35.20,35.20,34.95,34.95,0.15,88,5570745
107/03/30,179446,35.10,35.10,34.90,34.90,0.05,105,6278530
107/03/31,143509,34.90,35.05,34.80,34.90,,94,5011486
107/04/02,183289,34.90,34.95,34.80,34.90,,123,6390128
107/04/03,110659,34.85,35.00,34.80,34.90,,73,3864315
107/04/09,181135,34.90,35.00,34.75,34.75,0.15,127,6308807
107/04/10,104835,34.85,35.00,34.80,34.90,0.15,69,3658604
107/04/11,284018,34.90,35.05,34.80,34.80,0.10,158,9923570
107/04/12,231373,34.90,34.95,34.55,34.90,0.10,142,8025505
107/04/13,78661,34.90,35.00,34.85,34.90,,51,2746035
107/04/16,189906,35.00,35.10,34.80,34.80,0.10,148,6641699
107/04/17,85180,34.95,34.95,34.80,34.85,0.05,70,2967725
107/04/18,158343,34.85,35.00,34.70,34.85,,111,5515700
107/04/19,47859,34.95,34.95,34.85,34.90,0.05,52,1670565
107/04/20,158156,34.90,34.95,34.80,34.95,0.05,99,5518344
107/04/23,300258,34.95,35.20,34.95,35.20,0.25,153,10518987
107/04/24,193488,35.20,35.20,34.50,34.90,0.30,159,6737280
107/04/25,108959,34.70,34.90,34.55,34.90,,99,3779513
107/04/26,134372,34.75,34.80,34.70,34.70,0.20,101,4667790
107/04/27,85307,34.70,34.80,34.55,34.70,,55,2960096
107/04/30,195118,34.75,35.00,34.75,34.90,0.20,97,6795015
107/05/02,185667,34.85,35.15,34.85,34.95,0.05,131,6508752
107/05/03,415899,35.00,35.35,34.95,35.25,0.30,278,14655345
107/05/04,273718,35.30,35.30,35.00,35.20,0.05,153,9640016
107/05/07,442174,35.20,35.45,35.20,35.25,0.05,234,15616127
107/05/08,542525,35.25,36.00,35.25,35.60,0.35,317,19341234
107/05/09,441283,35.90,36.00,35.80,35.95,0.35,267,15863537
107/05/10,271094,35.95,36.00,35.60,35.65,0.30,170,9715295
107/05/11,184877,35.70,36.00,35.70,35.95,0.30,150,6634875
107/05/14,482747,36.10,36.50,35.95,36.30,0.35,300,17488182
107/05/15,362539,36.60,36.80,36.15,36.20,0.10,229,13210157
107/05/16,191251,36.30,36.60,36.20,36.25,0.05,148,6946478
107/05/17,134044,36.25,36.25,36.05,36.05,0.20,126,4841624
107/05/18,116359,36.05,36.20,36.05,36.10,0.05,85,4200672
107/05/21,375519,36.20,36.90,36.10,36.60,0.50,238,13750183
107/05/22,242757,36.85,36.95,36.65,36.85,0.25,163,8933749
107/05/23,613595,36.90,37.80,36.90,37.40,0.55,366,22920383
107/05/24,410524,37.65,37.95,37.50,37.90,0.50,291,15501637
107/05/25,359540,38.00,38.10,37.45,37.45,0.45,266,13548710
107/05/28,299917,37.45,38.00,37.45,37.85,0.40,223,11324547
107/05/29,415379,38.00,38.50,37.95,38.25,0.40,324,15888276
107/05/30,642201,38.30,39.50,38.00,38.95,0.70,497,24886944
107/05/31,459791,38.95,39.40,38.40,38.80,0.15,290,17867349
107/06/01,206075,38.80,38.80,38.35,38.55,0.25,166,7936662
107/06/04,214223,38.55,39.15,38.55,38.60,0.05,185,8330477
107/06/05,183634,38.70,39.00,38.50,38.55,0.05,155,7111930
107/06/06,273294,38.55,38.70,38.10,38.20,0.35,231,10479522
107/06/07,260019,38.20,38.45,38.05,38.40,0.20,207,9944768
107/06/08,127756,38.60,38.60,38.05,38.30,0.10,114,4882993
107/06/11,216907,38.30,38.45,37.60,38.30,,165,8229996
107/06/12,162988,38.40,38.50,37.95,37.95,0.35,125,6215444
107/06/13,124654,37.95,38.05,37.85,38.00,0.05,106,4725252
107/06/14,132317,38.00,38.40,38.00,38.30,0.30,122,5059635
107/06/15,100808,38.30,38.30,38.10,38.20,0.10,64,3850762
107/06/19,148034,38.20,38.20,38.00,38.00,0.20,116,5633042
107/06/20,159285,38.00,38.00,37.60,37.90,0.10,128,6018822
107/06/21,97522,37.85,37.95,37.70,37.70,0.20,91,3689077
107/06/22,132350,37.70,37.95,37.50,37.65,0.05,99,4982693
107/06/25,70701,37.75,37.80,37.65,37.65,,66,2665288
107/06/26,228268,37.65,37.65,36.80,37.25,0.40,182,8465923
107/06/27,84028,37.25,37.40,37.20,37.25,,71,3135444
107/06/28,142811,37.10,37.10,36.75,36.95,0.30,115,5280043
107/06/29,70593,37.00,37.10,36.90,37.10,0.15,74,2611441
107/07/02,115090,37.10,37.10,36.85,36.90,0.20,89,4251912
107/07/03,127447,36.90,37.00,36.70,36.90,,104,4701135
107/07/04,447761,36.80,36.80,36.05,36.15,0.75,305,16279163
107/07/05,72192,36.15,36.40,36.05,36.20,0.05,60,2611105
107/07/06,161848,36.20,36.50,36.05,36.10,0.10,121,5853650
107/07/09,163317,36.20,36.90,36.10,36.55,0.45,134,5961398
107/07/10,160935,36.65,37.10,36.40,37.00,0.45,130,5934845
107/07/11,50578,37.00,37.30,36.85,37.15,0.15,56,1874498
107/07/12,143706,37.25,37.60,37.25,37.50,0.35,109,5387371
107/07/13,138092,37.70,37.95,37.60,37.75,0.25,116,5208530
107/07/16,142373,37.80,38.20,37.55,37.75,,105,5382396
107/07/17,157513,37.65,38.25,37.65,37.80,0.05,114,5981586
107/07/18,180452,38.30,38.30,37.75,38.05,0.25,127,6852440
107/07/19,224934,38.20,38.50,38.20,38.20,0.15,154,8614371
107/07/20,158808,38.50,38.50,37.60,37.70,0.50,134,6010504
107/07/23,278710,37.70,38.50,37.70,37.80,0.10,191,10583280
107/07/24,123700,38.00,38.00,37.70,37.95,0.15,109,4683400
107/07/25,203730,38.00,38.00,37.50,37.70,0.25,157,7683700
107/07/26,174145,37.80,38.30,37.80,37.95,0.25,130,6635375
107/07/27,179439,38.00,38.40,38.00,38.10,0.15,141,6857970
107/07/30,119216,38.10,38.40,38.10,38.20,0.10,103,4559894
107/07/31,138674,38.20,38.40,38.20,38.30,0.10,103,5308358
107/08/01,139721,38.40,38.40,38.30,38.35,0.05,107,5357335
107/08/02,175337,38.35,38.50,38.15,38.30,0.05,159,6715599
107/08/03,246716,38.40,38.50,38.20,38.45,0.15,170,9462561
107/08/06,342242,38.55,39.10,38.55,38.90,0.45,271,13308802
107/08/07,273515,39.30,39.30,38.70,38.95,0.05,189,10660172
107/08/08,203254,39.00,39.10,38.65,38.85,0.10,157,7886673
107/08/09,185583,38.85,39.00,38.50,38.80,0.05,142,7175622
107/08/10,127931,38.85,38.95,38.70,38.95,0.15,111,4971404
107/08/13,499891,38.90,39.00,37.85,38.00,0.95,392,19137299
107/08/14,344638,38.10,38.50,37.30,38.05,0.05,241,13051217
107/08/15,244009,38.20,38.20,37.65,37.85,0.20,161,9237341
107/08/16,164585,37.85,38.15,37.75,38.10,0.25,122,6256723
107/08/17,178972,38.25,38.35,38.00,38.10,,148,6838220
107/08/20,245084,38.05,38.40,38.05,38.30,0.20,175,9375009
107/08/21,305945,38.30,38.45,38.20,38.40,0.10,220,11728281
107/08/22,258518,38.35,38.45,38.20,38.25,0.15,179,9902837
107/08/23,266183,38.15,38.35,38.15,38.25,,158,10193319
107/08/24,674771,38.30,38.35,38.00,38.20,0.05,405,25801896
107/08/27,782687,35.90,36.55,35.85,36.45,X,427,28295654
107/08/28,259982,36.60,36.80,36.30,36.70,0.25,202,9502377
107/08/29,65540,36.70,36.75,36.60,36.70,,60,2404725
107/08/30,263164,36.70,36.70,36.20,36.45,0.25,150,9584895
107/08/31,61497,36.45,36.50,36.40,36.45,,55,2241436
107/09/03,197186,36.45,36.45,36.00,36.15,0.30,167,7134145
107/09/04,40910,36.15,36.20,36.10,36.15,,43,1479179
107/09/05,103651,36.15,36.20,36.00,36.20,0.05,78,3741159
107/09/06,135577,36.20,36.45,36.15,36.20,,88,4921179
107/09/07,135088,36.30,36.35,36.05,36.15,0.05,117,4889683
107/09/10,252993,36.05,36.05,35.65,35.70,0.45,204,9075991
107/09/11,106013,35.70,35.80,35.55,35.80,0.10,85,3781214
107/09/12,111366,35.75,35.75,35.60,35.70,0.10,90,3972736
107/09/13,90582,35.75,36.30,35.70,36.20,0.50,89,3262695
107/09/14,114396,36.30,36.50,36.20,36.50,0.30,95,4161019
107/09/17,109103,36.50,36.50,36.00,36.20,0.30,77,3947836
107/09/18,48112,36.20,36.20,36.05,36.05,0.15,48,1736090
107/09/19,106959,36.00,36.65,36.00,36.25,0.20,101,3892352
107/09/20,89625,36.45,36.45,35.95,36.00,0.25,85,3237385
107/09/21,118898,36.05,36.30,35.95,36.20,0.20,110,4292742
107/09/25,62967,36.15,36.15,36.00,36.10,0.10,59,2271049
107/09/26,143328,36.05,36.20,35.95,36.10,,85,5171901
107/09/27,31300,36.25,36.25,36.00,36.25,0.15,32,1132389
107/09/28,74323,36.20,36.25,36.10,36.20,0.05,145,2688338
107/10/01,177012,36.20,36.20,36.00,36.05,0.15,195,6387119
107/10/02,69180,36.20,36.20,36.05,36.15,0.10,74,2496896
107/10/03,60608,36.15,36.15,36.00,36.15,,66,2185632
107/10/04,164117,36.15,36.15,35.75,35.80,0.35,134,5894362
107/10/05,212368,35.75,35.75,35.40,35.55,0.25,173,7548668
107/10/08,91142,35.40,35.45,35.20,35.25,0.30,92,3221745
107/10/09,115908,35.40,35.50,35.25,35.25,,100,4099779
107/10/11,478909,35.35,35.35,33.95,34.05,1.20,384,16394966
107/10/12,232646,34.00,35.20,33.60,34.75,0.70,182,7921386
107/10/15,204805,34.75,34.75,34.00,34.40,0.35,142,7032804
107/10/16,121676,34.40,34.50,33.95,34.00,0.40,104,4158647
107/10/17,141062,34.05,34.40,34.05,34.20,0.20,110,4836874
107/10/18,65230,34.30,34.40,34.15,34.25,0.05,60,2234110
107/10/19,126491,34.20,34.20,33.80,33.85,0.40,101,4295416
107/10/22,63247,33.70,34.00,33.70,33.90,0.05,68,2142718
107/10/23,69475,33.90,34.00,33.75,33.80,0.10,63,2352036
107/10/24,132564,33.80,33.80,33.40,33.55,0.25,116,4442024
107/10/25,303918,33.40,33.40,32.30,32.40,1.15,239,9982652
107/10/26,253269,32.50,32.70,32.00,32.20,0.20,200,8183338
107/10/29,240379,32.00,32.20,31.70,32.05,0.15,130,7671148
107/10/30,156205,32.00,32.40,32.00,32.20,0.15,139,5011173
107/10/31,96493,32.45,32.65,32.40,32.65,0.45,75,3136618
107/11/01,159265,32.70,33.90,32.70,33.10,0.45,92,5291025
107/11/02,76572,33.30,33.30,33.10,33.15,0.05,49,2541375
107/11/08,100969,33.85,34.15,33.85,34.00,0.30,70,3433340
107/11/09,121011,34.10,34.20,33.90,34.00,,70,4116526
107/11/12,38959,34.00,34.10,33.95,34.05,0.05,50,1324540
107/11/16,95641,35.40,35.45,35.15,35.45,0.05,95,3382268
107/11/19,90802,35.00,35.80,35.00,35.50,0.05,79,3228468
107/11/20,45766,35.40,35.40,35.05,35.20,0.30,50,1611300
107/11/21,56961,35.00,35.20,35.00,35.05,0.15,44,1999528
107/11/22,40518,35.05,35.10,35.00,35.00,0.05,55,1419980
107/11/23,67430,34.95,35.70,34.95,35.15,0.15,62,2374404
107/11/26,117887,35.20,35.75,35.05,35.60,0.45,88,4191123
107/11/27,53867,35.80,35.80,35.50,35.55,0.05,57,1919766
107/11/28,58602,35.60,35.80,35.60,35.80,0.25,62,2091217
107/11/29,46590,35.95,35.95,35.70,35.75,0.05,59,1667586
107/11/30,49249,35.75,35.80,35.70,35.70,0.05,62,1759228
107/12/03,149280,35.70,36.30,35.70,36.00,0.30,128,5376780
107/12/04,63989,36.00,36.25,36.00,36.00,,70,2313804
107/12/05,80963,35.80,36.50,35.80,36.50,0.50,85,2933208
107/12/06,154476,36.50,36.70,36.00,36.05,0.45,129,5602952
107/12/07,68645,36.05,36.50,36.05,36.30,0.25,77,2495770
107/12/10,199360,36.30,36.80,36.30,36.80,0.50,156,7289222
107/12/11,233358,36.90,37.50,36.90,37.15,0.35,205,8682833
107/12/12,160873,37.25,37.50,36.90,37.00,0.15,146,5992351
107/12/13,135008,36.50,37.50,36.50,37.30,0.30,146,5013335
107/12/14,79810,37.30,37.30,36.90,37.05,0.25,84,2958421
107/12/17,129232,37.00,37.10,36.50,36.85,0.20,114,4768942
107/12/18,102252,37.15,37.20,36.70,37.10,0.25,92,3778630
107/12/19,43683,37.10,37.10,36.85,36.85,0.25,60,1614008
107/12/20,87726,36.75,37.00,36.70,36.95,0.10,100,3237980
107/12/21,127688,36.55,37.00,36.55,37.00,0.05,75,4704775
107/12/22,31501,36.70,36.95,36.70,36.75,0.25,36,1159356
107/12/24,111712,36.70,36.70,36.10,36.25,0.50,103,4051734
107/12/25,128717,36.05,36.60,35.75,36.05,0.20,119,4644940
107/12/26,125579,36.20,36.65,36.00,36.00,0.05,98,4561244
107/12/27,77662,36.30,36.55,36.30,36.50,0.50,72,2835041
107/12/28,80403,36.50,36.80,36.30,36.70,0.20,61,2937265
108/01/02,138019,36.80,37.20,36.75,37.10,0.40,141,5100592
108/01/03,143153,37.10,37.30,36.95,37.10,,101,5305361
108/01/04,111380,36.80,37.00,36.65,36.90,0.20,109,4107866
108/01/07,201145,37.00,37.60,37.00,37.15,0.25,141,7505268
108/01/08,123141,37.15,37.45,37.15,37.35,0.20,82,4590848
108/01/09,228223,37.45,37.50,37.20,37.50,0.15,137,8546972
108/01/10,252994,37.60,37.95,37.50,37.85,0.35,222,9543564
108/01/11,624948,37.75,38.80,37.75,38.70,0.85,440,24024240
108/01/14,371568,38.70,39.30,38.70,38.90,0.20,287,14491891
108/01/15,124482,38.90,39.00,38.50,38.75,0.15,115,4825721
108/01/16,160056,38.55,38.55,38.00,38.15,0.60,185,6112819
108/01/17,303371,38.15,38.90,38.15,38.50,0.35,178,11742304
108/01/18,188899,38.50,38.95,38.50,38.90,0.40,167,7326529
108/01/21,382907,39.00,39.30,39.00,39.10,0.20,273,15006473
108/01/22,289817,39.15,39.60,38.85,39.40,0.30,244,11391332
108/01/23,73040,39.40,39.40,39.00,39.00,0.40,84,2857460
108/01/28,120345,38.80,38.80,38.40,38.45,0.35,129,4630091
108/01/29,85382,38.50,38.50,38.30,38.40,0.05,102,3275411
108/01/30,96643,38.50,38.50,38.35,38.50,0.10,96,3715965
108/02/11,167592,38.55,38.95,38.55,38.55,0.05,125,6472805
108/02/12,112664,38.60,38.70,38.45,38.55,,97,4344724
108/02/13,252826,38.80,39.00,38.60,38.80,0.25,172,9832625
108/02/14,117107,39.00,39.10,38.75,38.80,,104,4558945
108/02/15,266605,39.05,39.50,38.95,39.05,0.25,192,10449517
108/02/18,591024,39.15,40.00,39.10,39.90,0.85,386,23411683
108/02/19,314402,40.00,40.60,39.95,39.95,0.05,226,12658178
108/02/20,244543,39.95,40.30,39.90,40.05,0.10,249,9795270
108/02/21,220195,40.00,40.35,39.85,40.10,0.05,182,8833150
108/02/22,394073,40.10,40.95,40.00,40.70,0.60,309,15966548
108/02/25,585235,40.70,42.00,40.70,41.85,1.15,496,24258385
108/02/26,303502,42.00,42.00,40.85,41.00,0.85,278,12466066
108/02/27,233540,41.00,41.00,40.50,40.65,0.35,187,9491438
108/03/04,383474,40.90,41.80,40.90,41.55,0.90,263,15861438
108/03/05,232711,41.35,42.15,41.35,41.90,0.35,193,9719693
108/03/06,203349,41.90,42.10,41.80,41.80,0.10,166,8527909
108/03/07,186017,41.50,41.50,40.95,40.95,0.85,188,7641079
108/03/08,358427,40.95,40.95,39.80,40.80,0.15,262,14434305
108/03/11,114978,40.80,40.80,40.25,40.25,0.55,127,4651350
108/03/12,135280,40.35,40.65,40.35,40.55,0.30,105,5467934
108/03/13,156732,41.00,41.10,40.20,40.55,,164,6355743
108/03/14,144453,40.50,40.50,40.15,40.20,0.35,146,5823497
108/03/15,343004,40.00,40.10,39.55,40.00,0.20,285,13663510
108/03/18,67182,40.10,40.45,40.10,40.30,0.30,87,2707926
108/03/19,123287,40.30,41.00,40.15,40.80,0.50,131,5006597
108/03/20,77008,40.80,40.80,40.70,40.70,0.10,84,3139122
108/03/21,85527,40.70,40.70,40.35,40.40,0.30,83,3463383
108/03/22,145566,40.40,40.55,40.05,40.05,0.35,125,5864305
108/03/25,401918,40.25,41.80,40.25,41.75,1.70,348,16582086
108/03/26,856609,41.80,44.40,41.80,43.15,1.40,680,37042150
108/03/27,304650,43.15,43.15,42.45,42.75,0.40,247,13012826
108/03/28,371818,42.75,43.90,42.50,43.35,0.60,287,16014795
108/03/29,195894,43.70,43.75,43.25,43.35,,215,8499455
108/04/01,449249,43.60,44.75,43.60,44.20,0.85,385,19872409
108/04/02,332351,44.45,44.95,43.80,44.15,0.05,255,14755444
108/04/03,178563,44.05,44.35,44.05,44.20,0.05,189,7890922
108/04/08,664169,44.20,45.90,44.20,45.30,1.10,586,29993493
108/04/09,376805,45.45,46.90,45.45,45.85,0.55,330,17368767
108/04/10,335458,46.00,46.50,45.55,45.80,0.05,330,15396560
108/04/11,627655,45.50,45.80,44.05,44.20,1.60,516,27993587
108/04/12,184826,44.20,44.65,44.05,44.35,0.15,176,8183173
108/04/15,301972,44.35,45.40,44.35,45.00,0.65,255,13557240
108/04/16,117344,45.00,45.00,44.60,44.60,0.40,128,5257833
108/04/17,284587,44.85,44.85,44.00,44.70,0.10,212,12620521
108/04/18,145255,44.40,44.40,44.20,44.30,0.40,161,6433785
108/04/19,118890,44.10,44.40,44.10,44.40,0.10,122,5258158
108/04/22,48866,44.75,44.75,44.30,44.45,0.05,55,2172987
108/04/23,135464,44.50,45.00,44.35,45.00,0.55,126,6048530
108/04/24,217955,45.45,45.50,45.30,45.50,0.50,223,9895746
108/04/25,178155,45.50,46.00,45.40,45.80,0.30,183,8167733
108/04/26,94957,45.20,45.60,45.00,45.20,0.60,126,4300542
108/04/29,116475,45.20,45.40,44.95,45.40,0.20,123,5256163
108/04/30,84539,45.40,45.80,45.10,45.80,0.40,111,3838270
108/05/02,216822,45.80,46.00,45.60,46.00,0.20,138,9934962
108/05/03,331324,46.00,46.20,45.60,45.80,0.20,206,15202028
108/05/06,350751,45.50,45.50,44.65,44.65,1.15,272,15762848
108/05/07,107594,44.70,44.95,44.70,44.90,0.25,114,4823953
108/05/08,95231,44.70,45.00,44.60,45.00,0.10,102,4268545
108/05/09,262029,45.50,45.60,44.90,45.30,0.30,232,11857899
108/05/10,260721,45.75,45.85,45.00,45.20,0.10,191,11859907
108/05/13,525743,45.40,46.80,45.40,46.40,1.20,396,24205664
108/05/14,2042295,44.70,44.70,42.95,43.90,2.50,1395,88664430
108/05/15,378246,43.75,43.75,43.05,43.45,0.45,285,16390192
108/05/16,262388,43.35,43.40,43.05,43.15,0.30,233,11351991
108/05/17,259014,43.15,43.70,43.15,43.50,0.35,185,11253104
108/05/20,241784,43.50,43.75,43.05,43.35,0.15,205,10480799
108/05/21,181247,43.40,44.20,43.40,44.05,0.70,161,7944852
108/05/22,107091,44.30,44.30,43.85,43.85,0.20,108,4716504
108/05/23,131011,43.85,44.50,43.50,44.00,0.15,133,5757880
108/05/24,164770,44.00,44.30,44.00,44.25,0.25,132,7287804
108/05/27,194712,44.25,44.60,44.00,44.50,0.25,168,8629147
108/05/28,254061,44.50,45.20,44.50,45.00,0.50,227,11408571
108/05/29,289735,45.05,45.70,45.05,45.70,0.70,264,13178786
108/05/30,191392,45.75,45.75,45.20,45.65,0.05,186,8692536
108/05/31,98660,45.65,45.65,45.25,45.30,0.35,114,4484990
108/06/03,280515,44.50,45.25,43.30,44.85,0.45,239,12463175
108/06/04,101534,44.85,45.20,44.80,44.95,0.10,100,4561592
108/06/05,78363,45.00,45.00,44.50,44.50,0.45,93,3499150
108/06/06,174372,44.50,44.50,44.00,44.05,0.45,140,7696282
108/06/10,103231,44.10,44.65,44.10,44.60,0.55,114,4590464
108/06/11,90258,44.70,44.70,44.50,44.55,0.05,72,4027644
108/06/12,94099,44.50,44.55,44.15,44.15,0.40,94,4172042
108/06/13,127359,44.10,44.20,43.95,44.20,0.05,121,5612410
108/06/14,55559,44.15,44.30,44.05,44.10,0.10,46,2453167
108/06/17,76038,44.00,44.50,43.95,44.50,0.40,75,3358389
108/06/18,90009,44.35,44.70,44.25,44.65,0.15,78,3993699
108/06/19,233540,44.75,44.75,44.35,44.40,0.25,193,10392677
108/06/20,181291,44.85,44.90,44.60,44.85,0.45,130,8125205
108/06/21,327822,44.80,45.75,44.65,45.60,0.75,233,14881925
108/06/24,152972,45.60,45.70,45.35,45.65,0.05,130,6967612
108/06/25,895775,45.50,47.15,45.40,47.10,1.45,680,41785175
108/06/26,677078,47.50,47.50,46.20,46.40,0.70,556,31639964
108/06/27,128877,46.40,46.40,46.15,46.20,0.20,150,5958442
108/06/28,298958,46.00,46.70,45.50,46.60,0.40,267,13772487
108/07/01,254234,46.55,47.05,45.95,46.75,0.15,238,11819077
108/07/02,180694,46.75,46.85,46.40,46.85,0.10,177,8432957
108/07/03,207830,46.85,47.10,46.45,47.00,0.15,202,9753270
108/07/04,229467,47.10,47.30,46.70,46.70,0.30,198,10773425
108/07/05,56867,46.70,46.85,46.70,46.75,0.05,72,2658520
108/07/08,147624,46.80,46.80,46.15,46.40,0.35,115,6853275
108/07/09,278620,46.40,47.15,46.40,47.15,0.75,276,13055590
108/07/10,304012,47.20,47.85,47.00,47.65,0.50,282,14410909
108/07/11,109020,47.60,47.65,47.20,47.35,0.30,124,5165281
108/07/12,201117,47.45,47.70,47.30,47.35,,132,9556533
108/07/15,113500,47.35,47.70,47.15,47.25,0.10,108,5371441
108/07/16,98950,47.05,47.10,46.80,47.00,0.25,106,4649794
108/07/17,103010,47.00,47.00,46.75,46.80,0.20,110,4826066
108/07/18,158402,46.75,46.75,46.30,46.65,0.15,133,7361868
108/07/19,107298,46.55,47.00,46.50,46.90,0.25,105,5021068
108/07/22,52247,46.50,46.95,46.50,46.95,0.05,68,2442809
108/07/23,127094,46.95,46.95,46.55,46.55,0.40,117,5932394
108/07/24,151565,46.55,46.60,46.40,46.55,,101,7050239
108/07/25,161700,46.40,46.60,46.30,46.35,0.20,124,7507566
108/07/26,133899,46.35,46.50,46.10,46.20,0.15,117,6198249
108/07/29,214982,46.20,47.00,46.20,47.00,0.80,194,10050093
108/07/30,103840,47.00,47.00,46.45,46.50,0.50,86,4845033
108/07/31,93711,46.30,46.65,46.30,46.40,0.10,99,4355957
108/08/01,168674,46.25,46.30,46.00,46.10,0.30,125,7777002
108/08/02,119205,45.80,46.05,45.60,45.85,0.25,124,5463052
108/08/05,178724,45.80,46.10,45.50,45.50,0.35,150,8175130
108/08/06,231941,44.90,45.10,44.50,44.95,0.55,197,10391781
108/08/07,83153,45.10,45.55,45.10,45.10,0.15,75,3768115
108/08/08,64140,45.20,46.10,45.20,45.80,0.70,67,2926171
108/08/12,274378,45.90,45.90,44.90,44.90,0.90,238,12409466
108/08/13,669643,44.85,44.85,43.40,43.75,1.15,474,29432529
108/08/14,230985,43.75,44.25,43.65,43.80,0.05,173,10152690
108/08/15,275712,43.50,44.35,43.00,43.80,,219,12079008
108/08/16,496091,43.50,44.15,42.95,44.05,0.25,319,21506305
108/08/19,173192,44.20,44.70,44.20,44.50,0.45,152,7698715
108/08/20,192727,44.60,45.05,44.60,45.05,0.55,152,8651546
108/08/21,289086,45.05,45.85,44.85,45.70,0.65,221,13158076
108/08/22,125616,45.70,45.90,45.55,45.55,0.15,118,5740498
108/08/23,165438,45.65,45.65,45.10,45.10,0.45,136,7494308
108/08/26,253342,44.95,45.20,44.70,45.15,0.05,177,11387958
108/08/27,313395,45.15,45.90,45.15,45.50,0.35,233,14273972
108/08/28,500485,45.50,46.00,45.50,46.00,0.50,365,22937210
108/08/29,701053,42.50,43.40,42.40,43.35,X,465,30015598
108/08/30,301273,43.45,44.00,43.40,43.75,0.40,212,13172403
108/09/02,299234,43.95,43.95,43.35,43.35,0.40,160,13044872
108/09/03,102523,43.35,43.55,43.35,43.35,,77,4454412
108/09/04,94500,43.55,43.55,43.30,43.40,0.05,79,4098549
108/09/05,100377,43.70,43.70,43.15,43.15,0.25,97,4351421
108/09/06,215474,43.30,43.30,42.70,42.80,0.35,190,9248398
108/09/09,225113,42.80,43.00,42.65,42.65,0.15,151,9638614
108/09/10,202841,42.80,42.85,42.35,42.55,0.10,153,8636113
108/09/11,155861,42.55,42.75,42.50,42.60,0.05,137,6638944
108/09/12,145009,42.60,43.15,42.60,42.85,0.25,124,6221409
108/09/16,205266,42.90,42.90,42.45,42.50,0.35,182,8753223
108/09/17,143098,42.50,42.80,42.50,42.50,,124,6091891
108/09/18,242413,42.50,42.95,42.50,42.60,0.10,216,10346768
108/09/19,175119,42.60,42.60,42.35,42.35,0.25,138,7436840
108/09/20,184150,42.50,42.75,42.35,42.50,0.15,130,7843590
108/09/23,157629,42.85,42.85,42.50,42.50,,131,6716370
108/09/24,145722,42.55,42.70,42.45,42.50,,110,6194411
108/09/25,291458,42.70,42.70,42.10,42.15,0.35,225,12319964
108/09/26,336053,42.15,42.30,41.75,41.75,0.40,269,14098635
108/09/27,290598,41.75,41.75,41.05,41.20,0.55,256,12005991
108/10/01,175658,41.50,41.75,41.35,41.50,0.30,127,7307466
108/10/02,148948,41.50,42.40,41.50,42.40,0.90,109,6286730
108/10/03,181716,42.40,42.50,41.80,42.15,0.25,129,7679678
108/10/04,135524,42.15,42.35,42.10,42.15,,170,5716208
108/10/07,206306,42.25,42.40,42.10,42.10,0.05,201,8696045
108/10/08,222871,42.10,42.10,41.80,41.80,0.30,215,9334682
108/10/09,220096,41.90,41.90,41.50,41.50,0.30,189,9168503
108/10/14,938625,41.30,41.50,40.40,40.80,0.70,648,38185225
108/10/15,496703,40.80,40.85,40.15,40.20,0.60,416,20042738
108/10/16,492277,40.20,40.90,40.10,40.30,0.10,400,19885712
108/10/17,195482,40.40,40.40,40.05,40.20,0.10,178,7861137
108/10/18,299116,40.20,40.30,40.00,40.10,0.10,224,11997880
108/10/21,618093,40.10,40.80,40.00,40.45,0.35,433,24890070
108/10/22,424126,40.45,40.85,40.40,40.65,0.20,281,17214134
108/10/23,392019,40.65,40.90,40.40,40.50,0.15,289,15933162
108/10/24,299137,40.50,40.95,40.50,40.90,0.40,233,12198767
108/10/25,220910,41.10,41.40,41.00,41.30,0.40,194,9106361
108/10/28,443626,41.40,41.95,41.40,41.85,0.55,350,18491316
108/10/29,277550,41.95,42.05,41.60,41.70,0.15,239,11626431
108/10/30,155459,41.70,41.70,41.40,41.55,0.15,128,6465376
108/10/31,135996,41.55,41.80,41.55,41.60,0.05,100,5664176
108/11/01,158513,41.60,41.60,41.30,41.35,0.25,132,6561787
108/11/04,295232,41.35,41.40,41.00,41.15,0.20,252,12153373
108/11/05,233501,41.35,41.35,41.00,41.10,0.05,194,9613885
108/11/06,197369,41.10,41.15,40.95,41.00,0.10,162,8105553
108/11/07,154528,41.10,41.20,41.00,41.00,,131,6344798
108/11/08,181085,41.15,41.15,40.80,41.00,,136,7425188
108/11/11,95901,41.00,41.20,41.00,41.10,0.10,101,3942016
108/11/12,561721,41.10,41.10,40.30,40.55,0.55,488,22789970
108/11/13,431432,40.55,40.55,40.30,40.30,0.25,388,17411492
108/11/14,226251,40.30,40.60,40.30,40.35,0.05,190,9145036
108/11/15,143381,40.35,40.50,40.30,40.45,0.10,138,5793514
108/11/18,367847,40.35,40.50,40.00,40.50,0.05,263,14807528
108/11/19,116013,40.50,40.75,40.45,40.70,0.20,108,4709227
108/11/20,147790,40.70,40.70,40.55,40.60,0.10,113,6003939
108/11/21,144315,40.65,40.65,40.50,40.50,0.10,130,5847746
108/11/22,119254,40.55,40.70,40.55,40.65,0.15,99,4845271
108/11/25,118456,40.75,40.75,40.60,40.60,0.05,116,4814946
108/11/26,73319,40.65,40.80,40.65,40.70,0.10,81,2985690
108/11/27,122101,40.55,40.70,40.55,40.55,0.15,110,4957506
108/11/28,106093,40.70,40.75,40.60,40.65,0.10,83,4315740
108/11/29,151999,40.65,40.65,40.55,40.55,0.10,140,6169251
108/12/02,121721,40.65,40.65,40.50,40.50,0.05,106,4933756
108/12/03,81576,40.50,40.60,40.45,40.50,,84,3305332
108/12/04,153512,40.60,40.75,40.50,40.70,0.20,116,6242858
108/12/05,365615,40.75,41.45,40.75,41.25,0.55,291,15084621
108/12/06,201830,41.25,41.50,41.25,41.45,0.20,191,8352941
108/12/09,282018,41.55,41.90,41.55,41.70,0.25,227,11788746
108/12/10,226186,41.80,41.80,41.50,41.55,0.15,157,9411048
108/12/11,191913,41.55,41.85,41.55,41.70,0.15,162,8011252
108/12/12,157829,41.70,41.75,41.45,41.50,0.20,132,6558906
108/12/13,167029,41.50,41.60,41.40,41.40,0.10,154,6930195
108/12/16,133414,41.45,41.65,41.45,41.55,0.15,142,5546605
108/12/17,256670,41.55,41.60,41.50,41.50,0.05,197,10662712
108/12/18,236004,41.50,41.90,41.45,41.80,0.30,222,9829006
108/12/19,249808,41.80,42.00,41.70,41.75,0.05,201,10449201
108/12/20,163132,41.75,41.80,41.65,41.75,,133,6810832
108/12/23,150234,41.75,41.80,41.70,41.75,,133,6273260
108/12/24,112870,41.80,41.85,41.75,41.75,,94,4717844
108/12/25,144011,41.80,41.85,41.75,41.75,,110,6021856
108/12/26,94562,41.75,41.90,41.75,41.75,,72,3950516
108/12/27,117255,41.75,41.85,41.75,41.75,,119,4897750
108/12/30,141219,41.80,41.90,41.80,41.80,0.05,115,5911548
108/12/31,100315,41.80,41.85,41.80,41.85,0.05,100,4196072
109/01/02,164172,41.85,42.00,41.85,41.85,,144,6882674
109/01/03,155128,41.85,41.95,41.75,41.75,0.10,141,6489396
109/01/06,273667,41.80,41.80,41.25,41.25,0.50,249,11322489
109/01/07,198263,41.20,41.25,41.00,41.05,0.20,195,8140430
109/01/08,262492,41.05,41.05,40.75,40.75,0.30,236,10718088
109/01/09,109562,40.80,40.95,40.80,40.90,0.15,113,4478492
109/01/10,177304,41.05,41.25,40.90,41.15,0.25,155,7283535
109/01/13,211769,41.50,41.75,41.25,41.75,0.60,172,8823213
109/01/14,136853,41.80,41.90,41.75,41.75,,116,5723645
109/01/15,106236,41.80,41.85,41.60,41.65,0.10,108,4427749
109/01/16,217032,41.65,41.90,41.65,41.85,0.20,181,9080177
109/01/17,185918,41.85,41.95,41.85,41.90,0.05,147,7790256
109/01/20,216906,41.90,41.95,41.85,41.95,0.05,190,9092102
109/01/30,576362,40.50,41.60,40.50,40.75,1.20,506,23574357
109/01/31,291161,40.75,40.95,40.60,40.95,0.20,232,11886070
109/02/03,468170,40.70,40.70,40.20,40.45,0.50,350,18903232
109/02/04,157513,40.45,40.85,40.45,40.80,0.35,132,6414399
109/02/05,145137,40.95,40.95,40.55,40.80,,135,5913017
109/02/06,154729,40.90,41.25,40.90,41.05,0.25,142,6355732
109/02/07,156885,41.10,41.15,40.90,41.00,0.05,149,6435865
109/02/10,137941,41.00,41.30,40.65,40.95,0.05,127,5651181
109/02/11,98049,41.05,41.20,41.05,41.05,0.10,107,4030055
109/02/12,150882,41.05,41.10,41.00,41.05,,130,6194074
109/02/13,165145,41.10,41.15,41.00,41.15,0.10,128,6782058
109/02/14,98593,41.10,41.20,41.10,41.10,0.05,82,4055872
109/02/17,158692,41.30,41.30,41.00,41.15,0.05,142,6525340
109/02/18,185394,41.10,41.50,41.05,41.45,0.30,187,7650960
109/02/19,224133,41.65,41.70,41.50,41.50,0.05,187,9317727
109/02/20,159656,41.60,41.80,41.55,41.70,0.20,118,6652066
109/02/21,308120,41.70,41.95,41.70,41.80,0.10,195,12891524
109/02/24,274785,41.80,41.85,41.55,41.60,0.20,212,11456780
109/02/25,136050,41.40,41.50,41.10,41.40,0.20,111,5631122
109/02/26,98215,41.35,41.35,41.20,41.20,0.20,97,4049822
109/02/27,174197,41.25,41.25,41.00,41.10,0.10,151,7158962
109/03/02,664425,40.90,41.00,40.30,40.60,0.50,497,26910482
109/03/03,75145,40.75,41.05,40.75,40.90,0.30,86,3076395
109/03/04,93291,40.80,40.95,40.70,40.80,0.10,101,3806791
109/03/05,115700,40.80,41.10,40.80,40.90,0.10,86,4745872
109/03/06,138100,40.80,41.05,40.80,41.00,0.10,120,5646134
109/03/09,377522,41.00,41.00,40.20,40.20,0.80,354,15234190
109/03/10,516554,40.00,40.00,39.45,40.00,0.20,375,20486912
109/03/11,200860,40.10,40.40,40.00,40.00,,159,8048619
109/03/12,666764,40.00,40.00,38.45,38.60,1.40,574,25801499
109/03/13,1054045,35.30,36.50,34.75,36.40,2.20,813,37117196
109/03/16,440792,36.40,36.40,35.50,35.50,0.90,350,15788152
109/03/17,470998,33.50,35.00,33.45,34.10,1.40,366,16088264
109/03/18,369641,34.20,34.30,34.05,34.05,0.05,279,12625812
109/03/19,970887,33.90,33.90,31.10,32.20,1.85,742,31161969
109/03/20,745396,33.05,35.20,33.05,35.10,2.90,600,25917781
109/03/23,440164,35.00,35.50,33.80,35.30,0.20,334,15409021
109/03/24,425513,36.00,36.10,35.65,35.90,0.60,299,15267265
109/03/25,674354,36.60,38.15,36.50,36.90,1.00,511,25067741
109/03/26,298924,37.30,37.35,36.20,37.25,0.35,233,11048901
109/03/27,636836,37.40,38.00,37.40,37.65,0.40,389,24052042
109/03/30,405907,37.40,38.45,36.60,38.00,0.35,304,15269896
109/03/31,621359,38.40,39.40,38.40,39.05,1.05,443,24201854
109/04/01,426587,39.50,39.50,38.60,38.90,0.15,316,16603724
109/04/06,375896,39.00,39.00,37.60,38.85,0.05,270,14509770
109/04/07,282775,39.00,39.45,38.95,39.10,0.25,242,11047463
109/04/08,262863,39.20,39.35,39.10,39.15,0.05,185,10305910
109/04/09,659150,39.25,39.35,38.75,38.75,0.40,307,25719073
109/04/10,217904,38.85,39.20,38.85,38.95,0.20,158,8507806
109/04/13,310699,39.05,39.85,38.95,39.70,0.75,268,12255589
109/04/14,339856,39.45,40.25,39.45,40.25,0.55,277,13579625
109/04/15,367533,40.25,41.05,40.25,40.95,0.70,336,15003653
109/04/16,227494,40.80,40.95,40.35,40.70,0.25,204,9256873
109/04/17,410466,40.90,41.10,40.35,40.55,0.15,327,16710083
109/04/20,248712,40.55,40.95,40.55,40.80,0.25,210,10145158
109/04/21,462618,40.80,40.80,39.35,39.70,1.10,401,18489190
109/04/22,178267,39.50,40.10,39.05,40.10,0.40,160,7069061
109/04/23,120889,40.80,40.80,40.15,40.30,0.20,106,4878850
109/04/24,149795,40.45,40.80,40.30,40.55,0.25,134,6068262
109/04/27,290834,40.80,41.00,40.45,41.00,0.45,233,11848944
109/04/28,253622,41.00,41.05,40.75,40.90,0.10,180,10377070
109/04/29,383939,41.15,41.25,40.90,41.15,0.25,294,15790831
109/04/30,334897,41.50,41.50,41.00,41.25,0.10,274,13812593
109/05/04,256600,41.20,41.20,40.60,40.90,0.35,220,10507456
109/05/05,230009,40.85,41.40,40.85,41.35,0.45,184,9478770
109/05/06,299990,41.35,41.50,41.20,41.50,0.15,234,12425429
109/05/07,246265,41.60,41.80,41.20,41.70,0.20,205,10235917
109/05/08,364602,41.70,42.00,41.65,41.85,0.15,241,15221893
109/05/11,245441,41.90,42.00,41.85,41.85,,211,10282172
109/05/12,299374,41.95,41.95,41.40,41.50,0.35,216,12443458
109/05/13,174460,41.50,41.55,41.05,41.40,0.10,145,7203605
109/05/14,243911,41.40,41.40,41.10,41.20,0.20,159,10053354
109/05/15,256927,41.20,41.40,40.70,41.05,0.15,184,10550765
109/05/18,223047,41.10,41.30,40.90,41.00,0.05,210,9162092
109/05/19,227396,41.50,41.70,41.30,41.40,0.40,168,9431919
109/05/20,119382,41.40,41.50,41.35,41.50,0.10,98,4948884
109/05/21,202995,41.50,41.70,41.45,41.65,0.15,176,8446722
109/05/22,193620,41.65,41.70,41.40,41.50,0.15,140,8051350
109/05/25,111929,41.50,41.65,41.05,41.50,,96,4635437
109/05/26,297598,41.50,41.95,41.50,41.85,0.35,200,12440695
109/05/27,140916,41.85,42.00,41.75,41.90,0.05,108,5907074
109/05/28,276952,42.00,42.00,41.35,41.70,0.20,163,11569346
109/05/29,78995,41.70,41.85,41.45,41.80,0.10,76,3289633
109/06/01,157934,41.80,41.95,41.65,41.80,,144,6611768
109/06/02,196961,41.80,42.00,41.80,41.95,0.15,133,8261362
109/06/03,376368,42.10,42.15,42.00,42.15,0.20,251,15842997
109/06/04,265312,42.20,42.20,42.00,42.10,0.05,173,11174861
109/06/05,266642,42.10,42.35,41.95,42.30,0.20,180,11253045
109/06/08,434394,42.70,42.75,42.40,42.70,0.40,320,18522812
109/06/09,251689,42.70,42.70,42.25,42.55,0.15,190,10692755
109/06/10,258570,42.65,42.90,42.45,42.75,0.20,189,11054940
109/06/11,429766,42.80,42.80,42.05,42.10,0.65,279,18181831
109/06/12,339492,41.00,42.10,41.00,42.10,,254,14116081
109/06/15,156549,42.15,42.30,42.05,42.10,,122,6600014
109/06/16,244048,42.00,42.50,42.00,42.20,0.10,178,10326470
109/06/17,141582,42.35,42.35,42.20,42.30,0.10,109,5983932
109/06/18,167956,42.30,42.50,42.30,42.40,0.10,145,7122928
109/06/19,213008,42.50,42.75,42.40,42.75,0.35,153,9074385
109/06/22,333603,42.80,43.00,42.70,42.85,0.10,269,14295326
109/06/23,393278,43.10,43.10,42.45,42.60,0.25,299,16808843
109/06/24,254483,42.75,42.90,42.60,42.90,0.30,182,10884263
109/06/29,496808,42.90,43.70,42.85,43.20,0.30,391,21471331
109/06/30,502708,43.95,44.00,43.60,43.75,0.55,371,22021509
109/07/01,253817,43.65,44.00,43.50,43.80,0.05,200,11119469
109/07/02,172226,43.95,43.95,43.65,43.80,,147,7543663
109/07/03,237242,43.80,43.90,43.75,43.85,0.05,176,10395848
109/07/06,388689,43.90,44.20,43.90,44.20,0.35,341,17149836
109/07/07,280500,44.50,44.60,43.80,43.90,0.30,249,12341559
109/07/08,235158,44.00,44.20,43.80,43.95,0.05,167,10345501
109/07/09,229350,44.00,44.10,43.95,44.00,0.05,199,10093450
109/07/10,296901,44.00,44.00,43.15,43.60,0.40,232,12927762
109/07/13,213187,43.80,44.00,43.75,44.00,0.40,194,9355728
109/07/14,131536,44.00,44.00,43.80,43.95,0.05,130,5777813
109/07/15,359131,44.00,44.40,43.95,44.40,0.45,268,15854264
109/07/16,1025374,45.00,46.50,45.00,45.30,0.90,734,46550576
109/07/17,656106,45.30,45.50,44.80,45.00,0.30,399,29551620
109/07/20,381914,44.55,45.20,44.55,45.20,0.20,288,17150350
109/07/21,588496,45.20,45.40,44.90,45.10,0.10,446,26531686
109/07/22,289273,45.15,45.45,45.05,45.15,0.05,228,13079179
109/07/23,509798,45.15,45.25,44.75,45.10,0.05,320,22919077
109/07/24,543080,45.10,45.35,44.80,44.90,0.20,410,24447678
109/07/27,977858,45.00,45.00,44.45,44.80,0.10,726,43655968
109/07/28,890976,41.20,41.20,40.20,41.05,X,692,36442801
109/07/29,496403,41.00,41.90,40.20,41.70,0.65,358,20479314
109/07/30,269689,41.75,42.10,41.55,42.05,0.35,208,11282919
109/07/31,220882,42.05,42.15,41.90,42.05,,188,9283082
109/08/03,333249,42.05,42.05,41.35,41.55,0.50,254,13846917
109/08/04,207087,41.55,42.10,41.55,41.70,0.15,156,8659504
109/08/05,330535,41.70,41.80,41.60,41.70,,175,13794585
109/08/06,219536,41.75,41.80,41.60,41.70,,178,9150252
109/08/07,213877,41.75,41.85,41.50,41.55,0.15,180,8894406
109/08/10,226086,41.60,41.65,41.50,41.65,0.10,178,9400148
109/08/11,133617,41.65,41.70,41.50,41.65,,130,5560364
109/08/12,229683,41.65,42.25,41.65,41.90,0.25,183,9621787
109/08/13,210469,42.00,42.10,41.90,42.05,0.15,183,8838034
109/08/14,276312,42.05,42.45,41.90,42.25,0.20,199,11675588
109/08/17,435826,42.30,43.20,42.30,43.20,0.95,334,18733698
109/08/18,198022,43.25,43.30,43.10,43.20,,159,8555243
109/08/19,211275,43.20,43.45,43.20,43.30,0.10,170,9159861
109/08/20,581971,43.30,43.30,41.80,42.45,0.85,447,24637851
109/08/21,213677,42.45,42.75,42.45,42.75,0.30,182,9107311
109/08/24,190326,42.75,42.75,42.20,42.25,0.50,167,8081800
109/08/25,135438,42.25,42.55,42.25,42.30,0.05,114,5744860
109/08/26,87284,42.30,42.30,42.15,42.25,0.05,86,3683418
109/08/27,161876,42.45,43.00,42.25,42.50,0.25,145,6872614
109/08/28,166988,42.45,42.45,42.05,42.35,0.15,267,7054157
109/08/31,287399,42.30,42.35,41.85,42.00,0.35,330,12101574
109/09/01,174151,42.00,42.20,41.90,41.95,0.05,187,7310625
109/09/02,118626,42.00,42.00,41.85,41.90,0.05,145,4971642
109/09/03,239810,42.00,42.10,41.90,42.00,0.10,237,10069620
109/09/04,191501,41.90,41.90,41.40,41.70,0.30,175,7986583
109/09/07,207739,41.75,42.10,41.70,42.10,0.40,208,8702469
109/09/08,185507,42.10,42.20,42.00,42.10,0.00,206,7808986
109/09/09,234760,42.20,42.25,42.05,42.15,0.05,210,9898289
109/09/10,178826,42.25,42.25,42.05,42.25,0.10,178,7540569
109/09/11,176739,42.30,42.30,41.95,42.05,0.20,173,7437074
109/09/14,143562,42.00,42.00,41.70,42.00,0.05,134,6013861
109/09/15,234240,42.00,42.00,41.70,41.90,0.10,172,9800630
109/09/16,146800,41.90,42.00,41.70,42.00,0.10,148,6154316
109/09/17,210397,41.95,41.95,41.70,41.90,0.10,159,8805274
109/09/18,82783,41.85,41.95,41.70,41.95,0.05,90,3468286
109/09/21,102312,41.95,42.10,41.95,42.00,0.05,117,4295905
109/09/22,116238,41.95,41.95,41.75,41.90,0.10,115,4862546
109/09/23,197038,41.85,41.85,41.50,41.50,0.40,170,8194630
109/09/24,457881,41.30,41.30,40.50,40.90,0.60,374,18695499
109/09/25,217310,40.75,40.90,40.70,40.75,0.15,156,8863422
109/09/28,86729,41.25,41.25,41.00,41.15,0.40,103,3565993
109/09/29,126678,41.50,41.50,40.95,41.10,0.05,84,5208264
109/09/30,82372,41.00,41.25,40.50,41.20,0.10,91,3371723
109/10/05,197198,41.50,42.20,41.50,41.85,0.65,160,8258666
109/10/06,651896,42.50,42.90,42.50,42.70,0.85,552,27882627
109/10/07,163721,42.70,42.70,42.40,42.60,0.10,177,6963206
109/10/08,229863,42.80,42.80,42.10,42.55,0.05,194,9754292
109/10/12,133518,42.50,42.50,42.05,42.15,0.40,135,5642301
109/10/13,137688,41.85,42.10,41.75,41.95,0.20,125,5773118
109/10/14,71761,42.00,42.30,41.95,42.30,0.35,108,3022707
109/10/15,183594,42.45,42.55,42.10,42.15,0.15,116,7775899
109/10/16,125824,41.80,42.20,41.80,41.95,0.20,136,5287658
109/10/19,201001,42.00,42.50,42.00,42.35,0.40,206,8498914
109/10/20,93814,42.45,42.70,42.40,42.45,0.10,110,3985871
109/10/21,135987,42.45,42.55,42.30,42.55,0.10,137,5764735
109/10/22,75602,42.55,42.55,42.30,42.30,0.25,86,3204488
109/10/23,108720,42.30,42.55,42.30,42.50,0.20,102,4616199
109/10/26,96756,42.60,42.65,42.50,42.55,0.05,163,4119730
109/10/27,204090,42.50,42.60,42.40,42.45,0.10,229,8670945
109/10/28,139161,42.50,42.65,42.40,42.45,0.00,166,5921074
109/10/29,113842,42.30,42.40,42.10,42.40,0.05,136,4804968
109/10/30,81482,42.40,42.40,42.20,42.20,0.20,100,3443727
109/11/02,58085,42.20,42.30,42.10,42.25,0.05,102,2453578
109/11/03,73831,42.25,42.40,42.25,42.30,0.05,103,3124909
109/11/04,193772,42.35,42.60,42.30,42.45,0.15,155,8228748
109/11/05,159209,42.50,42.80,42.50,42.65,0.20,180,6794087
109/11/06,241941,42.70,42.95,42.70,42.95,0.30,240,10365005
109/11/09,416161,42.95,43.60,42.95,43.60,0.65,415,18016427
109/11/10,442360,43.75,44.10,43.75,43.95,0.35,400,19419074
109/11/11,496126,44.10,44.50,44.10,44.45,0.50,464,22038972
109/11/12,292877,44.60,44.65,43.75,44.25,0.20,304,12935586
109/11/13,384697,44.25,44.50,44.10,44.50,0.25,315,17065874
109/11/16,321539,44.85,45.00,44.40,44.45,0.05,304,14378355
109/11/17,332371,44.60,44.60,44.15,44.15,0.30,257,14691812
109/11/18,156855,44.20,44.35,44.10,44.30,0.15,169,6939167
109/11/19,153998,44.30,44.35,44.00,44.25,0.05,165,6810567
109/11/20,146471,44.45,44.45,44.15,44.30,0.05,149,6486465
109/11/23,190326,44.30,44.60,44.30,44.40,0.10,209,8458104
109/11/24,165670,44.35,44.35,44.20,44.25,0.15,164,7333647
109/11/25,162551,44.30,44.40,44.25,44.35,0.10,167,7203442
109/11/26,382173,44.45,44.60,44.30,44.40,0.05,269,16994334
109/11/27,210372,44.40,44.60,44.30,44.60,0.20,181,9352567
109/11/30,181335,44.60,44.95,44.60,44.90,0.30,236,8127796
109/12/01,545375,45.25,45.75,45.15,45.60,0.70,487,24778938
109/12/02,356996,45.65,45.70,43.00,44.65,0.95,308,16199748
109/12/03,201573,44.70,45.10,44.70,44.95,0.30,204,9071102
109/12/04,316175,45.00,45.00,44.50,44.80,0.15,279,14160385
109/12/07,223558,45.30,45.30,44.50,44.55,0.25,238,9977772
109/12/08,117705,44.55,44.70,44.50,44.50,0.05,163,5250154
109/12/09,192484,44.50,45.05,44.50,45.00,0.50,210,8643335
109/12/10,191442,45.05,45.35,45.00,45.15,0.15,197,8641011
109/12/11,205893,45.25,45.50,45.00,45.20,0.05,200,9295510
109/12/14,125387,45.20,45.40,45.00,45.10,0.10,152,5664024
109/12/15,181232,45.10,45.15,44.75,44.75,0.35,177,8144944
109/12/16,138149,44.75,45.05,44.75,45.00,0.25,188,6211993
109/12/17,152969,45.00,45.10,44.85,45.10,0.10,172,6881822
109/12/18,131784,45.00,45.15,45.00,45.10,0.00,136,5939405
109/12/21,133801,45.20,45.40,45.00,45.40,0.30,176,6046954
109/12/22,251379,45.00,45.40,44.95,45.05,0.35,238,11344360
109/12/23,98341,45.05,45.10,44.95,45.10,0.05,140,4431112
109/12/24,96295,45.05,45.10,44.95,45.10,0.00,118,4335985
109/12/25,119968,45.15,45.25,45.15,45.20,0.10,129,5422970
109/12/28,526397,45.30,46.30,45.30,46.20,1.00,524,24185908
109/12/29,381491,46.20,46.80,46.20,46.60,0.40,367,17758887
109/12/30,209359,46.60,46.75,46.35,46.55,0.05,252,9735027
109/12/31,272952,46.50,46.90,46.50,46.85,0.30,271,12767243
110/01/04,270018,47.30,47.30,46.40,46.70,0.15,293,12621599
110/01/05,233371,46.60,46.60,46.25,46.25,0.45,260,10820040
110/01/06,426126,46.20,46.25,45.50,45.60,0.65,432,19489676
110/01/07,195377,45.60,45.65,45.30,45.60,0.00,221,8889551
110/01/08,258789,45.70,46.10,45.35,46.10,0.50,313,11823586
110/01/11,256275,46.10,46.50,46.00,46.50,0.40,237,11868479
110/01/12,296507,46.50,46.80,46.05,46.05,0.45,264,13721596
110/01/13,266633,46.15,46.75,46.05,46.45,0.40,229,12350682
110/01/14,158345,46.70,46.70,46.30,46.30,0.15,161,7347589
110/01/15,258310,46.70,46.70,45.95,46.00,0.30,228,11919001
110/01/18,223299,46.00,46.20,45.20,45.85,0.15,225,10203210
110/01/19,212860,45.85,46.00,45.50,45.55,0.30,224,9754421
110/01/20,548250,45.35,45.35,44.75,44.85,0.70,508,24640788
110/01/21,216428,44.85,45.45,44.85,44.85,0.00,230,9737135
110/01/22,232948,45.00,45.15,44.70,45.10,0.25,266,10460734
110/01/25,142077,45.10,45.20,44.80,45.15,0.05,166,6393801
110/01/26,153771,45.10,45.25,44.90,44.90,0.25,150,6919671
110/01/27,113530,44.90,45.10,44.80,44.85,0.05,136,5103436
110/01/28,233060,44.80,44.90,44.70,44.80,0.05,198,10433591
110/01/29,211277,44.80,44.85,44.60,44.65,0.15,220,9449359
110/02/01,120359,44.65,44.75,44.50,44.65,0.00,165,5370555
110/02/02,168226,44.65,45.20,44.65,45.00,0.35,184,7563745
110/02/03,68230,45.10,45.20,44.90,45.10,0.10,100,3072821
110/02/04,82969,44.60,45.25,44.60,45.05,0.05,99,3737857
110/02/05,130528,45.05,45.20,45.00,45.10,0.05,164,5885242
110/02/17,154872,45.20,45.65,45.10,45.55,0.45,218,7028765
110/02/18,212131,45.65,46.15,45.65,46.10,0.55,223,9742810
110/02/19,157405,46.10,46.10,45.75,45.95,0.15,186,7220913
110/02/22,167930,45.85,46.20,45.85,45.95,0.00,187,7721477
110/02/23,265401,45.95,46.30,45.95,46.30,0.35,272,12247618
110/02/24,108378,46.30,46.35,46.05,46.20,0.10,153,5007370
110/02/25,167026,46.20,46.30,46.15,46.30,0.10,191,7723027
110/02/26,138750,46.30,46.30,45.65,45.85,0.45,180,6369711
110/03/02,135968,46.00,46.10,45.80,45.80,0.05,169,6246866
110/03/03,231234,45.80,46.15,45.80,46.10,0.30,256,10649138
110/03/04,129122,46.00,46.15,45.80,46.15,0.05,162,5936193
110/03/05,118949,46.00,46.20,45.90,46.15,0.00,151,5482856
110/03/08,203258,46.30,46.60,46.30,46.60,0.45,262,9453967
110/03/09,267382,46.70,46.85,46.40,46.65,0.05,236,12470204
110/03/10,349599,46.80,47.15,46.65,47.10,0.45,308,16394578
110/03/11,383756,47.30,47.85,47.15,47.35,0.25,377,18215232
110/03/12,251197,47.50,47.75,47.20,47.30,0.05,248,11921026
110/03/15,215514,47.30,47.30,47.05,47.15,0.15,212,10161364
110/03/16,163768,47.20,47.70,47.20,47.70,0.55,207,7764459
110/03/17,178796,47.70,47.85,47.60,47.75,0.05,185,8530683
110/03/18,154811,47.70,48.00,47.55,48.00,0.25,190,7413017
110/03/19,2129658,51.70,51.70,50.10,51.70,3.70,1662,108912520
110/03/22,1285285,51.80,53.70,51.80,53.50,1.80,1026,67845161
110/03/23,675910,53.50,54.00,53.00,53.80,0.30,661,36090758
110/03/24,1094314,53.90,55.90,53.80,55.80,2.00,942,60206058
110/03/25,863362,55.90,56.50,54.20,55.60,0.20,732,47874114
110/03/26,426125,55.60,55.90,55.40,55.80,0.20,434,23707818
110/03/29,626540,56.00,56.20,55.50,56.00,0.20,529,34991515
110/03/30,857344,56.50,58.90,56.10,58.80,2.80,811,49282560
110/03/31,1017179,59.30,60.40,59.00,59.10,0.30,931,60640665
110/04/01,1104930,58.50,58.70,57.00,57.30,1.80,1236,63706655
110/04/06,735504,57.30,57.50,56.00,56.70,0.60,794,41771488
110/04/07,465328,56.60,57.70,56.60,57.20,0.50,475,26547574
110/04/08,313387,57.20,57.60,57.00,57.40,0.20,305,17961356
110/04/09,508315,57.50,57.50,56.70,57.50,0.10,483,28997786
110/04/12,651044,56.80,57.30,56.40,57.00,0.50,743,36910069
110/04/13,624034,56.40,57.70,56.20,56.90,0.10,468,35560173
110/04/14,668655,57.10,57.50,56.10,56.80,0.10,590,37837718
110/04/15,406298,56.80,56.80,56.40,56.60,0.20,333,23006050
110/04/16,740124,56.60,58.30,56.60,58.30,1.70,711,42468731
110/04/19,639540,58.50,58.90,57.60,58.40,0.10,556,37233614
110/04/20,289550,58.50,58.60,58.00,58.20,0.20,322,16850844
110/04/21,258975,58.20,58.40,57.90,58.30,0.10,267,15043337
110/04/22,711742,58.50,58.70,57.60,58.00,0.30,674,41435926
110/04/23,544934,57.90,57.90,57.00,57.50,0.50,576,31210176
110/04/26,416396,57.10,57.70,56.60,57.30,0.20,432,23796263
110/04/27,163186,57.30,57.50,57.00,57.50,0.20,203,9334140
110/04/28,1275384,57.60,60.90,57.50,60.20,2.70,1115,75712652
110/04/29,1019061,60.50,61.20,59.00,59.30,0.90,859,60875941
110/05/03,898292,59.30,60.80,58.40,59.80,0.50,754,53544896
110/05/04,1086967,59.80,62.00,57.50,58.60,1.20,1100,64691329
110/05/05,319921,58.10,59.30,57.50,58.70,0.10,331,18750115
110/05/06,351495,58.70,60.20,58.20,58.50,0.20,543,20698131
110/05/07,289715,58.60,59.40,58.60,59.00,0.50,253,17104068
110/05/10,770244,59.40,61.80,59.40,61.70,2.70,704,46387610
110/05/11,864726,61.70,61.70,58.50,59.40,2.30,831,52108259
110/05/12,1921524,59.90,59.90,54.00,56.10,3.30,1577,108753133
110/05/13,1343182,54.20,59.70,54.20,57.80,1.70,1008,77799380
110/05/14,1232416,58.60,60.80,58.30,60.00,2.20,921,73593846
110/05/17,7917242,64.00,66.00,61.20,66.00,6.00,5896,510767460
110/05/18,4035174,65.40,65.40,60.50,62.50,3.50,3178,252078678
110/05/19,2047764,62.00,62.30,60.00,60.30,2.20,1833,124238020
110/05/20,1806306,61.10,62.20,58.90,59.40,0.90,1558,108694232
110/05/21,480709,60.20,60.20,59.30,59.60,0.20,567,28635861
110/05/24,749983,59.50,59.90,58.50,58.90,0.70,906,44297534
110/05/25,939850,59.00,59.20,58.10,58.60,0.30,970,55084133
110/05/26,370496,58.20,58.80,58.10,58.40,0.20,494,21625416
110/05/27,471641,58.10,58.70,57.80,58.60,0.20,547,27433785
110/05/28,517632,58.60,59.00,58.30,58.80,0.20,589,30336242
110/05/31,627833,59.80,59.80,59.10,59.30,0.50,544,37312741
110/06/01,791345,59.20,61.50,59.20,61.20,1.90,740,47961080
110/06/02,628101,61.50,61.50,60.40,61.20,0.00,502,38292031
110/06/03,276986,61.60,61.60,60.70,60.80,0.40,338,16904763
110/06/04,507773,60.80,61.90,60.50,61.30,0.50,504,31175677
110/06/07,374662,61.30,61.70,60.00,60.80,0.50,385,22773656
110/06/08,153919,60.80,61.20,60.60,60.80,0.00,229,9368568
110/06/09,202530,61.00,61.00,60.50,60.80,0.00,200,12308542
110/06/10,320355,60.80,60.80,60.10,60.40,0.40,375,19381259
110/06/11,307192,60.40,61.40,60.10,60.90,0.50,323,18666457
110/06/15,270069,60.90,61.60,60.60,60.90,0.00,338,16519081
110/06/16,424300,60.90,62.00,60.90,61.80,0.90,435,26161610
110/06/17,166530,61.60,61.90,61.30,61.30,0.50,233,10228080
110/06/18,262670,61.10,61.40,60.80,61.00,0.30,350,16019371
110/06/21,289837,61.00,61.20,60.50,60.90,0.10,370,17642846
110/06/22,270837,61.90,61.90,61.20,61.20,0.30,285,16649666
110/06/23,197448,61.20,61.80,61.20,61.60,0.40,251,12155266
110/06/24,601429,61.80,63.80,61.60,62.60,1.00,550,37651748
110/06/25,630371,63.50,65.00,62.80,64.10,1.50,708,40331760
110/06/28,962032,63.60,66.20,63.60,65.90,1.80,920,62964502
110/06/29,543273,66.00,66.00,64.30,64.80,1.10,682,35329400
110/06/30,339918,64.80,65.10,64.10,64.40,0.40,445,21923209
110/07/01,6540612,65.40,70.80,65.40,70.70,6.30,4497,458232171
110/07/02,2740545,70.50,70.50,67.40,68.40,2.30,2681,186840068
110/07/05,1331815,68.40,68.40,66.50,67.20,1.20,1526,89256012
110/07/06,608361,67.50,67.80,66.50,67.70,0.50,779,40840133
110/07/07,354730,67.70,67.70,67.30,67.30,0.40,480,23918745
110/07/08,715484,67.70,69.90,67.40,69.20,1.90,775,49151380
110/07/09,511522,69.20,70.40,68.50,69.00,0.20,574,35385375
110/07/12,533285,69.40,70.00,68.50,68.90,0.10,649,36910057
110/07/13,639807,68.90,69.80,68.50,69.20,0.30,689,44220087
110/07/14,360592,69.80,69.80,68.60,69.00,0.20,523,24899440
110/07/15,927882,69.10,71.00,69.10,71.00,2.00,852,65384336
110/07/16,1174016,71.00,73.10,70.60,71.20,0.20,1218,84232407
110/07/19,908391,71.20,73.50,70.90,73.20,2.00,929,65852809
110/07/20,432118,72.20,73.20,71.80,72.80,0.40,533,31399528
110/07/21,1026199,73.00,76.00,73.00,74.20,1.40,995,76447569
110/07/22,931916,75.00,75.80,73.30,73.40,0.80,1091,69344683
110/07/23,597997,74.00,75.30,73.00,74.50,1.10,620,44343211
110/07/26,878570,75.00,76.80,74.60,75.10,0.60,851,66330183
110/07/27,603463,75.60,75.60,73.80,74.00,1.10,765,44843333
110/07/28,832676,73.50,74.00,71.30,73.90,0.10,1040,60435668
110/07/29,763441,73.90,75.90,73.90,75.20,1.30,658,57433019
110/07/30,889894,75.20,76.30,74.70,75.10,0.10,970,67099429
110/08/02,1057578,73.50,73.50,71.20,72.00,0.00,1355,76104728
110/08/03,404270,71.60,72.50,71.60,71.90,0.10,431,29123881
110/08/04,381730,72.00,73.70,72.00,72.20,0.30,554,27808948
110/08/05,389109,72.30,73.30,71.40,71.80,0.40,672,28021048
110/08/06,388489,72.50,72.50,70.80,71.80,0.00,643,27727005
110/08/09,258344,71.70,71.90,70.50,71.70,0.10,392,18414214
110/08/10,586437,72.50,74.20,72.00,73.50,1.80,633,42803482
110/08/11,340594,74.10,74.30,72.50,73.10,0.40,404,25003094
110/08/12,1008179,73.10,76.10,73.10,75.40,2.30,982,75700700
110/08/13,534421,75.80,76.00,74.10,75.10,0.30,620,40182966
110/08/16,706294,75.10,76.10,74.80,75.70,0.60,637,53361586
110/08/17,932512,75.70,77.00,75.70,76.90,1.20,905,71288196
110/08/18,1200601,77.20,77.20,72.80,75.10,1.80,1435,89577705
110/08/19,1019584,75.10,75.60,72.20,73.00,2.10,1413,74782047
110/08/20,1584798,66.40,71.00,66.40,69.30,0.00,1840,108528503
110/08/23,590825,70.50,71.30,69.00,70.70,1.40,617,41568218
110/08/24,507544,71.00,72.40,70.00,71.60,0.90,574,36150060
110/08/25,338077,71.60,73.60,71.60,72.90,1.30,460,24706308
110/08/26,301768,73.50,73.80,72.00,72.20,0.70,470,21868182
110/08/27,203395,72.70,73.10,72.20,72.30,0.10,308,14775326
110/08/30,240837,72.50,73.00,71.60,72.00,0.30,412,17373782
110/08/31,393003,72.00,72.00,70.60,71.10,0.90,753,27935719
110/09/01,365212,71.50,71.50,70.20,70.90,0.20,691,25856718
110/09/02,376652,71.00,71.00,69.80,69.90,1.00,776,26428976
110/09/03,318189,69.90,70.40,69.50,70.00,0.10,570,22229249
110/09/06,522742,69.80,69.90,68.80,69.00,1.00,1121,36160950
110/09/07,284631,69.20,69.30,68.60,68.90,0.10,623,19586911
110/09/08,416833,69.10,70.70,69.10,69.70,0.80,540,29131363
110/09/09,261827,69.80,69.80,69.00,69.10,0.60,533,18133889
110/09/10,190720,69.10,69.10,68.70,68.90,0.20,418,13145786
110/09/13,288204,68.90,69.00,68.20,69.00,0.10,576,19761823
110/09/14,184055,68.80,69.70,68.60,69.40,0.40,364,12749070
110/09/15,278427,69.30,69.50,68.50,69.30,0.10,506,19164397
110/09/16,182200,69.30,69.30,68.60,68.90,0.40,342,12552359
110/09/17,309884,68.90,68.90,68.00,68.10,0.80,729,21173940
110/09/22,390498,67.00,67.30,66.30,67.00,1.10,821,26195634
110/09/23,173972,67.90,67.90,67.00,67.20,0.20,342,11697341
110/09/24,134107,67.30,68.30,67.30,68.30,1.10,213,9114888
110/09/27,281551,68.20,69.80,68.20,69.40,1.10,333,19498740
110/09/28,120788,70.00,70.00,68.70,68.80,0.60,293,8355051
110/09/29,217297,68.10,68.20,67.70,68.00,0.80,522,14765183
110/09/30,258926,68.00,68.10,67.20,68.00,0.00,761,17512733
110/10/01,460437,67.90,67.90,66.60,67.20,0.80,1105,30870338
110/10/04,354645,67.10,67.10,65.70,66.20,1.00,814,23506124
110/10/05,415999,65.40,65.90,64.40,65.90,0.30,891,27100129
110/10/06,146574,66.00,66.50,65.90,66.00,0.10,264,9705758
110/10/07,333845,66.10,68.30,66.10,67.70,1.70,445,22423463
110/10/08,154881,68.00,68.50,67.80,67.90,0.20,242,10529994
110/10/12,173587,67.40,67.40,66.70,66.80,1.10,474,11616865
110/10/13,211845,66.90,67.00,66.20,66.50,0.30,376,14100728
110/10/14,158998,66.70,66.70,65.80,65.90,0.60,427,10519753
110/10/15,116884,66.10,66.40,65.70,66.00,0.10,279,7711654
110/10/18,367370,66.00,66.00,65.10,65.30,0.70,696,24000274
110/10/19,266674,65.30,66.80,65.00,66.30,1.00,486,17571971
110/10/20,194246,66.80,66.80,65.80,66.20,0.10,279,12824528
110/10/21,282230,66.20,68.10,65.70,68.10,1.90,346,18975120
110/10/22,219326,67.90,67.90,66.90,66.90,1.20,403,14739124
110/10/25,180142,66.60,67.70,66.30,67.60,0.70,346,12043718
110/10/26,303004,67.80,68.50,67.10,67.90,0.30,327,20563499
110/10/27,130953,67.90,67.90,67.20,67.20,0.70,350,8827558
110/10/28,193175,67.20,67.20,66.30,66.70,0.50,377,12855052
110/10/29,112456,66.80,66.80,66.10,66.50,0.20,256,7468965
110/11/01,289811,66.40,66.40,65.80,66.10,0.40,506,19163253
110/11/02,239118,66.10,66.80,65.80,66.60,0.50,350,15846971
110/11/03,342022,67.00,68.00,66.70,68.00,1.40,436,23091326
110/11/04,290599,68.40,68.60,67.30,68.30,0.30,447,19791825
110/11/05,215646,68.30,68.30,67.00,67.40,0.90,453,14583357
110/11/08,288188,67.70,67.70,66.60,67.20,0.20,452,19315631
110/11/09,133120,67.20,67.30,66.90,67.20,0.00,220,8940416
110/11/10,229228,67.20,67.40,66.80,67.00,0.20,332,15348837
110/11/11,145973,67.00,67.70,66.80,67.30,0.30,189,9822194
110/11/12,394284,67.30,69.20,67.20,68.40,1.10,469,26910846
110/11/15,429730,68.40,69.50,67.60,69.50,1.10,916,29557313
110/11/16,753809,69.80,71.80,68.80,71.00,1.50,1145,53076308
110/11/17,413986,71.20,71.20,69.30,70.00,1.00,1430,28924238
110/11/18,190960,69.30,70.50,69.30,69.50,0.50,490,13314033
110/11/19,275743,69.50,69.50,68.20,68.50,1.00,702,18930788
110/11/22,98852,68.50,68.50,68.00,68.30,0.20,238,6745930
110/11/23,160921,68.30,68.30,67.80,67.90,0.40,277,10931041
110/11/24,111665,67.50,68.60,67.50,68.60,0.70,213,7627608
110/11/25,99613,68.40,68.40,68.10,68.30,0.30,337,6800767
110/11/26,107499,68.00,68.00,67.70,68.00,0.30,252,7298515
110/11/29,153879,66.80,68.00,66.80,67.60,0.40,275,10395923
110/11/30,94050,67.80,68.60,67.60,68.00,0.40,174,6411997
110/12/01,103136,67.90,68.20,67.80,67.90,0.10,220,7008327
110/12/02,137378,67.90,68.40,67.60,68.30,0.40,260,9320995
110/12/03,131038,68.10,68.40,67.50,68.20,0.10,209,8906954
110/12/06,111822,68.50,68.80,68.20,68.40,0.20,230,7665616
110/12/07,161155,68.40,69.00,68.30,68.90,0.50,314,11069216
110/12/08,122206,68.90,69.00,68.60,68.90,0.00,225,8410519
110/12/09,204431,68.90,70.10,68.90,69.20,0.30,299,14222487
110/12/10,359783,68.80,69.90,68.20,68.20,1.00,411,24902703
110/12/13,164074,68.40,68.50,68.00,68.50,0.30,360,11194139
110/12/14,121143,68.30,68.80,68.00,68.20,0.30,250,8251445
110/12/15,94091,68.20,68.30,67.80,68.00,0.20,185,6396773
110/12/16,82785,68.00,68.50,67.90,68.30,0.30,148,5639886
110/12/17,57545,68.30,68.30,67.90,68.10,0.20,156,3922832
110/12/20,65706,68.20,68.40,68.00,68.00,0.10,143,4473844
110/12/21,66882,67.80,68.20,67.80,68.10,0.10,170,4551458
110/12/22,138671,68.10,68.20,67.90,68.10,0.00,308,9431453
110/12/23,170184,68.10,69.20,68.00,68.80,0.70,258,11654627
110/12/24,88231,69.50,69.50,68.80,69.10,0.30,266,6086056
110/12/27,133128,69.10,69.20,68.50,69.10,0.00,180,9183270
110/12/28,226004,69.00,70.00,69.00,69.90,0.80,431,15734669
110/12/29,221998,70.00,70.30,69.50,69.60,0.30,396,15506132
110/12/30,118379,69.60,70.00,69.00,69.30,0.30,409,8211964
111/01/03,155959,69.30,69.30,68.70,68.80,0.50,336,10751205
111/01/04,154143,68.80,68.80,68.10,68.30,0.50,409,10549792
111/01/05,75719,68.30,69.00,68.20,68.40,0.10,175,5197877
111/01/06,133619,69.00,69.00,68.20,68.30,0.10,297,9151893
111/01/07,117236,68.40,68.70,68.20,68.60,0.30,210,8023894
111/01/10,98237,68.70,69.50,68.70,69.40,0.80,253,6792272
111/01/11,181030,69.60,70.00,69.50,69.70,0.30,286,12623782
111/01/12,97620,70.20,70.30,69.50,69.80,0.10,227,6818264
111/01/13,164923,70.00,70.00,69.50,69.80,0.00,504,11504301
111/01/14,157228,69.80,70.00,69.30,69.90,0.10,288,10962993
111/01/17,509092,70.00,71.80,70.00,71.30,1.40,699,36248826
111/01/18,226683,71.60,72.20,70.90,71.10,0.20,1244,16214910
111/01/19,158666,71.10,71.30,70.20,70.80,0.30,275,11222720
111/01/20,149881,70.80,71.00,70.30,71.00,0.20,278,10579398
111/01/21,179727,70.60,70.80,70.10,70.20,0.80,833,12646851
111/01/24,233980,69.90,70.20,69.20,69.90,0.30,369,16294490
111/01/25,145418,69.90,69.90,69.40,69.80,0.10,380,10124393
111/01/26,115745,69.80,70.00,69.50,70.00,0.20,457,8079873
111/02/07,221881,70.00,70.90,70.00,70.60,0.60,416,15594225
111/02/08,248725,70.60,71.70,70.30,71.70,1.10,615,17650025
111/02/09,258215,71.70,72.00,71.20,72.00,0.30,498,18553125
111/02/10,307877,72.00,73.80,72.00,72.80,0.80,592,22445895
111/02/11,260216,72.80,74.00,72.70,73.00,0.20,1577,19049528
111/02/14,184170,73.00,73.00,72.00,73.00,0.00,571,13379956
111/02/15,380503,73.20,75.40,73.20,74.50,1.50,825,28349429
111/02/16,356821,75.10,76.00,74.70,76.00,1.50,697,26882801
111/02/17,265756,76.00,76.20,75.30,75.40,0.60,1745,20095065
111/02/18,251306,75.60,75.60,74.80,74.80,0.60,884,18856073
111/02/21,589635,75.00,76.80,73.50,75.80,1.00,997,44172204
111/02/22,634283,75.90,76.80,74.70,75.80,0.00,967,48095316
111/02/23,167788,76.30,76.30,75.30,76.00,0.20,620,12720970
111/02/24,396400,76.00,76.40,74.50,75.40,0.60,684,29883637
111/02/25,618836,75.40,76.60,74.50,74.50,0.90,630,46651660
111/03/01,473458,74.60,75.50,72.50,75.40,0.90,643,35077317
111/03/02,845527,75.50,78.50,75.50,78.50,3.10,986,65482733
111/03/03,835754,79.50,81.40,78.20,80.00,1.50,989,66700935
111/03/04,575619,79.60,81.30,78.20,79.40,0.60,928,45880470
111/03/07,926564,78.00,78.00,75.70,75.80,3.60,1514,71031891
111/03/08,857044,75.50,76.10,72.00,72.20,3.60,1513,63251127
111/03/09,825807,72.60,77.00,72.60,76.80,4.60,905,62213860
111/03/10,1589550,81.00,81.40,79.10,79.80,3.00,2041,127639274
111/03/11,1701376,79.90,84.00,79.10,83.60,3.80,1860,140610458
111/03/14,1326217,85.00,85.20,81.30,81.70,1.90,2107,110011443
111/03/15,831081,82.90,82.90,79.80,79.80,1.90,1235,67258032
111/03/16,1058976,80.60,81.00,77.50,80.00,0.20,1593,83631225
111/03/17,493506,80.20,81.70,80.20,81.10,1.10,536,39972964
111/03/18,261900,81.40,81.40,80.50,81.20,0.10,410,21226202
111/03/21,382719,81.20,83.00,81.20,83.00,1.80,461,31572420
111/03/22,258218,83.00,83.80,82.60,82.80,0.20,457,21471645
111/03/23,359907,82.80,83.40,81.80,82.00,0.80,751,29606301
111/03/24,198383,81.80,82.00,81.20,81.30,0.70,428,16167527
111/03/25,401374,80.70,81.30,79.80,81.20,0.10,574,32369453
111/03/28,231961,81.30,82.20,81.00,81.40,0.20,366,18909561
111/03/29,330805,81.60,82.00,80.70,81.50,0.10,363,26894536
111/03/30,160346,81.90,82.00,81.20,82.00,0.50,241,13101462
111/03/31,104725,82.00,82.00,81.40,81.60,0.40,238,8551514
111/04/01,164541,81.60,81.60,81.00,81.30,0.30,246,13372863
111/04/06,260823,81.30,81.80,80.50,81.80,0.50,409,21156175
111/04/07,296109,81.60,83.50,81.20,82.50,0.70,472,24430267
111/04/08,162154,82.50,82.90,82.00,82.40,0.10,428,13368428
111/04/11,420682,82.60,83.80,82.10,82.70,0.30,582,34966410
111/04/12,219023,82.70,83.30,82.10,82.90,0.20,383,18152954
111/04/13,220824,82.90,83.50,82.60,83.00,0.10,430,18325564
111/04/14,575082,83.40,85.50,83.30,85.00,2.00,638,48718654
111/04/15,505879,84.60,86.40,84.30,86.30,1.30,703,43320067
111/04/18,691182,86.80,89.00,84.70,85.30,1.00,866,59676973
111/04/19,311252,86.00,86.00,84.30,84.80,0.50,502,26361545
111/04/20,851681,85.70,88.50,85.50,88.50,3.70,985,74524629
111/04/21,516119,89.00,89.40,87.00,88.80,0.30,1493,45605345
111/04/22,464358,89.80,89.90,88.60,89.50,0.70,619,41454596
111/04/25,485096,89.40,89.40,87.10,88.20,1.30,820,42685388
111/04/26,556226,88.20,90.80,88.20,90.80,2.60,784,49875484
111/04/27,722355,89.70,90.80,87.50,90.10,0.70,1008,64544734
111/04/28,711756,90.10,92.60,89.50,91.40,1.30,875,64993484
111/04/29,317435,90.90,92.10,90.30,90.40,1.00,534,28838520
111/05/03,318767,90.80,91.70,89.30,90.20,0.20,486,28836793
111/05/04,694092,90.40,90.50,86.60,87.70,2.50,1301,61360098
111/05/05,294566,89.10,89.10,87.70,88.00,0.30,477,25959110
111/05/06,339555,86.90,87.80,86.30,87.00,1.00,649,29501151
111/05/09,976710,87.00,87.00,81.90,82.10,4.90,1785,81486824
111/05/10,871828,79.30,81.50,78.00,81.00,1.10,1235,69699639
111/05/11,334546,81.30,82.20,80.10,81.00,0.00,631,27086144
111/05/12,447983,79.80,80.90,79.10,79.60,1.40,753,35791261
111/05/13,620920,79.50,85.00,79.20,82.70,3.10,1251,50930431
111/05/16,590492,82.70,84.90,80.50,82.50,0.20,866,48828706
111/05/17,288931,83.40,83.40,81.80,82.70,0.20,374,23822272
111/05/18,304281,81.90,83.50,81.90,83.10,0.40,393,25246077
111/05/19,307049,81.00,83.00,81.00,82.50,0.60,422,25220965
111/05/20,273036,82.40,84.40,82.40,84.00,1.50,375,22854026
111/05/23,206509,84.00,85.00,83.50,83.70,0.30,309,17384388
111/05/24,171877,83.70,84.40,83.50,83.50,0.20,268,14418577
111/05/25,234282,83.50,85.50,83.50,85.30,1.80,401,19926431
111/05/26,288330,85.30,87.10,85.30,85.50,0.20,503,24788047
111/05/27,220468,85.60,86.30,85.30,85.80,0.30,306,18913453
111/05/30,354932,86.00,88.50,86.00,88.10,2.30,511,31186640
111/05/31,871945,87.80,88.50,84.50,84.50,3.60,886,74634581
111/06/01,374923,85.20,87.40,85.20,85.60,1.10,559,32374369
111/06/02,210213,85.90,85.90,84.20,84.50,1.10,467,17804340
111/06/06,284495,84.50,85.00,83.00,83.80,0.70,601,23827444
111/06/07,160910,83.80,84.40,83.40,84.30,0.50,249,13528238
111/06/08,179155,84.70,85.20,84.30,84.50,0.20,330,15168137
111/06/09,118983,84.50,84.60,84.20,84.30,0.20,155,10039074
111/06/10,200090,84.30,84.80,83.60,83.70,0.60,405,16813992
111/06/13,263829,82.40,82.80,81.80,82.60,1.10,513,21740144
111/06/14,316227,82.60,82.60,81.20,82.00,0.60,542,25847341
111/06/15,206932,82.20,83.90,82.20,83.00,1.00,313,17220381
111/06/16,242497,83.80,84.40,83.30,83.30,0.30,425,20365382
111/06/17,342155,83.20,84.80,82.10,84.50,1.20,371,28576303
111/06/20,331383,85.00,85.00,83.30,83.50,1.00,566,27853010
111/06/21,287461,82.50,85.60,82.50,85.00,1.50,419,24344253
111/06/22,251684,85.20,85.60,84.00,84.90,0.10,342,21316855
111/06/23,674591,85.00,88.00,85.00,87.20,2.30,792,58672127
111/06/24,785812,87.40,90.00,87.40,89.90,2.70,1015,70166630
111/06/27,525370,90.00,90.00,87.80,88.20,1.70,806,46776984
111/06/28,259861,89.00,89.80,87.80,89.30,1.10,449,23076245
111/06/29,277684,89.90,90.00,88.80,89.30,0.00,340,24820292
111/06/30,387268,89.30,89.30,88.00,88.50,0.80,509,34268831
111/07/01,486271,88.80,88.80,87.00,87.40,1.10,839,42563752
111/07/04,739841,78.40,81.50,77.80,81.20,0.00,1138,59487483
111/07/05,556074,82.90,84.60,81.70,81.70,0.50,846,46061125
111/07/06,529439,82.00,82.20,78.50,78.80,2.90,1300,42313034
111/07/07,278698,78.80,80.80,78.70,80.00,1.20,422,22220774
111/07/08,449597,80.50,80.50,78.50,78.60,1.40,1054,35591050
111/07/11,478724,78.80,79.40,76.10,76.30,2.30,1327,36906006
111/07/12,739425,76.30,76.30,72.10,72.20,4.10,1720,54342103
111/07/13,220678,73.90,74.50,73.20,74.10,1.90,397,16341455
111/07/14,312582,74.30,74.50,72.10,73.00,1.10,763,22806951
111/07/15,379126,72.80,73.00,71.20,72.00,1.00,992,27273393
111/07/18,430835,72.00,74.30,71.10,74.00,2.00,599,31331115
111/07/19,310793,73.00,75.70,73.00,75.20,1.20,460,23265898
111/07/20,367950,75.30,77.30,75.30,76.50,1.30,620,28169275
111/07/21,277734,76.70,78.10,75.50,78.00,1.50,410,21501333
111/07/22,254269,78.80,78.80,76.80,77.40,0.60,508,19705123
111/07/25,171175,77.40,79.40,77.40,78.80,1.40,291,13476082
111/07/26,182749,78.70,79.70,78.00,78.90,0.10,360,14420139
111/07/27,127971,78.90,79.30,78.50,78.80,0.10,260,10092019
111/07/28,330707,79.00,79.00,77.10,77.30,1.50,699,25684485
111/07/29,113600,77.60,78.30,77.40,78.30,1.00,238,8843804
111/08/01,142293,79.30,79.30,77.70,78.20,0.10,266,11147898
111/08/02,363592,77.70,77.70,76.60,76.90,1.30,727,28010391
111/08/03,381502,75.20,76.50,75.20,76.40,0.50,1011,28858249
111/08/04,313570,75.60,75.60,74.10,74.90,1.50,1016,23473754
111/08/05,162583,74.90,77.00,74.90,76.40,1.50,523,12417505
111/08/08,443119,75.60,75.60,74.00,74.60,1.80,1214,33067652
111/08/09,181070,73.90,75.20,73.90,75.20,0.60,516,13533397
111/08/10,157133,74.50,76.00,74.50,75.90,0.70,328,11876258
111/08/11,126211,76.70,76.70,76.10,76.50,0.60,334,9651178
111/08/12,161997,76.70,77.00,76.70,76.70,0.20,301,12444964
111/08/15,170763,77.00,77.00,76.10,76.30,0.40,410,13051685
111/08/16,238276,75.90,76.20,75.40,75.60,0.70,664,18048080
111/08/17,135340,75.20,75.80,75.20,75.50,0.10,345,10226996
111/08/18,199661,75.40,75.40,74.90,75.00,0.50,462,14993899
111/08/19,213928,74.90,74.90,74.00,74.80,0.20,532,15925499
111/08/22,149057,75.00,75.40,74.20,75.10,0.30,283,11164250
111/08/23,107521,75.10,75.10,74.60,74.60,0.50,370,8038878
111/08/24,177554,74.50,75.30,74.20,74.30,0.30,424,13237873
111/08/25,138191,74.30,74.90,74.30,74.60,0.30,333,10304627
111/08/26,99141,74.60,74.90,74.40,74.80,0.20,230,7411650
111/08/29,293821,74.60,74.60,73.30,74.20,0.60,674,21684696
111/08/30,108705,74.20,75.10,74.20,74.80,0.60,304,8101649
111/08/31,135045,74.80,75.30,74.50,75.30,0.50,263,10124446
111/09/01,336968,74.20,74.40,73.60,74.00,1.30,857,24923758
111/09/02,121916,74.00,74.30,73.50,73.60,0.40,374,8988292
111/09/05,150766,73.50,73.70,73.10,73.20,0.40,502,11056573
111/09/06,255087,73.30,73.30,72.40,72.70,0.50,865,18580629
111/09/07,141093,72.20,72.70,72.10,72.20,0.50,586,10196900
111/09/08,105057,72.20,73.10,72.20,73.10,0.90,247,7633926
111/09/12,237139,73.10,75.30,73.10,75.20,2.10,330,17659959
111/09/13,257414,75.40,76.10,74.70,74.80,0.40,606,19432294
111/09/14,114472,74.00,75.00,74.00,74.40,0.40,315,8529661
111/09/15,105452,74.50,74.70,74.10,74.30,0.10,242,7834665
111/09/16,115698,74.10,74.50,73.10,74.50,0.20,401,8515296
111/09/19,120970,74.20,74.50,73.20,73.40,1.10,421,8922136
111/09/20,146850,73.40,73.40,73.00,73.10,0.30,352,10742386
111/09/21,246764,73.00,73.00,72.20,72.30,0.80,713,17855368
111/09/22,263442,72.30,72.40,71.10,72.30,0.00,666,18895302
111/09/23,186326,72.30,73.60,72.30,73.50,1.20,317,13590926
111/09/26,226520,73.50,73.50,72.20,72.40,1.10,638,16451928
111/09/27,255983,72.20,72.30,71.30,71.70,0.70,733,18339884
111/09/28,690806,71.30,72.00,68.40,69.10,2.60,1733,48075048
111/09/29,522940,69.70,73.60,69.10,71.90,2.80,617,37130231
111/09/30,194796,70.90,71.60,70.20,71.00,0.90,569,13822326
111/10/03,335873,71.00,71.00,68.70,69.40,1.60,993,23246416
111/10/04,134660,70.00,70.20,69.40,69.90,0.50,266,9399405
111/10/05,156770,70.60,70.60,70.00,70.00,0.10,282,11009235
111/10/06,76219,70.00,70.10,69.80,70.10,0.10,218,5334863
111/10/07,85652,70.00,70.60,70.00,70.10,0.00,189,6013133
111/10/11,190883,70.10,70.10,68.50,68.70,1.40,738,13141791
111/10/12,139441,68.90,69.20,68.10,69.20,0.50,418,9576214
111/10/13,236819,69.20,69.80,67.70,67.90,1.30,736,16154643
111/10/14,131172,68.00,68.90,67.50,68.40,0.50,364,8936881
111/10/17,359775,68.40,68.40,65.50,66.00,2.40,1117,23886226
111/10/18,125648,66.50,67.00,65.80,66.70,0.70,403,8325699
111/10/19,109732,66.70,67.50,66.20,66.50,0.20,295,7332103
111/10/20,590438,66.20,71.10,64.90,71.10,4.60,861,39628657
111/10/21,372209,69.20,69.50,66.70,66.90,4.20,1430,25204805
111/10/24,282532,66.80,67.60,65.70,65.90,1.00,649,18719832
111/10/25,216825,66.50,66.70,65.20,65.60,0.30,495,14216421
111/10/26,472546,65.20,65.20,63.50,63.80,1.80,1369,30257457
111/10/27,136076,63.70,65.10,63.60,65.00,1.20,259,8771271
111/10/28,107413,65.20,65.80,65.00,65.00,0.00,215,7016983
111/10/31,110575,65.10,65.50,65.00,65.20,0.20,286,7210781
111/11/01,166082,65.80,66.30,65.20,65.80,0.60,285,10937518
111/11/02,95406,66.10,66.40,66.00,66.40,0.60,227,6316702
111/11/03,70338,66.40,66.50,66.00,66.50,0.10,175,4657816
111/11/04,98578,66.20,67.40,66.10,67.40,0.90,183,6590856
111/11/07,113961,67.70,67.90,67.30,67.90,0.50,251,7718157
111/11/08,195368,68.40,68.80,68.00,68.60,0.70,396,13375118
111/11/09,159308,69.20,70.10,69.10,69.90,1.30,309,11066724
111/11/10,95195,70.10,70.10,69.30,69.90,0.00,232,6651806
111/11/11,178337,70.70,70.70,69.40,69.50,0.40,583,12465377
111/11/14,147395,69.60,69.90,69.20,69.70,0.20,546,10248064
111/11/15,136829,69.70,69.70,69.10,69.60,0.10,375,9495716
111/11/16,218969,69.70,69.70,68.50,68.50,1.10,765,15095810
111/11/17,119864,68.50,68.50,67.50,68.30,0.20,500,8158876
111/11/18,108068,68.00,69.10,68.00,68.10,0.20,240,7383042
111/11/21,100649,68.20,68.90,67.70,68.60,0.50,199,6875441
111/11/22,165808,68.70,69.90,68.70,69.90,1.30,289,11516824
111/11/23,123536,70.50,70.70,69.90,70.20,0.30,259,8674887
111/11/24,460083,70.40,72.70,70.40,72.30,2.10,615,32972631
111/11/25,241295,72.30,72.60,71.00,71.30,1.00,997,17291852
111/11/28,154627,71.30,71.50,70.10,71.50,0.20,384,10949918
111/11/29,104967,71.00,72.10,71.00,71.80,0.30,246,7528193
111/11/30,647631,71.80,75.00,71.80,75.00,3.20,676,47712103
111/12/01,255923,74.40,74.70,73.90,74.60,0.40,614,19015410
111/12/02,109663,74.60,74.80,73.80,73.80,0.80,629,8131091
111/12/05,170862,73.80,75.00,73.70,74.30,0.50,294,12716956
111/12/06,155007,74.30,74.30,73.00,73.00,1.30,486,11400537
111/12/07,140046,73.00,73.50,72.10,72.50,0.50,323,10176009
111/12/08,72894,72.20,73.20,72.00,73.00,0.50,195,5282390
111/12/09,46066,73.20,73.80,73.10,73.80,0.80,292,3382544
111/12/12,113555,73.80,74.50,73.40,74.50,0.70,207,8380452
111/12/13,190957,74.60,75.00,74.40,74.40,0.10,266,14262869
111/12/14,121586,74.90,75.00,74.00,74.00,0.40,253,9040069
111/12/15,249718,74.00,74.00,72.80,72.90,1.10,593,18269288
111/12/16,232016,72.70,73.60,72.20,72.90,0.00,233,16904848
111/12/19,112621,72.90,74.60,72.90,74.00,1.10,196,8325711
111/12/20,112983,74.00,74.10,72.90,73.30,0.70,278,8297029
111/12/21,131537,73.30,73.80,72.80,72.80,0.50,230,9640511
111/12/22,82206,73.00,74.40,73.00,73.90,1.10,172,6078289
111/12/23,82975,73.60,73.90,73.20,73.60,0.30,155,6101253
111/12/26,70572,73.60,74.00,73.60,73.90,0.30,163,5209826
111/12/27,90719,74.10,74.20,73.50,73.70,0.20,190,6703266
111/12/28,72600,73.70,73.90,73.70,73.90,0.20,193,5358645
111/12/29,157198,73.20,74.30,72.90,74.20,0.30,295,11591298
111/12/30,133499,74.30,74.80,73.70,74.70,0.50,435,9937931
112/01/03,70776,74.60,74.60,74.00,74.50,0.20,206,5261178
112/01/04,89378,74.50,74.50,73.80,74.00,0.50,251,6630904
112/01/05,138287,74.00,74.00,73.30,73.50,0.50,371,10173024
112/01/06,125419,73.50,73.70,73.00,73.60,0.10,302,9205522
112/01/09,177667,73.60,74.70,73.60,74.50,0.90,369,13188381
112/01/10,782505,75.80,76.80,75.20,76.80,2.30,1067,59631517
112/01/11,498787,77.00,78.80,76.70,77.20,0.40,2261,38705357
112/01/12,163762,77.20,77.50,76.50,76.90,0.30,1084,12590249
112/01/13,181887,77.00,77.50,76.80,77.00,0.10,296,14038385
112/01/16,521984,78.00,79.80,77.80,79.10,2.10,804,41214097
112/01/17,484480,79.80,80.80,79.30,79.30,0.20,1269,38694948
112/01/30,413801,80.30,80.90,78.90,79.30,0.00,1163,32951792
112/01/31,169366,79.30,80.00,79.00,80.00,0.70,347,13515426
112/02/01,212539,80.30,80.40,79.60,80.10,0.10,380,16989335
112/02/02,427464,80.10,82.00,80.10,81.80,1.70,736,34713980
112/02/03,631351,82.00,84.30,81.10,84.00,2.20,1018,52615687
112/02/06,213983,84.00,84.40,83.30,84.00,0.00,616,17941201
112/02/07,369814,84.30,85.30,84.20,85.20,1.20,556,31340586
112/02/08,290889,85.30,85.30,83.80,84.60,0.60,607,24605707
112/02/09,206174,83.70,84.00,83.30,83.40,1.20,548,17240421
112/02/10,188253,83.00,83.40,82.60,83.30,0.10,427,15621057
112/02/13,214329,83.30,84.80,83.30,84.80,1.50,387,18083116
112/02/14,171745,85.00,85.00,83.90,84.10,0.70,370,14464271
112/02/15,115132,84.10,84.90,84.10,84.20,0.10,304,9725181
112/02/16,140352,84.20,84.90,84.20,84.70,0.50,260,11883372
112/02/17,67437,84.20,84.60,84.20,84.30,0.40,219,5693300
112/02/20,130539,84.30,84.90,84.20,84.60,0.30,284,11032970
112/02/21,114853,84.60,84.90,84.30,84.60,0.00,252,9713983
112/02/22,199027,83.80,84.90,83.50,84.60,0.00,360,16726852
112/02/23,116950,84.60,84.90,84.40,84.60,0.00,234,9901758
112/02/24,282573,84.70,86.00,84.40,86.00,1.40,491,24065819
112/03/01,488890,85.90,87.90,84.50,84.80,1.20,1145,42000713
112/03/02,139816,84.80,85.60,84.00,85.10,0.30,344,11868168
112/03/03,226893,85.10,87.30,85.10,85.80,0.70,332,19560641
112/03/06,341273,86.10,88.50,86.10,87.80,2.00,625,29870306
112/03/07,129186,88.70,88.70,87.60,88.00,0.20,355,11370654
112/03/08,131736,88.10,88.10,87.10,87.30,0.70,400,11531326
112/03/09,103035,87.00,87.50,87.00,87.30,0.00,226,8990822
112/03/10,350066,86.80,87.00,85.20,85.50,1.80,940,30131537
112/03/13,425736,85.00,85.90,83.30,85.70,0.20,823,35952300
112/03/14,202192,85.70,87.00,84.80,86.20,0.50,381,17429490
112/03/15,317390,86.20,88.60,86.20,87.90,1.70,726,27909869
112/03/16,512739,89.00,89.70,87.70,88.10,0.20,1011,45555736
112/03/17,179589,88.80,88.80,87.80,88.30,0.20,344,15869144
112/03/20,316625,88.00,89.70,88.00,88.70,0.40,431,28215781
112/03/21,362405,89.00,90.40,88.80,88.80,0.10,626,32467469
112/03/22,139038,89.90,89.90,88.50,88.70,0.10,365,12365402
112/03/23,122899,88.70,89.40,88.60,89.20,0.50,238,10927262
112/03/24,119141,89.00,89.40,88.80,88.90,0.30,242,10598702
112/03/27,132488,89.50,89.80,88.70,89.60,0.70,313,11833833
112/03/28,132747,89.90,89.90,88.90,89.30,0.30,606,11834695
112/03/29,203293,89.10,90.20,88.60,89.10,0.20,381,18178552
112/03/30,383961,89.10,89.10,87.80,88.40,0.70,780,33870971
112/03/31,265958,88.50,89.90,88.40,89.90,1.50,394,23762249
112/04/06,284736,89.90,91.20,89.50,91.00,1.10,713,25840746
112/04/07,114138,91.00,91.10,90.50,91.00,0.00,320,10375942
112/04/10,167598,91.00,91.00,89.90,90.00,1.00,499,15126957
112/04/11,115899,90.00,90.80,90.00,90.70,0.70,341,10474894
112/04/12,110820,90.90,91.60,90.80,90.80,0.10,299,10099199
112/04/13,421607,90.70,93.30,90.70,91.80,1.00,663,38903956
112/04/14,131814,92.60,92.60,91.50,91.70,0.10,389,12093282
112/04/17,121159,91.30,92.00,91.20,91.60,0.10,372,11107627
112/04/18,110733,91.70,92.00,91.50,91.50,0.10,364,10154616
112/04/19,152291,91.50,92.60,91.50,92.00,0.50,314,14036014
112/04/20,175611,92.00,92.00,90.90,91.00,1.00,822,16031921
112/04/21,370530,91.90,91.90,89.10,89.40,1.60,1004,33305359
112/04/24,206366,89.40,90.50,89.00,90.50,1.10,390,18576532
112/04/25,2563951,91.00,91.00,87.30,90.50,0.00,4287,226484785
112/04/26,2043527,87.60,90.70,85.20,90.70,0.20,2773,181034236
112/04/27,352091,89.70,90.10,89.00,89.80,0.90,778,31579521
112/04/28,369302,89.70,91.00,89.70,91.00,1.20,569,33329189
112/05/02,454444,91.00,92.60,90.80,92.30,1.30,715,41739404
112/05/03,185033,92.30,92.60,91.50,92.10,0.20,825,17029924
112/05/04,400824,92.00,94.20,92.00,94.00,1.90,706,37371691
112/05/05,358341,94.20,96.00,94.20,95.20,1.20,1429,34106578
112/05/08,186104,95.20,95.70,94.60,95.40,0.20,1521,17698176
112/05/09,202678,95.00,95.00,93.40,94.00,1.40,644,19108880
112/05/10,337235,94.00,94.00,92.00,92.30,1.70,1063,31227357
112/05/11,523570,92.50,92.50,89.90,90.20,2.10,1361,47341385
112/05/12,316868,90.00,90.80,89.70,90.80,0.60,566,28553748
112/05/15,234121,90.60,92.00,89.60,91.10,0.30,612,21150648
112/05/16,167470,91.50,92.00,90.70,91.50,0.40,375,15335417
112/05/17,253392,91.50,91.90,91.10,91.20,0.30,494,23178618
112/05/18,246857,91.10,91.60,90.60,91.00,0.20,545,22482889
112/05/19,188766,91.50,92.10,91.10,91.40,0.40,399,17302219
112/05/22,156113,91.20,92.40,91.20,92.20,0.80,320,14343430
112/05/23,89923,92.30,92.30,91.80,92.00,0.20,251,8281000
112/05/24,94379,92.00,92.20,91.90,92.00,0.00,253,8685789
112/05/25,123524,91.90,92.40,91.60,91.70,0.30,272,11351702
112/05/26,192292,92.10,92.20,91.20,91.40,0.30,384,17590198
112/05/29,495553,91.00,91.30,90.00,90.40,1.00,1132,44855143
112/05/30,181680,91.10,91.10,90.00,90.90,0.50,463,16407929
112/05/31,154901,90.50,90.90,90.40,90.80,0.10,339,14043200
112/06/01,80560,90.10,90.90,90.00,90.70,0.10,201,7294372
112/06/02,149214,90.50,91.10,90.50,90.70,0.00,331,13558135
112/06/05,101253,90.70,91.30,90.60,90.70,0.00,257,9201680
112/06/06,153094,90.70,91.00,90.20,90.60,0.10,393,13873534
112/06/07,148631,91.00,91.10,90.70,90.70,0.10,305,13515121
112/06/08,190316,90.90,91.60,90.50,91.20,0.50,318,17296886
112/06/09,171787,91.00,92.00,90.90,91.30,0.10,313,15707573
112/06/12,121810,91.30,91.40,90.80,91.00,0.30,420,11081490
112/06/13,167006,91.70,91.70,90.90,91.00,0.00,298,15243666
112/06/14,114392,91.00,91.20,90.90,91.00,0.00,266,10411637
112/06/15,155750,91.00,91.50,90.90,91.00,0.00,320,14173739
112/06/16,113813,91.00,91.60,90.90,91.30,0.30,268,10392966
112/06/19,93678,91.30,91.30,90.90,91.20,0.10,192,8542404
112/06/20,91485,91.20,91.40,91.00,91.10,0.10,184,8336190
112/06/21,94603,91.60,91.60,90.90,91.40,0.30,212,8622296
112/06/26,115713,91.20,91.20,90.30,91.20,0.20,271,10515399
112/06/27,180565,91.00,91.20,90.50,90.60,0.60,458,16401817
112/06/28,148630,90.80,91.00,90.50,91.00,0.40,301,13493536
112/06/29,573434,91.00,93.90,91.00,93.00,2.00,761,53314011
112/06/30,381656,93.00,94.80,93.00,94.40,1.40,1273,35896986
112/07/03,214934,94.40,95.00,94.30,94.50,0.10,462,20328368
112/07/04,226908,94.60,94.90,93.90,94.50,0.00,466,21431542
112/07/05,140990,94.60,94.70,94.20,94.70,0.20,320,13335743
112/07/06,304741,94.70,94.90,93.50,94.20,0.50,455,28768623
112/07/07,217652,93.50,94.70,93.50,94.60,0.40,368,20520617
112/07/10,458071,94.70,96.00,94.60,95.50,0.90,620,43715621
112/07/11,780941,95.90,98.50,95.90,98.40,2.90,1022,76033291
112/07/12,809339,98.80,99.90,97.10,99.80,1.40,1283,80150422
112/07/13,1063750,90.00,92.00,90.00,90.60,0.00,1839,96795495
112/07/14,468658,90.50,90.90,89.60,90.70,0.10,981,42308579
112/07/17,643555,90.70,90.70,89.30,89.70,1.00,1404,57803697
112/07/18,504271,89.70,90.70,88.20,89.50,0.20,1113,45092290
112/07/19,269506,89.70,89.90,88.90,89.20,0.30,832,24113117
112/07/20,192493,89.30,90.50,89.30,90.30,1.10,325,17344514
112/07/21,442335,90.80,92.70,90.50,92.00,1.70,643,40499929
112/07/24,413198,92.50,93.50,90.30,90.50,1.50,942,37703775
112/07/25,201714,90.50,91.40,89.90,90.50,0.00,408,18280902
112/07/26,145943,91.00,91.00,90.20,90.60,0.10,313,13233995
112/07/27,377068,90.60,91.30,89.70,90.20,0.40,821,34042487
112/07/28,203750,90.30,90.70,89.80,90.10,0.10,479,18354269
112/07/31,197083,90.10,91.00,89.90,90.50,0.40,336,17799603
112/08/01,68018,90.60,90.90,90.10,90.70,0.20,258,6160088
112/08/02,240151,90.50,90.60,89.80,90.00,0.70,512,21644970
112/08/04,133686,90.00,90.10,89.70,90.00,0.00,329,12019816
112/08/07,174577,90.20,90.20,89.50,89.70,0.30,487,15674222
112/08/08,218620,89.60,89.70,89.00,89.70,0.00,626,19541070
112/08/09,376842,88.10,89.30,88.00,89.00,0.70,1036,33421102
112/08/10,444204,88.90,88.90,87.40,87.50,1.50,1128,39097438
112/08/11,319806,87.40,87.50,86.50,87.20,0.30,942,27842684
112/08/14,492755,87.00,87.00,85.30,85.70,1.50,1442,42288844
112/08/15,139703,85.90,86.70,85.90,86.30,0.60,338,12053922
112/08/16,530549,86.00,86.00,84.70,84.70,1.60,1188,45123764
112/08/17,466268,84.70,87.20,83.50,86.80,2.10,879,39811771
112/08/18,311060,86.50,86.50,85.60,85.90,0.90,1215,26778427
112/08/21,484521,85.90,85.90,83.60,84.10,1.80,1640,40776537
112/08/22,419834,84.10,84.20,83.00,83.50,0.60,1500,35018281
112/08/23,286215,83.30,83.40,82.80,83.20,0.30,828,23783882
112/08/24,169175,83.50,84.00,83.40,83.70,0.50,434,14162055
112/08/25,173542,83.70,84.90,83.50,84.20,0.50,443,14628718
112/08/28,218581,84.20,85.50,83.60,85.50,1.30,524,18553147
112/08/29,225023,85.90,86.60,85.60,85.90,0.40,462,19366445
112/08/30,136929,85.90,86.40,85.60,85.70,0.20,485,11763345
112/08/31,180920,85.50,85.80,85.10,85.80,0.10,438,15467497
112/09/01,136736,85.90,86.80,85.90,86.20,0.40,324,11793419
112/09/04,179620,86.50,87.40,86.00,86.90,0.70,469,15587711
112/09/05,158457,86.90,87.00,86.30,86.60,0.30,523,13720008
112/09/06,199035,86.40,86.40,85.60,86.10,0.50,578,17105762
112/09/07,127996,85.50,85.70,85.00,85.40,0.70,557,10934893
112/09/08,105827,86.50,86.50,85.30,85.50,0.10,262,9065794
112/09/11,133884,85.50,86.50,85.50,85.70,0.20,331,11495118
112/09/12,117373,85.90,86.10,85.50,85.50,0.20,352,10070700
112/09/13,131103,85.60,86.80,85.50,86.10,0.60,300,11288499
112/09/14,104853,86.10,86.90,86.10,86.90,0.80,380,9080456
112/09/15,130947,87.20,87.50,86.80,87.50,0.60,410,11416749
112/09/18,237048,87.50,88.80,86.50,88.70,1.20,528,20893303
112/09/19,1161521,89.90,92.70,89.50,89.60,0.90,1471,105679230
112/09/20,267631,89.60,89.60,87.90,88.40,1.20,790,23746398
112/09/21,322633,88.40,88.50,87.20,87.30,1.10,720,28293477
112/09/22,112236,88.50,88.70,87.00,88.40,1.10,297,9856902
112/09/25,149569,88.30,90.10,88.30,88.80,0.40,432,13360090
112/09/26,118689,89.00,89.00,87.80,88.50,0.30,346,10497001
112/09/27,82666,88.50,88.50,87.70,88.50,0.00,245,7272263
112/09/28,111252,88.20,88.30,87.80,88.20,0.30,322,9798842
112/10/02,75163,88.20,88.30,88.00,88.20,0.00,262,6629429
112/10/03,78746,88.00,88.00,87.60,87.90,0.30,306,6915888
112/10/04,79878,87.90,87.90,87.20,87.70,0.20,308,6991941
112/10/05,49294,88.30,88.30,87.60,87.90,0.20,207,4331156
112/10/06,47963,88.00,88.30,87.70,87.80,0.10,228,4220571
112/10/11,256540,88.20,88.20,87.00,87.20,0.60,570,22417811
112/10/12,218002,87.40,87.40,86.70,86.70,0.50,584,18950410
112/10/13,263525,86.70,87.00,86.00,87.00,0.30,600,22768976
112/10/16,192230,87.00,88.00,86.50,86.80,0.20,363,16679252
112/10/17,143162,87.50,87.50,86.30,86.30,0.50,414,12388999
112/10/18,571657,86.40,87.40,85.50,87.40,1.10,864,49489076
112/10/19,91968,87.30,87.40,86.40,87.40,0.00,281,8004639
112/10/20,246775,87.50,88.40,86.70,87.80,0.40,387,21633203
112/10/23,135839,87.80,87.80,86.50,86.60,1.20,977,11828052
112/10/24,66410,87.00,87.50,86.60,87.50,0.90,294,5776083
112/10/25,56885,87.50,87.60,87.20,87.60,0.10,243,4974868
112/10/26,77727,87.10,87.60,86.50,87.30,0.30,263,6780841
112/10/27,55451,87.70,87.90,87.30,87.50,0.20,164,4861728
112/10/30,80807,87.50,87.50,86.70,87.30,0.20,261,7036729
112/10/31,58724,87.30,87.50,87.00,87.30,0.00,204,5121040
112/11/01,39729,87.80,87.80,87.30,87.60,0.30,155,3475438
112/11/02,138925,87.90,88.40,87.50,87.80,0.20,251,12203763
112/11/03,68157,88.50,88.50,87.50,87.90,0.10,867,5981973
112/11/06,170512,88.40,88.40,87.70,88.30,0.40,301,15050848
112/11/07,65136,88.50,88.50,88.20,88.20,0.10,460,5755644
112/11/08,153658,88.20,88.20,86.80,87.60,0.60,384,13458464
112/11/09,68020,87.50,87.70,87.20,87.50,0.10,239,5947579
112/11/10,61479,87.50,88.00,87.10,87.50,0.00,172,5384177
112/11/13,93643,87.50,87.50,87.00,87.10,0.40,305,8159960
112/11/14,106670,87.30,87.50,87.00,87.40,0.30,257,9314440
112/11/15,180405,87.60,88.40,87.40,87.80,0.40,329,15845097
112/11/16,110728,88.10,88.50,87.80,88.30,0.50,255,9757298
112/11/17,82964,88.20,88.50,87.80,88.20,0.10,366,7311155
112/11/20,108437,88.20,88.60,87.40,88.50,0.30,301,9559414
112/11/21,181038,88.60,89.20,88.20,89.00,0.50,740,16069005
112/11/22,93985,89.00,89.30,88.50,89.00,0.00,268,8362935
112/11/23,100885,89.10,89.30,88.60,88.90,0.10,254,8974264
112/11/24,86112,89.30,89.30,88.50,89.00,0.10,194,7647965
112/11/27,182968,89.30,89.30,88.90,89.20,0.20,259,16310098
112/11/28,261951,89.30,90.20,89.30,89.50,0.30,488,23527916
112/11/29,85229,89.50,89.80,89.00,89.60,0.10,1103,7616689
112/11/30,125467,90.20,90.20,89.50,89.80,0.20,687,11260436
112/12/01,79816,90.30,90.30,89.60,89.70,0.10,281,7167005
112/12/04,178950,89.30,89.70,89.00,89.10,0.60,380,15972328
112/12/05,67341,89.40,89.40,88.70,89.40,0.30,250,6004183
112/12/06,69690,89.00,89.50,89.00,89.10,0.30,232,6210481
112/12/07,91513,89.10,89.10,88.70,88.80,0.30,232,8138340
112/12/08,87408,89.20,89.20,88.70,89.00,0.20,235,7767416
112/12/11,195944,88.70,88.70,88.00,88.60,0.40,606,17287071
112/12/12,115016,88.90,89.00,88.80,89.00,0.40,256,10225740
112/12/13,113227,89.20,89.20,88.50,88.60,0.40,293,10037874
112/12/14,110666,88.90,89.10,88.40,88.90,0.30,252,9837797
112/12/15,94773,89.20,89.20,88.50,89.20,0.30,300,8412392
112/12/18,111199,89.20,89.20,88.40,88.60,0.60,309,9853358
112/12/19,94893,88.60,88.60,87.80,88.20,0.40,305,8358812
112/12/20,199216,88.30,88.30,87.50,88.20,0.00,446,17507959
112/12/21,106543,88.00,88.00,87.40,87.70,0.50,310,9347873
112/12/22,213360,87.70,89.00,87.30,87.40,0.30,487,18728718
112/12/25,147342,87.40,87.40,86.80,87.10,0.30,424,12841290
112/12/26,117004,87.10,87.80,86.80,87.80,0.70,435,10204144
112/12/27,193560,87.80,88.00,87.20,87.70,0.10,287,16965312
112/12/28,118654,87.70,88.00,87.50,88.00,0.30,266,10401194
112/12/29,183879,88.20,88.20,87.40,87.40,0.60,376,16100848
113/01/02,99762,87.60,87.80,87.20,87.80,0.40,245,8719987
113/01/03,177086,87.60,87.60,87.00,87.50,0.30,435,15441362
113/01/04,113870,87.50,87.70,87.10,87.30,0.20,259,9947746
113/01/05,91499,87.30,87.30,87.00,87.20,0.10,308,7978209
113/01/08,72136,87.20,87.50,87.20,87.40,0.20,225,6301381
113/01/09,100358,87.50,87.50,86.90,87.10,0.30,294,8737915
113/01/10,86156,87.10,87.10,86.80,86.90,0.20,394,7490337
113/01/11,80695,86.90,87.70,86.90,87.50,0.60,184,7056028
113/01/12,73337,87.70,87.90,87.50,87.50,0.00,186,6432929
113/01/15,77285,87.50,87.70,87.40,87.50,0.00,212,6765970
113/01/16,168369,87.00,87.10,86.60,86.80,0.70,357,14620233
113/01/17,519753,86.50,86.60,85.30,85.60,1.20,1236,44495033
113/01/18,289821,85.60,85.60,84.50,85.10,0.50,797,24652169
113/01/19,113530,85.00,85.80,85.00,85.60,0.50,247,9700860
113/01/22,90388,86.00,86.40,85.50,86.40,0.80,280,7776820
113/01/23,63709,86.40,86.40,86.10,86.20,0.20,262,5494635
113/01/24,93613,85.40,86.20,85.40,86.10,0.10,317,8057667
113/01/25,158882,86.20,86.30,85.60,85.80,0.30,382,13668038
113/01/26,80889,85.80,86.80,85.80,86.50,0.70,237,6988108
113/01/29,76750,85.90,87.00,85.90,87.00,0.50,263,6648727
113/01/30,67280,87.00,87.00,86.80,86.80,0.20,225,5845970
113/01/31,161465,86.80,87.10,86.40,86.80,0.00,221,14024779
113/02/01,45741,86.80,87.40,86.60,87.40,0.60,178,3978810
113/02/02,102721,87.40,87.60,86.80,87.60,0.20,272,8972147
113/02/05,111967,87.60,87.80,87.20,87.80,0.20,286,9808698
113/02/15,211495,87.80,87.80,87.00,87.30,0.50,582,18503686
113/02/16,146981,87.30,87.60,87.00,87.40,0.10,468,12820746
113/02/19,104488,87.40,87.70,87.40,87.60,0.20,318,9150577
113/02/20,163649,87.80,88.00,87.50,87.50,0.10,309,14366349
113/02/21,132113,87.50,87.90,87.20,87.40,0.10,327,11557511
113/02/22,151010,87.40,87.40,87.00,87.20,0.20,494,13160954
113/02/23,113150,87.00,87.20,87.00,87.00,0.20,357,9852807
113/02/26,285698,87.00,87.50,86.40,87.20,0.20,520,24844599
113/02/27,186088,87.20,87.20,86.70,87.20,0.00,391,16194020
113/02/29,129239,86.90,87.50,86.90,86.90,0.30,356,11264344
113/03/01,162449,86.90,87.00,86.50,86.90,0.00,492,14089705
113/03/04,191613,86.70,87.00,86.60,86.90,0.00,471,16643145
113/03/05,168442,86.70,87.60,86.70,87.30,0.40,291,14680793
113/03/06,203520,87.30,88.20,87.30,88.20,0.90,396,17900934
113/03/07,138637,88.00,88.20,87.70,88.00,0.20,389,12192790
113/03/08,223527,87.90,87.90,87.50,87.70,0.30,470,19590492
113/03/11,1388430,93.00,93.50,91.30,92.20,4.50,1864,128139786
113/03/12,712418,92.30,95.00,92.30,94.50,2.30,2430,67076780
113/03/13,466644,93.80,95.50,93.80,95.20,0.70,946,44207053
113/03/14,399599,95.00,96.10,94.50,95.50,0.30,1026,38137523
113/03/15,389491,95.40,96.60,95.40,95.60,0.10,1879,37331578
113/03/18,283771,96.20,96.50,95.40,96.40,0.80,960,27256427
113/03/19,468228,96.60,98.40,96.60,97.90,1.50,1424,45732957
113/03/20,494786,98.00,98.00,95.00,97.00,0.90,1646,47895819
113/03/21,173859,97.00,97.60,96.60,96.60,0.40,1192,16853690
113/03/22,444749,96.60,96.80,94.80,94.90,1.70,4487,42452950
113/03/25,181650,94.90,95.40,94.40,95.40,0.50,421,17259533
113/03/26,261641,95.20,95.40,94.40,94.70,0.70,607,24803188
113/03/27,165073,94.80,96.00,94.80,96.00,1.30,289,15788359
113/03/28,273190,96.10,97.50,96.10,97.30,1.30,470,26509244
113/03/29,130225,97.80,97.80,96.70,96.80,0.50,351,12667429
113/04/01,368196,96.80,99.00,96.50,98.80,2.00,659,36189227
113/04/02,292675,99.00,99.40,98.20,98.40,0.40,2984,28907840
113/04/03,176108,98.40,98.40,97.00,97.50,0.90,545,17175028
