﻿富林-KY,	1341
日期,成交股數,開盤價,最高價,最低價,收盤價,漲跌價差,成交筆數,成交金額
107/12/24,1152000,58.10,68.00,58.10,64.60,X,998,71829200
107/12/25,460000,58.00,63.60,56.00,61.00,3.60,357,27424600
107/12/26,294000,60.20,60.20,52.50,55.00,6.00,241,16288000
107/12/27,233000,54.60,55.00,47.10,51.00,4.00,195,12005250
107/12/28,256000,50.20,52.50,47.25,52.40,1.40,195,12920150
108/01/02,125000,51.80,52.50,51.00,52.50,0.10,75,6462400
108/01/03,49000,52.00,52.00,51.10,51.50,1.00,30,2526500
108/01/04,120000,52.00,52.90,52.00,52.00,0.50,67,6242000
108/01/07,61000,52.40,53.00,52.00,52.10,0.10,38,3189500
108/01/08,69000,52.10,52.30,52.00,52.30,0.20,33,3592100
108/01/09,55000,52.30,52.40,52.00,52.40,0.10,33,2876800
108/01/10,37000,52.40,52.50,52.20,52.50,0.10,24,1937000
108/01/11,41000,52.40,53.00,52.30,53.00,0.50,27,2152900
108/01/14,25000,52.50,53.40,51.80,52.00,1.00,13,1312600
108/01/15,43000,50.60,51.90,50.40,50.50,1.50,24,2172200
108/01/16,20000,50.10,50.10,48.60,48.60,1.90,17,975800
108/01/17,19000,47.70,48.00,47.70,47.70,0.90,17,909550
108/01/18,9000,47.00,47.70,46.60,46.60,1.10,9,422900
108/01/21,6000,47.30,47.30,46.60,46.80,0.20,6,280700
108/01/22,25000,46.80,47.80,46.80,47.70,0.90,18,1188900
108/01/23,20000,48.30,48.30,47.20,48.10,0.40,14,962300
108/01/28,18000,48.80,48.80,48.50,48.50,0.20,14,875750
108/01/29,15000,48.10,48.50,48.10,48.30,0.20,10,724900
108/01/30,31000,48.30,48.60,48.10,48.30,,21,1501050
108/02/11,26000,48.45,48.50,48.00,48.20,0.10,11,1257550
108/02/12,21010,48.20,48.40,48.20,48.40,0.20,11,1015529
108/02/13,29000,48.40,48.40,48.00,48.25,0.15,15,1398100
108/02/14,36000,48.20,48.20,47.50,48.00,0.25,15,1729850
108/02/15,18000,48.00,48.00,46.80,47.00,1.00,18,849700
108/02/18,21010,47.35,47.35,47.00,47.05,0.05,14,990066
108/02/19,15000,47.00,47.00,46.60,46.80,0.25,13,701700
108/02/20,25000,46.80,47.10,46.60,47.00,0.20,22,1172700
108/02/21,12000,47.00,47.00,46.80,46.80,0.20,12,563200
108/02/22,22000,46.00,46.90,46.00,46.80,,19,1027700
108/02/25,33000,46.60,46.85,46.00,46.80,,23,1534450
108/02/26,10000,46.80,46.80,46.30,46.80,,10,467500
108/02/27,17000,47.50,47.50,45.85,46.80,,14,793500
108/03/04,12050,46.80,47.25,46.80,47.25,0.45,13,566515
108/03/05,10000,47.25,47.50,47.25,47.50,0.25,9,473650
108/03/06,14000,47.60,47.65,47.55,47.55,0.05,14,666300
108/03/07,10000,47.70,47.70,47.55,47.60,0.05,10,476100
108/03/08,5000,47.55,47.55,47.45,47.45,0.15,5,237400
108/03/11,24000,47.50,48.10,47.50,48.10,0.65,20,1147500
108/03/12,7000,48.20,48.30,48.10,48.30,0.20,7,337500
108/03/13,16000,48.35,48.50,48.30,48.50,0.20,16,774750
108/03/14,8000,48.30,48.50,48.30,48.40,0.10,8,387100
108/03/15,25000,48.45,48.50,48.30,48.35,0.05,24,1211300
108/03/18,8048,49.00,49.50,48.50,48.50,0.15,9,392224
108/03/19,6000,48.70,48.70,48.70,48.70,0.20,6,292200
108/03/20,13978,48.70,48.80,48.30,48.80,0.10,14,677687
108/03/21,17000,49.35,49.35,48.50,49.00,0.20,13,831200
108/03/22,15000,48.90,49.00,48.80,49.00,,11,733950
108/03/25,8978,49.00,50.00,49.00,49.60,0.60,923,446946
108/03/26,62399,50.00,52.50,49.80,52.00,2.40,1256,3217666
108/03/27,68137,52.80,54.10,52.00,54.10,2.10,2279,3619035
108/03/28,31432,53.90,53.90,52.50,52.60,1.50,1059,1667066
108/03/29,10150,53.00,53.00,51.50,52.40,0.20,749,527867
108/04/01,13709,52.40,52.60,51.60,52.50,0.10,540,718245
108/04/02,27372,52.50,52.50,51.80,52.50,,366,1428834
108/04/03,10364,52.50,53.00,52.50,52.50,,283,546416
108/04/08,14687,54.00,54.00,53.40,53.90,1.40,577,790812
108/04/09,6521,53.80,53.80,52.90,52.90,1.00,378,350497
108/04/10,45302,53.00,53.00,52.00,52.70,0.20,267,2376673
108/04/11,8587,52.30,53.00,52.30,53.00,0.30,309,452298
108/04/12,15635,53.10,54.10,53.10,54.00,1.00,200,840425
108/04/15,12486,55.00,55.00,54.30,54.80,0.80,297,685074
108/04/16,17219,54.80,55.00,54.40,54.90,0.10,210,946045
108/04/17,17040,54.90,55.00,54.60,55.00,0.10,49,934780
108/04/18,7018,55.00,55.00,54.50,54.50,0.50,25,384080
108/04/19,15019,54.00,54.20,52.10,53.00,1.50,34,803726
108/04/22,7004,53.00,53.30,52.90,53.00,,11,371732
108/04/23,11005,53.00,53.00,52.90,52.90,0.10,15,582766
108/04/24,7002,52.70,52.70,52.00,52.70,0.20,8,367706
108/04/25,3002,53.00,53.00,52.10,52.10,0.60,5,157814
108/04/26,20002,52.10,52.20,51.00,51.90,0.20,22,1033112
108/04/29,19004,51.50,51.90,51.00,51.90,,20,976612
108/04/30,14009,52.10,52.80,52.10,52.80,0.90,22,734304
108/05/02,16002,53.00,53.20,52.50,53.20,0.40,15,846614
108/05/03,15003,53.20,53.30,52.40,53.00,0.20,18,793462
108/05/06,8002,52.00,52.70,52.00,52.40,0.60,10,419406
108/05/07,11000,52.40,52.50,52.10,52.50,0.10,11,575300
108/05/08,6000,52.30,52.50,52.00,52.40,0.10,6,313900
108/05/09,5000,52.40,52.60,52.40,52.60,0.20,5,262500
108/05/10,9003,52.30,52.80,52.30,52.80,0.20,12,472071
108/05/13,6001,52.50,52.50,52.30,52.50,0.30,4,314853
108/05/14,10010,52.00,52.60,52.00,52.50,,16,524973
108/05/15,5003,52.50,52.70,52.50,52.70,0.20,7,263059
108/05/16,13007,52.40,52.80,52.40,52.80,0.10,12,682964
108/05/17,4000,53.70,53.70,52.40,52.40,0.40,4,213500
108/05/20,10013,52.80,53.00,52.40,53.00,0.60,13,529395
108/05/21,7001,52.50,53.40,52.50,53.40,0.40,8,371555
108/05/22,13000,53.50,53.50,53.00,53.50,0.10,11,693100
108/05/23,3006,53.80,53.80,53.80,53.80,0.30,9,161748
108/05/24,7008,53.00,53.70,53.00,53.70,0.10,15,374124
108/05/27,7013,53.00,53.60,53.00,53.60,0.10,9,373698
108/05/28,17010,53.50,53.80,53.30,53.60,,16,910134
108/05/29,4002,53.60,53.80,53.40,53.60,,6,214506
108/05/30,4001,53.60,53.70,53.60,53.70,0.10,5,214758
108/05/31,12002,53.30,53.90,53.30,53.80,0.10,12,642008
108/06/03,5017,53.50,53.50,52.70,53.30,0.50,12,266718
108/06/04,4000,53.30,53.40,53.30,53.40,0.10,3,213400
108/06/05,16002,53.60,53.70,53.40,53.60,0.20,13,856616
108/06/06,7000,53.90,53.90,53.70,53.90,0.30,7,376900
108/06/10,6004,53.50,54.10,53.50,54.10,0.20,9,322932
108/06/11,11011,53.50,54.10,53.50,54.10,,8,590697
108/06/12,23004,53.60,54.60,53.60,54.40,0.30,11,1235516
108/06/13,8002,53.60,54.40,53.60,54.40,,6,430410
108/06/14,8000,54.20,54.30,53.60,54.30,0.10,4,430800
108/06/17,4002,54.60,54.60,54.30,54.50,0.20,5,218018
108/06/18,6002,54.20,54.60,54.20,54.60,0.10,7,326008
108/06/19,16009,54.50,55.00,54.40,55.00,0.40,14,876334
108/06/20,19005,54.50,55.40,54.30,55.00,,16,1035595
108/06/21,17000,55.30,55.50,55.20,55.20,0.20,11,940500
108/06/24,12013,57.00,57.00,56.90,57.00,1.80,25,684641
108/06/25,12018,56.60,57.70,56.60,57.40,0.40,13,684027
108/06/26,12000,56.80,56.80,56.60,56.60,0.80,6,680900
108/06/27,10003,57.30,58.00,57.30,58.00,1.40,13,575980
108/06/28,6001,58.00,58.00,58.00,58.00,,7,348058
108/07/01,2001,58.00,58.20,58.00,58.20,0.20,3,116258
108/07/02,8001,58.40,58.40,57.80,58.00,0.20,5,464258
108/07/03,8002,57.60,57.60,56.60,56.60,1.40,9,456816
108/07/04,2007,56.60,57.50,56.60,57.50,0.90,4,114497
108/07/05,1030,59.40,59.40,59.40,59.40,1.90,9,61178
108/07/08,12016,58.90,58.90,57.00,57.90,1.50,26,694612
108/07/09,17011,57.80,57.90,57.10,57.90,,12,980541
108/07/10,13014,57.90,58.00,57.90,58.00,0.10,13,754028
108/07/11,2011,55.50,55.50,55.50,55.50,X,7,111608
108/07/12,5002,55.80,55.80,55.50,55.70,0.20,6,278512
108/07/15,15001,55.00,55.20,54.00,54.30,1.40,8,824159
108/07/16,20020,54.80,56.70,54.80,56.70,2.40,16,1108934
108/07/17,11000,55.10,56.60,55.10,56.60,0.10,11,618500
108/07/18,8002,56.00,56.80,56.00,56.80,0.20,10,452820
108/07/19,7000,56.80,57.80,56.80,57.80,1.00,7,402300
108/07/22,11007,57.40,57.60,56.00,56.30,1.50,13,627195
108/07/23,19001,55.50,56.00,54.50,55.10,1.20,19,1044656
108/07/24,19004,55.10,55.20,52.50,54.30,0.80,17,1029616
108/07/25,8003,55.20,55.40,55.20,55.40,1.10,11,442462
108/07/26,10000,54.30,55.40,54.10,55.40,,10,547200
108/07/29,3008,55.40,55.40,55.40,55.40,,6,166656
108/07/30,5000,54.10,55.50,54.10,55.50,0.10,5,275800
108/07/31,8000,53.90,55.30,53.80,55.30,0.20,7,436600
108/08/01,10000,55.10,55.30,54.70,55.30,,9,550500
108/08/02,6002,54.00,55.30,54.00,55.30,,7,329620
108/08/05,13002,55.10,55.30,54.70,54.70,0.60,13,716016
108/08/06,9000,54.60,54.60,54.60,54.60,0.10,3,491400
108/08/07,7003,54.50,54.80,54.50,54.80,0.20,8,382877
108/08/08,2002,54.80,54.80,54.70,54.70,0.10,3,109618
108/08/12,22010,56.20,59.00,56.20,58.10,3.40,20,1257980
108/08/13,22002,58.00,58.10,57.00,58.10,,9,1274920
108/08/14,16002,59.00,59.00,57.30,58.30,0.20,10,932924
108/08/15,2003,58.80,58.90,58.80,58.90,0.60,4,117880
108/08/16,6001,58.20,58.20,57.70,57.90,1.00,7,347658
108/08/19,6000,58.50,58.50,57.70,57.70,0.20,6,348500
108/08/20,9004,57.70,58.10,57.70,58.10,0.40,11,522140
108/08/21,9001,58.80,59.50,58.50,59.50,1.40,10,529961
108/08/22,9001,59.00,59.00,58.00,59.00,0.50,5,526059
108/08/23,6002,59.10,59.20,58.10,59.10,0.10,7,352924
108/08/26,4012,58.70,58.90,58.70,58.90,0.20,13,235996
108/08/27,4021,59.40,59.40,59.00,59.30,0.40,5,238353
108/08/28,10000,58.20,58.90,57.80,58.90,0.40,9,581200
108/08/29,7001,58.60,58.70,58.00,58.70,0.20,7,407658
108/08/30,13100,58.00,58.50,58.00,58.50,0.20,23,760317
108/09/02,7002,59.30,59.30,58.50,58.70,0.20,9,410822
108/09/03,2000,59.00,59.00,59.00,59.00,0.30,2,118000
108/09/04,8004,59.20,59.20,58.00,58.90,0.10,10,468048
108/09/05,3050,58.90,58.90,58.90,58.90,,7,179650
108/09/06,10017,58.20,58.80,58.00,58.80,0.10,12,583424
108/09/09,15003,58.50,58.90,58.00,58.90,0.10,13,874874
108/09/10,3002,58.90,59.00,58.90,59.00,0.10,5,176916
108/09/11,4001,58.20,58.80,58.20,58.80,0.20,5,234659
108/09/12,11000,58.80,59.10,58.70,59.10,0.30,9,648000
108/09/16,3000,59.10,59.10,59.10,59.10,,1,177300
108/09/17,5002,58.90,58.90,58.90,58.90,0.20,7,294618
108/09/18,14004,58.90,59.10,58.30,59.10,0.20,17,824544
108/09/19,6000,59.00,59.00,59.00,59.00,0.10,6,354000
108/09/20,22000,59.10,59.20,59.00,59.00,,13,1299300
108/09/23,3001,59.20,59.20,59.20,59.20,0.20,4,177659
108/09/24,37038,59.30,60.00,59.00,60.00,0.80,34,2199294
108/09/25,6004,60.20,60.20,59.80,59.80,0.20,8,360140
108/09/26,15062,60.10,60.60,59.80,60.60,0.80,19,906944
108/09/27,12005,59.50,60.00,59.20,59.70,0.90,17,713995
108/10/01,4033,59.80,60.10,59.70,60.10,0.40,5,241379
108/10/02,2001,60.10,60.10,60.10,60.10,,2,120265
108/10/03,3000,60.00,60.10,59.90,60.10,,3,180000
108/10/04,17001,60.40,60.60,60.00,60.00,0.10,13,1023865
108/10/07,15002,60.10,60.80,60.10,60.80,0.80,11,907420
108/10/08,8003,64.20,64.50,63.90,63.90,3.10,11,513798
108/10/09,10000,61.30,62.30,61.30,62.30,1.60,9,618200
108/10/14,3000,62.50,62.50,62.40,62.40,0.10,2,187400
108/10/15,3002,62.70,62.70,62.60,62.60,0.20,5,188136
108/10/16,19001,62.60,63.00,62.50,63.00,0.40,18,1191468
108/10/17,9000,63.00,63.00,63.00,63.00,,8,567000
108/10/18,9007,61.60,63.00,61.60,62.70,0.30,13,559841
108/10/21,13001,62.70,63.00,61.90,62.80,0.10,14,812868
108/10/22,6002,62.00,62.80,62.00,62.80,,6,375524
108/10/23,7000,62.80,62.80,62.00,62.00,0.80,7,437700
108/10/24,7002,62.00,62.80,62.00,62.80,0.80,9,436424
108/10/25,13000,62.60,63.00,62.00,63.00,0.20,11,813800
108/10/28,10894,61.80,62.80,61.80,62.80,0.20,14,679605
108/10/29,8005,62.80,62.90,62.10,62.60,0.20,8,500910
108/10/30,4001,62.70,62.70,62.60,62.60,,4,250563
108/10/31,7000,62.90,62.90,62.50,62.50,0.10,4,438300
108/11/01,6000,62.50,62.60,61.80,62.60,0.10,5,373800
108/11/04,10002,62.00,62.50,61.30,62.50,0.10,9,619926
108/11/05,4001,62.30,62.30,62.30,62.30,0.20,3,249262
108/11/06,6003,62.30,62.30,62.20,62.30,,9,373786
108/11/07,4001,62.20,62.20,62.20,62.20,0.10,3,248862
108/11/08,6001,61.80,62.00,61.80,62.00,0.20,6,371861
108/11/11,20011,67.00,67.00,62.90,64.30,2.30,24,1280098
108/11/12,3006,64.50,64.50,64.50,64.50,0.20,6,193884
108/11/13,11002,64.00,64.00,62.10,62.40,2.10,13,686726
108/11/14,10001,62.10,62.40,62.00,62.40,,10,621763
108/11/15,5001,62.00,62.40,62.00,62.40,,6,311662
108/11/18,4002,62.40,62.50,62.40,62.50,0.10,5,249926
108/11/19,3002,62.40,62.40,62.20,62.20,0.30,5,187124
108/11/20,7005,62.10,62.20,61.80,62.20,,8,434712
108/11/21,2002,61.50,62.20,61.50,62.20,,4,123824
108/11/22,6001,62.10,62.10,61.20,61.80,0.40,7,369362
108/11/25,5000,61.30,62.00,61.30,62.00,0.20,5,308700
108/11/26,4000,61.90,61.90,61.50,61.50,0.50,4,246800
108/11/27,10000,61.00,61.20,60.80,61.20,0.30,8,609700
108/11/28,7082,61.30,61.30,60.80,60.80,0.40,10,433134
108/11/29,16082,61.30,61.30,59.40,59.40,1.40,15,960709
108/12/02,10004,61.00,61.60,61.00,61.00,1.60,13,611745
108/12/03,5022,61.00,61.10,61.00,61.10,0.10,7,306656
108/12/04,4001,61.10,61.10,60.90,61.10,,5,244161
108/12/05,4020,59.50,61.00,59.50,61.00,0.10,5,241232
108/12/06,2000,60.80,60.80,60.80,60.80,0.20,1,121600
108/12/09,9003,60.50,60.50,60.00,60.00,0.80,8,541280
108/12/10,5001,59.40,60.00,59.40,59.40,0.60,6,297859
108/12/11,4000,60.00,60.00,59.90,59.90,0.50,3,239800
108/12/12,7002,61.00,61.00,60.00,60.00,0.10,4,422120
108/12/13,1002,60.00,60.00,60.00,60.00,,3,60120
108/12/16,1054,60.00,60.00,60.00,60.00,,4,63271
108/12/17,7001,59.60,59.70,59.60,59.70,0.30,6,417759
108/12/18,6000,59.90,59.90,59.50,59.80,0.10,5,358500
108/12/19,4003,59.90,59.90,59.90,59.90,0.10,5,239780
108/12/20,9003,59.50,59.80,59.50,59.80,0.10,7,536280
108/12/23,5043,59.90,59.90,59.40,59.90,0.10,16,301594
108/12/24,4003,60.10,60.10,60.00,60.00,0.10,5,240377
108/12/25,6000,60.00,60.10,60.00,60.10,0.10,4,360100
108/12/26,5001,59.90,59.90,59.90,59.90,0.20,5,299560
108/12/27,6000,60.00,60.20,60.00,60.20,0.30,4,360300
108/12/30,1000,61.70,61.70,61.70,61.70,1.50,1,61700
108/12/31,8000,61.70,61.70,60.20,61.70,,5,489100
