﻿岱宇,	1598
日期,成交股數,開盤價,最高價,最低價,收盤價,漲跌價差,成交筆數,成交金額
107/06/01,127000,34.60,35.00,34.40,35.00,0.20,80,4398450
107/06/04,205000,35.05,35.65,35.00,35.55,0.55,107,7255850
107/06/05,90000,35.55,35.70,35.20,35.60,0.05,68,3187150
107/06/06,514000,35.65,35.75,35.35,35.65,0.05,97,18273350
107/06/07,97000,35.50,35.85,35.35,35.85,0.20,65,3449600
107/06/08,65010,35.85,36.00,35.55,36.00,0.15,59,2326658
107/06/11,261000,35.90,36.45,35.65,36.45,0.45,134,9427100
107/06/12,363000,36.55,36.55,35.85,36.20,0.25,127,13113500
107/06/13,115500,35.90,36.10,35.25,35.25,0.95,98,4109500
107/06/14,109084,35.30,35.30,34.70,35.25,,82,3816869
107/06/15,34000,35.25,35.25,34.85,35.00,0.25,29,1189900
107/06/19,91000,34.90,34.90,34.20,34.70,0.30,73,3140750
107/06/20,20000,34.70,34.70,34.15,34.65,0.05,19,688000
107/06/21,38050,34.70,34.70,34.45,34.70,0.05,23,1316482
107/06/22,37000,34.70,35.00,34.70,35.00,0.30,28,1290950
107/06/25,25002,34.95,34.95,34.60,34.90,0.10,22,870018
107/06/26,31005,34.90,34.95,34.50,34.90,,29,1076873
107/06/27,14100,34.70,34.95,34.70,34.80,0.10,14,490685
107/06/28,58000,34.30,34.85,34.30,34.80,X,46,2006300
107/06/29,21000,34.70,35.35,34.70,34.90,0.10,16,735100
107/07/02,24034,34.80,34.90,34.70,34.80,0.10,15,837734
107/07/03,38000,34.85,34.85,34.40,34.60,0.20,29,1315000
107/07/04,71000,34.15,34.80,34.15,34.50,0.10,45,2440600
107/07/05,60000,34.15,34.45,33.90,34.45,0.05,46,2054300
107/07/06,74000,34.45,34.45,34.00,34.45,,51,2533950
107/07/09,24000,34.45,34.45,34.00,34.45,,20,821800
107/07/10,15001,34.45,34.45,34.15,34.45,,15,514334
107/07/11,26000,34.30,34.45,34.10,34.35,0.10,25,890150
107/07/12,88000,34.35,34.45,34.00,34.35,,64,3010600
107/07/13,28100,34.15,34.35,34.15,34.35,,14,962450
107/07/16,93000,34.10,34.25,33.85,34.20,0.15,63,3168350
107/07/17,52000,34.30,34.30,33.80,34.20,,38,1771250
107/07/18,47000,34.00,34.35,33.95,34.10,0.10,33,1600100
107/07/19,48000,34.25,34.25,33.80,34.05,0.05,30,1633000
107/07/20,21000,34.15,34.15,33.85,34.05,,14,714300
107/07/23,79000,34.10,34.10,33.70,34.00,0.05,45,2681600
107/07/24,471000,33.95,34.00,33.50,34.00,,129,15831250
107/07/25,214000,34.00,34.30,33.60,34.05,0.05,167,7271150
107/07/26,310000,33.75,34.15,33.60,34.15,0.10,171,10472800
107/07/27,276500,34.10,34.80,34.10,34.45,0.30,215,9521700
107/07/30,197000,34.45,34.55,34.30,34.55,0.10,107,6788000
107/07/31,194720,34.40,34.65,34.40,34.60,0.05,97,6717995
107/08/01,117577,34.40,34.80,34.40,34.80,0.20,95,4075793
107/08/02,117000,34.70,34.85,34.55,34.85,0.05,75,4055650
107/08/03,71034,34.60,35.20,34.60,35.20,0.35,67,2474900
107/08/06,201407,35.00,35.50,34.95,35.50,0.30,140,7068418
107/08/07,222000,35.30,36.50,35.20,35.80,0.30,141,7877500
107/08/08,190000,35.45,35.85,35.35,35.85,0.05,108,6749400
107/08/09,154275,35.50,35.85,35.35,35.65,0.20,131,5475767
107/08/10,99000,35.60,35.80,35.40,35.40,0.25,87,3521250
107/08/13,182791,35.20,35.70,34.50,34.65,0.75,149,6374029
107/08/14,89000,34.65,35.30,34.45,35.15,0.50,78,3087050
107/08/15,227000,35.00,35.00,34.10,34.75,0.40,136,7816150
107/08/16,129000,34.50,34.55,34.15,34.45,0.30,109,4428300
107/08/17,144000,34.45,34.45,34.00,34.45,,117,4926550
107/08/20,166009,34.45,34.55,33.65,34.10,0.35,122,5645704
107/08/21,97000,34.10,34.55,34.05,34.15,0.05,88,3317600
107/08/22,55000,34.10,34.50,34.10,34.20,0.05,50,1879800
107/08/23,56010,34.15,34.30,34.15,34.25,0.05,52,1915945
107/08/24,77000,34.20,34.35,34.00,34.15,0.10,69,2626950
107/08/27,77003,34.15,34.35,33.95,33.95,0.20,74,2625252
107/08/28,112000,34.40,34.40,34.05,34.05,0.10,62,3821900
107/08/29,192000,34.05,34.20,33.85,34.10,0.05,121,6534500
107/08/30,69000,34.05,34.30,33.90,34.10,,66,2348800
107/08/31,63000,34.00,34.10,33.90,34.10,,53,2141850
107/09/03,47000,34.50,34.50,33.95,34.15,0.05,45,1601650
107/09/04,91000,34.05,34.15,33.85,34.10,0.05,83,3095200
107/09/05,95001,34.05,34.15,33.95,34.10,,88,3230234
107/09/06,143000,34.00,34.10,33.90,34.10,,124,4856650
107/09/07,378000,33.90,34.00,33.45,33.80,0.30,106,12699200
107/09/10,307000,33.60,33.65,33.10,33.55,0.25,176,10264050
107/09/11,250000,33.35,33.35,32.45,33.30,0.25,208,8247100
107/09/12,282100,33.30,33.30,32.60,32.95,0.35,114,9249020
107/09/13,253493,32.85,33.00,32.00,32.20,0.75,214,8194448
107/09/14,402420,31.20,31.60,29.90,29.90,2.30,287,12206692
107/09/17,325620,30.00,30.50,29.75,29.85,0.05,198,9770720
107/09/18,73000,29.85,29.90,29.40,29.60,0.25,60,2164400
107/09/19,101072,29.50,29.75,29.10,29.15,0.45,69,2963133
107/09/20,109473,29.00,29.30,28.85,29.30,0.15,68,3183085
107/09/21,475130,28.45,28.60,27.75,28.00,X,203,13371292
107/09/25,313193,28.00,28.00,26.80,27.50,0.50,183,8570407
107/09/26,646175,27.30,28.65,27.30,28.45,0.95,289,18003220
107/09/27,463154,28.40,29.65,28.10,29.55,1.10,239,13293500
107/09/28,476200,29.70,29.90,29.20,29.90,0.35,311,14031379
107/10/01,290450,30.10,30.85,30.10,30.75,0.85,220,8856314
107/10/02,303000,30.90,31.00,30.00,30.95,0.20,191,9202400
107/10/03,397000,30.95,30.95,30.05,30.40,0.55,217,12045700
107/10/04,199410,30.00,30.45,29.50,29.55,0.85,152,5955195
107/10/05,154400,29.40,29.40,28.25,29.15,0.40,125,4456190
107/10/08,78000,29.00,29.00,28.40,28.60,0.55,69,2232400
107/10/09,261320,28.60,29.05,28.60,28.75,0.15,142,7531600
107/10/11,291300,28.70,28.80,28.35,28.80,0.05,162,8308524
107/10/12,220320,28.55,29.35,28.50,29.35,0.55,156,6354926
107/10/15,136000,29.10,29.15,28.80,29.15,0.20,103,3934000
107/10/16,138000,28.90,29.35,28.65,28.65,0.50,100,3975000
107/10/17,128000,28.70,28.80,28.45,28.70,0.05,101,3658550
107/10/18,221050,28.50,28.65,28.35,28.65,0.05,120,6301520
107/10/19,105150,28.40,28.85,28.30,28.80,0.15,83,2996912
107/10/22,97000,28.45,28.70,28.40,28.40,0.40,75,2762300
107/10/23,242578,28.40,28.45,27.95,28.45,0.05,143,6828415
107/10/24,211000,28.35,28.45,28.25,28.30,0.15,129,5981450
107/10/25,444000,28.30,28.40,28.00,28.15,0.15,145,12539250
107/10/26,357000,28.15,28.20,28.00,28.15,,115,10027200
107/10/29,335995,28.15,28.15,28.05,28.05,0.10,137,9447810
107/10/30,393100,28.05,28.50,28.00,28.00,0.05,152,11035445
107/10/31,145000,28.05,28.25,28.00,28.00,,118,4070700
107/11/01,101061,28.05,28.15,28.00,28.00,,98,2835670
107/11/02,323344,28.05,28.30,28.00,28.05,0.05,88,9069000
107/11/08,247000,28.20,28.30,28.15,28.20,0.05,50,6955700
107/11/09,231000,28.05,28.30,28.05,28.20,,38,6493100
107/11/12,190000,28.10,28.30,28.05,28.10,0.10,19,5349200
107/11/16,666000,28.35,28.50,28.10,28.50,0.15,49,18943600
107/11/19,169000,28.80,29.25,28.70,29.05,0.55,120,4902750
107/11/20,133000,29.05,29.25,28.90,29.10,0.05,82,3862600
107/11/21,205000,29.10,29.35,29.05,29.35,0.25,87,5973800
107/11/22,84000,29.35,29.40,29.10,29.40,0.05,68,2454150
107/11/23,342000,29.40,29.60,29.20,29.60,0.20,100,10090550
107/11/26,328507,29.60,30.20,29.60,30.20,0.60,141,9786763
107/11/27,263000,30.05,30.05,29.90,29.95,0.25,60,7897300
107/11/28,315140,29.95,30.15,29.95,30.15,0.20,73,9455306
107/11/29,425000,30.40,30.40,30.00,30.00,0.15,72,12797950
107/11/30,123000,30.00,30.10,30.00,30.00,,83,3695000
107/12/03,416000,30.30,30.50,30.30,30.50,0.50,105,12645800
107/12/04,322000,30.45,30.80,30.45,30.80,0.30,104,9832450
107/12/05,376010,30.60,30.85,30.60,30.80,,72,11555707
107/12/06,468000,30.65,30.70,30.30,30.35,0.45,118,14258350
107/12/07,325000,30.50,31.50,30.50,31.50,1.15,165,10146050
107/12/10,290100,31.30,31.50,31.20,31.35,0.15,88,9107810
107/12/11,316000,31.55,31.75,31.45,31.75,0.40,96,9977050
107/12/12,214474,31.60,31.70,31.50,31.50,0.25,70,6772157
107/12/13,94473,31.45,31.50,31.35,31.40,0.10,60,2969573
107/12/14,24100,31.45,31.45,31.35,31.40,,13,756635
107/12/17,373200,31.50,32.35,31.50,32.30,0.90,125,12002540
107/12/18,174000,32.30,32.30,32.25,32.30,,56,5619800
107/12/19,134000,32.30,32.30,31.95,32.20,0.10,73,4297800
107/12/20,71000,32.15,32.15,31.95,32.00,0.20,40,2273750
107/12/21,60966,32.00,32.05,31.85,32.00,,26,1947214
107/12/22,37000,32.00,32.00,31.85,31.95,0.05,17,1180950
107/12/24,142006,32.20,32.55,32.05,32.50,0.55,58,4612145
107/12/25,139000,32.35,32.75,32.15,32.75,0.25,42,4500150
107/12/26,104000,32.75,32.85,32.50,32.50,0.25,53,3399650
107/12/27,484000,32.70,33.30,32.50,33.05,0.55,240,15915200
107/12/28,419000,33.40,34.00,33.00,34.00,0.95,273,14015000
108/01/02,88005,33.90,34.00,33.60,33.70,0.30,72,2967083
108/01/03,76000,33.70,33.70,33.40,33.40,0.30,54,2547700
108/01/04,102000,33.40,33.40,33.10,33.30,0.10,57,3389200
108/01/07,216000,33.40,33.70,33.30,33.50,0.20,74,7231200
108/01/08,99000,33.40,33.45,33.30,33.45,0.05,45,3305700
108/01/09,252000,33.50,33.95,33.45,33.80,0.35,122,8497900
108/01/10,246000,33.95,33.95,33.65,33.90,0.10,40,8335200
108/01/11,400015,33.90,34.10,33.80,34.10,0.20,117,13587266
108/01/14,80036,34.05,34.05,33.80,33.85,0.25,48,2716168
108/01/15,157000,33.85,33.95,33.75,33.85,,80,5313850
108/01/16,99000,33.90,33.90,33.75,33.75,0.10,57,3349600
108/01/17,34000,33.75,33.80,33.65,33.75,,23,1145400
108/01/18,307200,33.80,33.95,33.75,33.95,0.20,79,10413880
108/01/21,28393,33.95,34.10,33.80,34.10,0.15,20,965212
108/01/22,114000,34.00,34.30,34.00,34.30,0.20,42,3896800
108/01/23,58000,34.25,34.40,34.25,34.35,0.05,35,1990600
108/01/28,80200,34.60,34.80,34.60,34.80,,37,2784510
108/01/29,379000,34.75,34.80,34.55,34.75,0.05,117,13165500
108/01/30,107750,34.70,34.85,34.55,34.55,0.20,53,3741075
108/02/11,212099,34.65,34.85,34.65,34.80,0.25,96,7379590
108/02/12,220198,34.90,35.20,34.85,35.15,0.35,89,7699509
108/02/13,388000,35.20,35.50,35.20,35.45,0.30,135,13720400
108/02/14,198185,35.45,35.55,35.40,35.50,0.05,63,7032917
108/02/15,162000,35.55,35.55,34.95,35.00,0.50,82,5711700
108/02/18,124000,35.00,35.20,34.95,35.15,0.15,90,4347150
108/02/19,95000,35.15,35.25,34.90,35.15,,45,3333300
108/02/20,87000,35.15,35.20,35.05,35.15,,34,3053400
108/02/21,133000,35.05,35.50,35.00,35.50,0.35,74,4679150
108/02/22,73002,35.50,35.55,35.35,35.40,0.10,36,2589425
108/02/25,32200,35.45,35.50,35.30,35.30,0.10,18,1138370
108/02/26,45000,35.30,35.30,34.90,35.10,0.20,39,1578100
108/02/27,34000,35.15,35.15,34.90,35.00,0.10,23,1189300
108/03/04,54150,35.00,35.00,34.55,34.65,0.35,31,1881597
108/03/05,91507,34.65,34.65,34.30,34.35,0.30,56,3151590
108/03/06,37886,34.60,34.60,34.25,34.45,0.10,28,1299839
108/03/07,33001,34.45,34.50,34.25,34.25,0.20,29,1133434
108/03/08,44000,34.25,34.35,34.05,34.20,0.05,21,1501850
108/03/11,44000,34.30,34.40,34.30,34.40,0.20,20,1512750
108/03/12,60015,34.40,34.45,34.35,34.35,0.05,45,2065764
108/03/13,85334,34.40,34.40,34.20,34.35,,44,2923389
108/03/14,88504,34.40,34.55,34.30,34.55,0.20,74,3045411
108/03/15,19000,34.55,34.55,34.45,34.55,,14,656100
108/03/18,30500,34.55,34.55,34.50,34.55,,15,1054774
108/03/19,254000,34.55,34.55,34.35,34.45,0.10,38,8749500
108/03/20,62000,34.55,34.55,34.20,34.50,0.05,32,2130950
108/03/21,44000,34.50,34.50,34.20,34.20,0.30,28,1509900
108/03/22,37000,34.25,34.30,34.10,34.15,0.05,27,1264550
108/03/25,35100,34.20,34.20,34.00,34.10,0.05,18,1195105
108/03/26,19000,34.10,34.15,34.05,34.15,0.05,10,647550
108/03/27,165000,34.15,34.60,34.15,34.60,0.45,91,5673750
108/03/28,261000,34.65,34.95,34.65,34.85,0.25,115,9081950
108/03/29,405140,34.95,35.50,34.95,35.30,0.45,185,14226107
