﻿千興,	2025
日期,成交股數,開盤價,最高價,最低價,收盤價,漲跌價差,成交筆數,成交金額
107/06/01,755210,3.90,4.30,3.90,4.16,0.16,123,3139148
107/06/04,353658,4.16,4.20,4.11,4.15,0.01,57,1473600
107/06/05,409000,4.20,4.20,4.07,4.15,,73,1693000
107/06/06,394074,4.15,4.16,4.00,4.16,0.01,66,1620610
107/06/07,534931,4.13,4.15,4.08,4.10,0.06,65,2202195
107/06/08,474898,4.10,4.10,4.00,4.00,0.10,80,1913752
107/06/11,949073,4.00,4.02,3.97,4.00,,115,3794062
107/06/12,376001,4.10,4.11,3.95,3.98,0.02,51,1504814
107/06/13,210001,4.05,4.05,3.98,3.98,,31,838614
107/06/14,909000,4.00,4.02,3.86,4.00,0.02,121,3579960
107/06/15,499250,3.99,4.10,3.97,4.00,,73,2004530
107/06/19,297000,4.00,4.00,3.93,3.98,0.02,35,1179260
107/06/20,171050,3.91,3.99,3.91,3.99,0.01,28,674540
107/06/21,315000,3.95,4.07,3.94,3.94,0.05,30,1244590
107/06/22,511100,3.91,3.95,3.86,3.86,0.08,76,1992634
107/06/25,460100,3.90,3.90,3.76,3.76,0.10,67,1771604
107/06/26,1480001,3.76,3.76,3.60,3.65,0.11,148,5376503
107/06/27,252000,3.64,3.77,3.64,3.69,0.04,47,933250
107/06/28,281000,3.59,3.70,3.59,3.70,0.01,50,1029990
107/06/29,432233,3.65,3.80,3.65,3.70,,66,1594603
107/07/02,412000,3.70,3.92,3.70,3.91,0.21,48,1589490
107/07/03,405000,3.92,3.95,3.85,3.88,0.03,53,1576840
107/07/04,418013,3.97,3.97,3.80,3.85,0.03,53,1621165
107/07/05,109902,3.82,3.93,3.81,3.93,0.08,38,422365
107/07/06,84010,3.90,3.93,3.82,3.90,0.03,34,327109
107/07/09,176000,3.82,3.92,3.73,3.90,,35,680430
107/07/10,131000,3.90,3.90,3.79,3.90,,24,504830
107/07/11,2019000,3.70,3.85,3.51,3.51,0.39,261,7244770
107/07/12,294361,3.16,3.16,3.16,3.16,0.35,71,930176
107/07/13,323310,2.85,2.85,2.85,2.85,0.31,82,921433
107/07/16,3452778,2.57,2.57,2.57,2.57,0.28,782,8873636
107/07/17,7712142,2.45,2.81,2.43,2.81,0.24,784,19855549
107/07/18,3369142,2.66,2.90,2.66,2.83,0.02,400,9454397
107/07/19,1491052,2.81,3.11,2.77,2.95,0.12,241,4457119
107/07/20,893001,2.89,3.06,2.85,2.99,0.04,158,2640043
107/07/23,463020,2.92,3.08,2.92,3.06,0.07,66,1402004
107/07/24,1204050,3.14,3.14,2.90,3.03,0.03,101,3599773
107/07/25,1503000,3.04,3.05,2.84,2.93,0.10,125,4381680
107/07/26,314403,2.93,2.93,2.86,2.88,0.05,54,911871
107/07/27,675050,2.91,2.94,2.89,2.94,0.06,67,1960756
107/07/30,265525,2.90,2.95,2.86,2.94,,45,770705
107/07/31,217500,2.95,2.95,2.90,2.94,,42,637670
107/08/01,198005,2.94,2.99,2.93,2.96,0.02,34,587883
107/08/02,668002,2.95,2.99,2.88,2.95,0.01,66,1947956
107/08/03,293007,2.95,3.07,2.92,2.95,,87,865781
107/08/06,203639,2.95,2.95,2.91,2.95,,27,594541
107/08/07,182500,2.91,2.95,2.90,2.92,0.03,29,535339
107/08/08,395181,2.90,2.94,2.90,2.90,0.02,236,1151342
107/08/09,266639,2.90,2.95,2.90,2.91,0.01,66,778582
107/08/10,287104,2.91,2.94,2.90,2.92,0.01,41,837963
107/08/13,523206,2.90,2.92,2.85,2.92,,82,1500955
107/08/14,686716,2.63,2.63,2.63,2.63,0.29,102,1806058
107/08/15,3550928,2.37,2.53,2.37,2.40,0.23,495,8462522
107/08/16,680838,2.32,2.50,2.30,2.39,0.01,115,1616080
107/08/17,1583335,2.39,2.40,2.16,2.17,0.22,179,3485342
107/08/20,452001,2.19,2.37,2.19,2.33,0.16,69,1048612
107/08/21,267000,2.33,2.41,2.33,2.38,0.05,50,628920
107/08/22,374000,2.35,2.50,2.35,2.49,0.11,61,914510
107/08/23,701405,2.50,2.73,2.50,2.64,0.15,107,1841044
107/08/24,424000,2.60,2.66,2.45,2.51,0.13,53,1067220
107/08/27,158247,2.50,2.54,2.42,2.42,0.09,38,387666
107/08/28,84195,2.53,2.53,2.40,2.45,0.03,13,203638
107/08/29,421000,2.51,2.60,2.49,2.58,0.13,56,1077600
107/08/30,405783,2.58,2.60,2.53,2.59,0.01,49,1045243
107/08/31,663053,2.43,2.58,2.43,2.51,0.08,75,1651532
