﻿宇隆,	2233
日期,成交股數,開盤價,最高價,最低價,收盤價,漲跌價差,成交筆數,成交金額
108/10/01,112493,71.80,72.60,71.80,72.40,0.40,78,8110644
108/10/02,320943,72.20,73.40,72.20,72.40,,264,23337163
108/10/03,283187,71.60,72.00,71.40,71.70,0.70,233,20269820
108/10/04,114605,72.00,72.10,71.40,71.70,,90,8204774
108/10/07,95156,71.70,72.10,71.70,71.70,,73,6834981
108/10/08,124171,72.10,72.10,71.50,71.60,0.10,103,8907935
108/10/09,164016,71.50,71.50,70.90,70.90,0.70,135,11653832
108/10/14,168750,71.40,71.80,70.90,70.90,,142,12032823
108/10/15,263899,71.10,71.50,70.70,70.80,0.10,206,18709816
108/10/16,231538,70.80,71.40,70.60,70.80,,191,16404440
108/10/17,246115,71.20,71.20,70.70,70.80,,179,17426850
108/10/18,417735,71.10,71.70,70.80,71.70,0.90,281,29726850
108/10/21,174661,72.30,72.30,71.30,71.70,,147,12525824
108/10/22,170467,71.80,72.20,71.70,71.90,0.20,178,12263656
108/10/23,311875,71.90,72.90,71.60,72.90,1.00,237,22488834
108/10/24,340525,72.90,73.50,72.50,72.90,,286,24892464
108/10/25,232611,72.90,72.90,71.90,72.00,0.90,181,16814250
108/10/28,151872,72.40,72.40,71.50,71.80,0.20,137,10901016
108/10/29,468865,71.80,71.90,70.70,71.10,0.70,330,33352707
108/10/30,221367,71.30,71.30,70.80,71.20,0.10,196,15703118
108/10/31,201730,71.10,71.50,70.80,70.90,0.30,169,14313857
108/11/01,112757,71.50,71.50,70.70,70.90,,96,7989167
108/11/04,147930,70.90,71.40,70.80,71.30,0.40,131,10515030
108/11/05,234498,71.60,72.50,71.50,72.20,0.90,208,16898556
108/11/06,486200,72.40,72.50,70.70,70.90,1.30,419,34643440
108/11/07,178553,71.00,71.50,70.70,70.80,0.10,147,12657504
108/11/08,101224,71.30,71.30,70.70,71.00,0.20,87,7175977
108/11/11,218675,71.00,71.00,70.10,70.30,0.70,158,15413850
108/11/12,118901,70.30,70.40,70.10,70.20,0.10,106,8348238
108/11/13,237579,70.20,70.50,69.80,70.30,0.10,166,16629030
108/11/14,201605,70.50,70.50,69.50,69.60,0.70,160,14059044
108/11/15,202726,69.60,69.90,69.40,69.50,0.10,139,14109955
108/11/18,120548,69.80,69.90,69.20,69.70,0.20,102,8376037
108/11/19,251777,69.80,69.80,69.30,69.30,0.40,166,17492022
108/11/20,169136,69.30,69.30,69.10,69.30,,108,11699922
108/11/21,227676,69.00,69.00,68.60,68.90,0.40,157,15656911
108/11/22,99450,68.90,69.50,68.70,69.50,0.60,84,6877400
108/11/25,435002,70.20,70.20,68.60,68.60,0.90,279,30101127
108/11/26,165558,69.00,70.00,68.80,70.00,1.40,126,11459014
108/11/27,151175,70.00,70.00,69.40,69.80,0.20,112,10551211
108/11/28,65450,69.90,69.90,69.60,69.60,0.20,54,4567064
108/11/29,205776,70.00,70.10,68.80,69.00,0.60,155,14256867
108/12/02,102450,69.00,69.40,68.30,68.50,0.50,79,7020750
108/12/03,64450,68.30,68.90,68.30,68.70,0.20,63,4427412
108/12/04,137540,68.70,69.40,68.50,68.60,0.10,109,9462951
108/12/05,105151,69.20,69.20,68.60,68.70,0.10,95,7223252
108/12/06,115413,69.00,69.00,68.60,69.00,0.30,98,7937797
108/12/09,193441,69.60,69.90,69.20,69.90,0.90,138,13479936
108/12/10,463485,70.40,71.70,70.40,70.80,0.90,357,32962390
108/12/11,178104,71.00,71.30,70.60,70.60,0.20,144,12609938
108/12/12,116278,70.60,70.80,70.30,70.50,0.10,101,8189897
108/12/13,100843,70.50,71.20,70.30,70.40,0.10,98,7101110
108/12/16,176975,70.50,71.30,70.50,71.00,0.60,153,12553822
108/12/17,286048,71.40,71.50,70.90,71.00,,189,20354508
108/12/18,160166,71.10,71.20,70.80,70.80,0.20,131,11363746
108/12/19,160593,71.10,71.10,70.40,70.40,0.40,128,11335546
108/12/20,113227,70.60,71.10,70.40,70.80,0.40,87,8012702
108/12/23,133863,71.00,71.20,70.80,71.10,0.30,85,9501012
108/12/24,379887,71.40,72.00,71.10,71.80,0.70,302,27191638
108/12/25,340344,71.80,72.20,71.70,72.10,0.30,266,24488925
108/12/26,227464,72.10,72.20,71.80,72.10,,180,16384449
108/12/27,172268,72.10,72.30,72.00,72.10,,145,12424713
108/12/30,255937,72.10,72.60,72.00,72.50,0.40,199,18510955
108/12/31,425354,72.50,73.30,72.50,72.80,0.30,344,31024830
109/01/02,576072,73.10,73.80,73.10,73.50,0.70,425,42384987
109/01/03,416485,73.50,73.80,71.90,72.40,1.10,329,30294960
109/01/06,192880,72.30,72.30,71.80,72.10,0.30,179,13896560
109/01/07,180042,72.30,72.30,71.70,72.20,0.10,140,12961732
109/01/08,189838,71.90,71.90,71.50,71.50,0.70,149,13607897
109/01/09,90950,71.60,72.50,71.60,72.00,0.50,84,6545622
109/01/10,290624,72.40,72.70,72.20,72.30,0.30,229,21057228
109/01/13,182975,72.50,73.00,72.30,73.00,0.70,158,13301075
109/01/14,1154740,73.30,74.70,73.30,74.60,1.60,817,85655490
109/01/15,449656,74.20,74.80,74.00,74.60,,357,33495269
109/01/16,305565,74.60,75.00,74.20,74.50,0.10,249,22800887
109/01/17,442590,74.60,75.20,74.40,74.70,0.20,340,33108371
109/01/20,317654,74.20,74.90,73.90,74.20,0.50,255,23572319
109/01/30,1075663,71.00,71.00,67.70,68.20,6.00,816,74222175
109/01/31,493227,68.00,69.20,67.20,68.20,,365,33553774
