﻿宏旭-KY,	2243
日期,成交股數,開盤價,最高價,最低價,收盤價,漲跌價差,成交筆數,成交金額
107/06/01,16000,31.70,32.00,31.50,31.50,0.50,13,506300
107/06/04,10000,31.15,31.75,31.15,31.40,0.10,10,314150
107/06/05,49000,31.40,31.40,30.60,31.00,0.40,39,1515900
107/06/06,32050,30.70,32.25,30.70,31.40,0.40,22,1013870
107/06/07,32000,31.05,31.50,31.05,31.50,0.10,24,996050
107/06/08,178000,31.30,33.50,31.20,32.55,1.05,146,5794300
107/06/11,115000,32.95,33.50,32.50,32.50,0.05,93,3778200
107/06/12,55000,32.50,32.50,31.35,31.80,0.70,50,1741400
107/06/13,47000,31.50,31.75,31.40,31.50,0.30,31,1482150
107/06/14,42000,31.50,31.50,31.10,31.15,0.35,37,1316700
107/06/15,13000,32.00,32.00,31.15,31.45,0.30,13,410450
107/06/19,55000,31.45,31.75,30.40,31.70,0.25,37,1705900
107/06/20,31000,31.70,31.70,30.80,31.50,0.20,24,960150
107/06/21,27000,31.00,31.80,31.00,31.30,0.20,17,846450
107/06/22,14000,30.90,31.35,30.90,31.35,0.05,11,434700
107/06/25,15002,31.00,31.75,31.00,31.55,0.20,10,468718
107/06/26,52000,31.00,31.40,30.50,31.40,0.15,36,1598850
107/06/27,26000,31.05,31.05,30.50,30.55,0.85,18,798650
107/06/28,12001,31.00,31.00,30.65,30.65,0.10,13,370083
107/06/29,15000,30.40,31.30,30.40,30.60,0.05,14,461000
107/07/02,9000,30.80,30.95,30.55,30.60,,9,276700
107/07/03,16000,30.60,30.60,30.20,30.20,0.40,13,487850
107/07/04,9000,30.20,30.20,30.10,30.10,0.10,8,271350
107/07/05,35000,29.50,29.75,29.25,29.75,0.35,23,1027500
107/07/06,55000,29.30,29.30,27.50,28.50,1.25,38,1559200
107/07/09,9000,28.50,29.70,28.50,29.30,0.80,8,259800
107/07/10,12000,30.45,30.45,29.30,29.35,0.05,10,358650
107/07/11,5000,29.35,29.40,29.35,29.35,,5,146800
107/07/12,4000,28.40,28.55,28.40,28.50,0.85,4,113950
107/07/13,11000,28.50,28.60,28.50,28.60,0.10,10,314100
107/07/16,3000,28.45,28.85,28.45,28.60,,3,85900
107/07/17,13000,28.60,29.70,28.60,28.65,0.05,13,375500
107/07/18,14001,28.50,28.50,28.05,28.05,X,15,395530
107/07/19,1000,28.35,28.35,28.35,28.35,0.30,1,28350
107/07/20,9000,27.85,27.85,27.55,27.55,0.80,9,248550
107/07/23,19000,26.75,26.75,26.00,26.10,1.45,19,498650
107/07/24,56000,25.60,26.10,25.30,25.55,0.55,37,1426700
107/07/25,54000,24.90,25.50,24.90,25.40,0.15,29,1367550
107/07/26,26000,25.40,26.00,25.40,25.60,0.20,18,663550
107/07/27,38049,26.00,26.50,26.00,26.40,0.80,25,1002993
107/07/30,13000,26.40,26.95,25.60,25.60,0.80,13,337250
107/07/31,9002,25.70,25.70,25.20,25.70,0.10,8,228056
107/08/01,21000,25.50,25.50,25.50,25.50,0.20,13,535500
107/08/02,12000,25.50,25.50,25.50,25.50,,8,306000
107/08/03,8000,25.50,25.50,25.40,25.40,0.10,8,203600
107/08/06,12000,25.10,25.40,25.05,25.05,0.35,10,301500
107/08/07,17000,25.00,25.60,25.00,25.15,0.10,9,427500
107/08/08,5000,24.75,25.15,24.75,25.15,,5,124550
107/08/09,7000,25.50,26.00,24.85,25.15,,7,177700
107/08/10,24000,24.80,25.30,24.40,24.50,0.65,18,594200
107/08/13,108000,24.05,24.05,22.10,22.45,2.05,74,2418450
107/08/14,27000,22.50,22.95,22.00,22.95,0.50,20,610050
107/08/15,25001,21.75,21.90,21.70,21.85,1.10,18,545422
107/08/16,30149,21.05,21.50,21.00,21.20,0.65,28,639128
107/08/17,35151,21.30,21.30,21.20,21.20,,23,745541
107/08/20,86199,21.20,23.30,21.20,23.30,2.10,58,1966686
107/08/21,267005,25.60,25.60,24.00,24.10,0.80,193,6626127
107/08/22,35002,23.90,24.25,23.50,23.85,0.25,27,832853
107/08/23,17151,23.30,23.45,23.05,23.05,0.80,18,398824
107/08/24,3000,22.75,22.90,22.35,22.35,0.70,3,68000
107/08/27,13000,22.35,22.80,22.35,22.65,0.30,13,294050
107/08/28,26350,23.15,24.10,23.15,24.10,1.45,20,625145
107/08/29,17100,23.70,23.70,22.60,23.00,1.10,19,393200
107/08/30,0,--,--,--,--,,0,0
107/08/31,50,--,--,--,--,,1,1150
107/09/03,24200,22.65,22.65,22.00,22.00,X,21,535008
107/09/04,6000,22.30,22.50,22.30,22.50,0.50,5,134400
107/09/05,2004,23.00,23.00,23.00,23.00,0.50,3,46092
107/09/06,19105,22.20,22.20,21.50,22.00,1.00,20,420210
107/09/07,25000,21.60,22.40,21.50,22.00,,22,544750
107/09/10,19299,21.50,21.50,20.70,20.70,1.30,20,404529
107/09/11,19001,20.15,20.65,20.00,20.30,0.40,18,383620
107/09/12,8000,20.50,20.75,20.05,20.75,0.45,8,162700
107/09/13,10000,20.35,20.70,20.20,20.70,0.05,9,204600
107/09/14,14000,20.70,20.80,20.50,20.50,0.20,10,288850
107/09/17,14000,20.20,20.20,20.00,20.00,0.50,10,281900
107/09/18,21000,20.10,20.10,20.00,20.00,,9,420900
107/09/19,9000,20.00,21.00,20.00,20.35,0.35,8,183950
107/09/20,11074,20.35,20.35,20.00,20.10,0.25,12,222780
107/09/21,19000,20.10,20.60,20.00,20.60,0.50,15,381200
107/09/25,15013,20.60,20.60,19.70,19.80,0.80,17,301105
107/09/26,15000,20.20,20.20,19.35,19.80,,14,295600
107/09/27,8001,19.80,19.80,19.80,19.80,,5,158419
107/09/28,10000,19.55,19.60,19.50,19.60,0.20,8,195300
107/10/01,0,--,--,--,--,,0,0
107/10/02,5000,19.60,19.70,19.60,19.70,X,5,98300
107/10/03,9001,19.70,19.80,19.60,19.60,0.10,10,177119
107/10/04,8100,19.15,19.65,19.15,19.35,0.25,8,157270
107/10/05,23071,19.35,20.00,19.35,19.60,0.25,16,452202
107/10/08,2000,19.60,19.60,19.50,19.50,0.10,2,39100
107/10/09,21280,19.50,20.50,19.20,20.40,0.90,17,415367
107/10/11,49070,19.20,19.20,18.40,18.40,2.00,32,910598
107/10/12,50071,16.65,18.10,16.65,17.05,1.35,41,856371
107/10/15,8000,17.05,17.50,17.05,17.45,0.40,7,138700
107/10/16,8000,17.45,17.45,17.10,17.40,0.05,7,138950
107/10/17,26000,18.90,18.90,17.70,18.00,0.60,24,472350
107/10/18,75150,18.60,19.50,18.60,19.00,1.00,56,1437370
107/10/19,33200,18.10,19.40,18.10,19.40,0.40,29,627040
107/10/22,4000,19.45,19.45,19.40,19.40,,4,77700
107/10/23,9000,19.35,19.35,18.70,18.70,0.70,6,169050
107/10/24,10000,18.30,19.50,18.30,19.20,0.50,8,191750
107/10/25,10000,19.20,19.20,18.25,18.45,0.75,9,189350
107/10/26,12000,18.70,18.70,18.45,18.45,,4,222900
107/10/29,14000,18.40,18.50,18.05,18.05,0.40,12,256350
107/10/30,17000,18.00,18.75,18.00,18.00,0.05,13,307550
107/10/31,8000,18.05,18.20,18.00,18.20,0.20,7,144850
107/11/01,12000,17.50,18.05,17.50,18.05,0.15,7,211050
107/11/02,25000,17.70,18.05,17.40,18.05,,18,442200
107/11/08,15000,17.50,17.60,17.50,17.60,0.20,13,263050
107/11/09,9000,17.50,18.00,17.50,18.00,0.40,8,160500
107/11/12,22009,17.65,18.00,17.65,17.95,0.05,20,392662
107/11/16,85406,22.70,22.70,20.15,20.75,0.15,69,1820904
107/11/19,88014,20.00,20.50,19.50,19.50,1.25,70,1758073
107/11/20,95000,19.55,20.50,19.05,19.05,0.45,62,1883000
107/11/21,56000,19.20,19.90,19.00,19.00,0.05,45,1081400
107/11/22,26400,19.10,19.70,19.10,19.30,0.30,26,514080
107/11/23,8000,19.30,19.40,19.10,19.40,0.10,6,154000
107/11/26,17000,19.50,19.65,19.45,19.65,0.25,17,332150
107/11/27,41000,19.00,19.45,18.55,19.35,0.30,35,784400
107/11/28,38000,19.60,19.95,19.40,19.70,0.35,29,746400
107/11/29,115000,19.70,20.00,19.60,19.90,0.20,51,2271550
107/11/30,84406,19.90,19.90,19.50,19.50,0.40,43,1659457
107/12/03,56000,19.35,19.70,19.35,19.65,0.15,31,1094650
107/12/04,56000,19.45,20.40,19.20,19.90,0.25,36,1111650
107/12/05,95061,19.90,20.75,19.70,20.70,0.80,64,1920874
107/12/06,75000,20.50,21.75,20.10,20.10,0.60,63,1555450
107/12/07,41000,20.30,20.85,20.20,20.20,0.10,30,843500
107/12/10,36000,19.95,19.95,19.50,19.75,0.45,23,710400
107/12/11,41000,19.70,19.85,19.30,19.30,0.45,26,806400
107/12/12,33000,19.50,19.70,19.35,19.35,0.05,18,648050
107/12/13,60061,19.45,20.50,19.45,19.95,0.60,33,1181357
107/12/14,39000,19.40,19.70,19.40,19.70,0.25,27,764500
107/12/17,32000,19.45,19.65,19.40,19.40,0.30,19,625600
107/12/18,25000,19.75,19.75,19.10,19.15,0.25,12,486400
107/12/19,44000,19.00,19.50,19.00,19.50,0.35,26,851600
107/12/20,38000,19.50,19.80,19.30,19.80,0.30,24,748900
107/12/21,19000,19.70,20.00,19.65,19.80,,13,375600
107/12/22,18000,19.80,20.10,19.60,19.80,,13,358300
107/12/24,44000,19.60,20.30,19.40,20.30,0.50,24,874850
107/12/25,48000,20.30,20.50,19.70,19.95,0.35,27,962550
107/12/26,37000,19.55,19.90,19.30,19.30,0.65,26,725700
107/12/27,24000,19.35,19.65,19.35,19.40,0.10,17,468050
107/12/28,24000,19.40,20.30,19.35,20.30,0.90,17,476600
108/01/02,33007,20.40,20.40,19.35,19.50,0.80,30,646287
108/01/03,12059,19.30,19.30,18.95,18.95,0.55,10,230576
108/01/04,21000,19.00,19.00,18.50,18.50,0.45,18,395750
108/01/07,7000,18.90,19.00,18.90,19.00,0.50,5,132700
108/01/08,8000,19.00,19.15,18.65,19.05,0.05,7,151300
108/01/09,12000,18.90,19.15,18.90,19.10,0.05,11,227450
108/01/10,6000,18.75,18.75,18.60,18.60,0.50,5,112050
108/01/11,5000,18.95,18.95,18.50,18.50,0.10,5,93400
108/01/14,13008,18.80,18.80,18.25,18.25,0.25,12,240012
108/01/15,15000,18.60,18.60,18.25,18.35,0.10,13,274750
108/01/16,17000,18.35,18.35,18.05,18.10,0.25,15,308350
108/01/17,22000,18.35,18.90,18.10,18.50,0.40,15,408000
108/01/18,3000,18.35,18.35,18.30,18.30,0.20,3,54950
108/01/21,2000,18.15,18.15,18.15,18.15,0.15,2,36300
108/01/22,18000,18.15,18.20,18.10,18.10,0.05,9,326150
108/01/23,8000,18.05,18.05,17.80,17.80,0.30,6,143650
108/01/28,14000,17.70,18.00,17.70,17.70,0.15,12,249300
108/01/29,7000,17.95,17.95,17.95,17.95,0.25,3,125650
108/01/30,22000,17.95,17.95,17.80,17.90,0.05,10,392250
108/02/11,2025,17.70,17.70,17.70,17.70,0.20,4,35890
108/02/12,29030,17.60,17.85,17.50,17.50,0.20,24,513083
108/02/13,11000,17.70,17.80,17.70,17.80,0.30,9,194850
108/02/14,15000,17.60,18.00,17.60,18.00,0.20,12,268100
108/02/15,22241,17.80,17.80,17.05,17.50,0.50,19,388069
108/02/18,3000,17.95,17.95,17.95,17.95,0.45,3,53850
108/02/19,12000,18.00,18.00,17.70,18.00,0.05,9,215700
108/02/20,2001,17.80,17.80,17.80,17.80,0.20,3,35617
108/02/21,34000,17.80,18.50,17.80,18.10,0.30,18,612100
108/02/22,26000,18.10,18.10,17.70,17.70,0.40,17,463850
108/02/25,12000,17.80,17.80,17.50,17.55,0.15,6,211750
108/02/26,5000,17.75,17.80,17.75,17.80,0.25,3,88850
108/02/27,6000,17.70,17.80,17.70,17.80,,5,106700
108/03/04,11000,17.55,17.60,17.55,17.60,0.20,6,193150
108/03/05,12000,17.60,17.60,17.55,17.55,0.05,10,211150
108/03/06,2000,17.55,17.55,17.55,17.55,,2,35100
108/03/07,7000,17.50,17.70,17.50,17.50,0.05,7,123200
108/03/08,824000,18.50,19.25,18.50,19.25,1.75,327,15799450
108/03/11,1276007,19.90,21.15,19.90,21.15,1.90,701,26438298
108/03/12,1447015,22.40,23.25,21.70,22.80,1.65,867,33030545
108/03/13,827200,22.45,22.95,21.90,22.30,0.50,513,18513949
108/03/14,492056,22.60,23.20,22.05,22.30,,309,11150960
108/03/15,219005,22.40,22.50,21.65,22.40,0.10,156,4815472
108/03/18,476000,22.20,22.35,20.30,20.60,1.80,319,10136700
108/03/19,986099,20.50,20.60,18.90,20.00,0.60,637,19333109
108/03/20,253600,20.00,20.40,19.55,19.55,0.45,175,5035159
108/03/21,197000,19.55,20.05,19.55,19.70,0.15,131,3908800
108/03/22,75000,19.70,19.85,19.65,19.80,0.10,57,1481800
108/03/25,98000,19.80,19.80,19.00,19.10,0.70,67,1890200
108/03/26,399730,19.10,19.45,18.15,18.35,0.75,224,7468244
108/03/27,380400,18.35,19.60,18.35,19.25,0.90,242,7239539
108/03/28,200400,18.95,19.75,18.95,19.00,0.25,143,3853050
108/03/29,92000,18.80,18.90,18.55,18.75,0.25,68,1722050
108/04/01,176154,18.75,18.75,18.00,18.10,0.65,133,3228436
108/04/02,110863,18.20,18.20,17.70,17.75,0.35,86,1982366
108/04/03,83013,17.80,18.20,17.80,17.85,0.10,64,1490734
108/04/08,87642,18.00,18.15,17.65,17.70,0.15,64,1563584
108/04/09,57000,17.80,18.10,17.80,17.85,0.15,46,1023250
108/04/10,362250,18.10,19.35,18.10,19.15,1.30,276,6843550
108/04/11,169030,19.35,19.50,18.50,18.55,0.60,108,3180301
108/04/12,100016,18.55,19.05,18.40,18.50,0.05,77,1871595
108/04/15,50382,18.50,18.50,18.10,18.20,0.30,44,921159
108/04/16,89000,18.10,18.20,17.80,18.00,0.20,48,1597450
108/04/17,204000,18.00,19.10,17.75,18.80,0.80,133,3754050
108/04/18,149000,19.20,19.30,18.65,18.65,0.15,114,2819850
108/04/19,82000,18.60,19.05,18.40,18.50,0.15,58,1534750
108/04/22,37000,18.55,19.05,18.55,18.80,0.30,32,696600
108/04/23,19000,18.60,18.90,18.60,18.70,0.10,18,355900
108/04/24,11000,18.70,18.70,18.55,18.65,0.05,11,204950
108/04/25,19000,18.70,18.70,18.35,18.55,0.10,16,351750
108/04/26,25000,18.40,18.40,18.05,18.15,0.40,21,453950
108/04/29,61208,18.10,18.10,17.65,17.65,0.50,42,1088361
108/04/30,21000,17.65,18.20,17.65,18.05,0.40,18,375550
108/05/02,9400,18.05,18.20,17.85,18.20,0.15,9,169380
108/05/03,40590,18.00,18.20,17.85,17.85,0.35,35,730261
108/05/06,22000,17.85,18.00,17.60,17.85,,14,390050
108/05/07,31000,17.80,18.30,17.80,18.00,0.15,27,558800
108/05/08,20000,18.00,18.00,17.80,17.85,0.15,15,357700
108/05/09,39481,18.05,18.05,17.50,17.55,0.30,31,696668
108/05/10,39184,18.20,18.20,17.50,17.65,0.10,33,692747
108/05/13,178190,17.45,17.45,15.90,15.90,1.75,115,2888499
108/05/14,372016,14.80,14.90,14.35,14.85,1.05,218,5428133
108/05/15,64619,15.00,15.65,15.00,15.35,0.50,58,996238
108/05/16,52500,15.65,15.65,14.55,14.55,0.80,31,788024
108/05/17,47121,14.50,14.95,14.45,14.50,0.05,38,686754
108/05/20,35563,14.60,14.80,14.40,14.45,0.05,33,515385
108/05/21,24000,14.45,15.00,14.45,15.00,0.55,21,352000
108/05/22,19001,15.05,15.05,14.60,14.75,0.25,18,280314
108/05/23,5000,15.30,15.30,14.70,14.80,0.05,5,74600
108/05/24,3000,15.00,15.00,14.90,14.90,0.10,3,44850
108/05/27,17050,15.00,15.10,14.90,15.10,0.20,14,255155
108/05/28,8000,15.00,15.30,15.00,15.00,0.10,6,120450
108/05/29,17000,14.60,15.35,14.60,14.90,0.10,14,253900
108/05/30,61001,15.15,15.15,14.85,14.85,0.05,39,909064
108/05/31,42000,14.85,14.90,14.75,14.85,,22,623250
108/06/03,27001,14.80,14.95,14.80,14.85,,19,400514
108/06/04,27001,14.85,14.85,14.65,14.85,,10,398464
108/06/05,23000,14.90,15.00,14.85,14.85,,14,343400
108/06/06,60001,14.90,14.90,14.60,14.65,0.20,29,885914
108/06/10,48001,14.90,14.90,14.40,14.80,0.15,24,699114
108/06/11,20001,14.90,14.90,14.70,14.85,0.05,14,296214
108/06/12,114000,14.70,14.70,14.50,14.60,0.25,62,1664200
108/06/13,59360,14.55,14.70,14.50,14.60,,30,865819
108/06/14,53000,14.60,14.60,14.20,14.40,0.20,33,760100
108/06/17,37000,14.30,14.50,14.30,14.50,0.10,16,534850
108/06/18,6000,14.50,14.50,14.40,14.40,0.10,3,86900
108/06/19,102000,14.50,14.50,14.00,14.20,0.20,54,1449450
108/06/20,44000,14.20,14.30,14.15,14.20,,17,625050
108/06/21,26000,14.70,14.70,14.40,14.50,0.30,20,376700
108/06/24,41100,14.55,14.70,14.50,14.70,0.20,27,598280
108/06/25,30000,14.70,14.70,14.30,14.35,0.35,19,437550
108/06/26,36100,14.50,15.15,14.40,15.00,0.65,32,531714
108/06/27,34000,15.00,15.45,15.00,15.05,0.05,24,512600
108/06/28,14000,15.10,15.10,15.05,15.05,,11,210900
