﻿雲品,	2748
日期,成交股數,開盤價,最高價,最低價,收盤價,漲跌價差,成交筆數,成交金額
107/06/01,83000,58.00,58.20,57.70,58.00,,57,4808400
107/06/04,29000,58.00,58.10,58.00,58.00,,21,1682100
107/06/05,73000,58.00,59.90,57.60,58.60,0.60,39,4238200
107/06/06,30000,58.60,58.80,58.60,58.70,0.10,23,1760300
107/06/07,55000,58.20,59.10,58.20,59.10,0.40,36,3233000
107/06/08,20000,59.10,59.20,58.80,59.20,0.10,14,1180200
107/06/11,65000,59.10,60.40,59.10,60.00,0.80,47,3875700
107/06/12,238000,60.60,62.50,60.50,61.70,1.70,125,14608700
107/06/13,65000,62.00,62.00,60.40,61.00,0.70,37,3954700
107/06/14,50000,60.90,61.00,60.40,60.40,0.60,26,3037800
107/06/15,32000,60.00,60.10,59.90,59.90,0.50,24,1919200
107/06/19,50002,58.50,59.50,58.50,59.30,0.60,31,2956319
107/06/20,29000,59.00,59.40,58.00,58.40,0.90,16,1701500
107/06/21,34000,58.50,58.50,58.50,58.50,0.10,1,1989000
107/06/22,1563070,64.30,64.30,62.20,64.30,5.80,639,100413900
107/06/25,1381237,66.60,70.50,65.00,69.60,5.30,808,93792997
107/06/26,995082,68.00,71.50,66.50,70.00,0.40,598,69289997
107/06/27,482153,67.60,70.00,65.50,66.00,X,320,32250850
107/06/28,558205,66.00,69.40,65.20,68.80,2.80,398,38015465
107/06/29,778259,68.80,72.50,68.50,70.40,1.60,502,54863759
107/07/02,688260,70.80,74.90,70.80,73.20,2.80,454,49928308
107/07/03,533480,74.00,74.20,70.30,70.30,2.90,390,38167985
107/07/04,338000,71.80,71.80,68.50,69.00,1.30,234,23562500
107/07/05,429200,68.70,70.80,67.70,69.40,0.40,260,29816140
107/07/06,160100,69.40,71.00,68.50,69.80,0.40,109,11118580
107/07/09,181010,69.90,71.00,68.60,70.50,0.70,124,12686312
107/07/10,138000,71.00,71.10,68.80,70.00,0.50,81,9601000
107/07/11,58000,70.00,70.00,69.10,69.70,0.30,48,4041300
107/07/12,38000,69.20,69.60,69.20,69.50,0.20,31,2636400
107/07/13,171010,69.00,69.50,68.90,68.90,0.60,87,11824489
107/07/16,92093,68.90,68.90,68.30,68.30,0.60,54,6301305
107/07/17,120139,68.30,68.30,67.40,68.00,0.30,83,8125754
107/07/18,87000,68.30,68.50,68.00,68.20,0.20,66,5928100
107/07/19,117097,68.20,68.50,68.00,68.40,0.20,69,7986034
107/07/20,92100,68.40,69.30,68.00,69.00,0.60,70,6328660
107/07/23,56000,69.00,69.00,68.00,69.00,,41,3857900
107/07/24,67000,69.00,69.50,67.00,69.50,0.50,50,4600400
107/07/25,33000,69.50,69.50,68.50,69.00,0.50,22,2278800
107/07/26,66500,68.90,68.90,67.80,67.80,1.20,58,4536849
107/07/27,22075,67.80,68.00,67.70,67.70,0.10,26,1497183
107/07/30,69000,67.80,69.00,67.80,67.90,0.20,63,4718200
107/07/31,43000,67.50,68.40,67.50,68.00,0.10,32,2923600
107/08/01,28058,67.50,68.90,67.50,68.70,0.70,25,1923684
107/08/02,28000,68.30,68.40,67.80,68.10,0.60,26,1903700
107/08/03,22000,68.10,68.10,67.60,67.90,0.20,20,1493100
107/08/06,36100,67.40,67.50,67.10,67.30,0.60,33,2431660
107/08/07,70000,67.10,69.40,67.10,68.20,0.90,52,4747700
107/08/08,46000,68.00,68.20,67.90,67.90,0.30,20,3135900
107/08/09,23200,67.90,69.20,67.90,68.20,0.30,21,1584660
107/08/10,29000,67.50,68.30,67.50,68.30,0.10,18,1973700
107/08/13,110001,68.00,68.60,67.50,68.50,0.20,100,7493468
107/08/14,38000,68.30,68.50,67.70,68.50,,31,2592500
107/08/15,29000,68.10,68.40,67.70,67.90,0.60,21,1973100
107/08/16,15141,67.40,68.00,65.50,68.00,0.10,12,1020802
107/08/17,61000,67.10,69.80,67.10,68.30,0.30,53,4190500
107/08/20,8000,68.20,68.20,67.50,68.20,0.10,7,542100
107/08/21,20054,68.20,68.20,67.50,67.60,0.60,22,1357750
107/08/22,21500,67.60,68.00,67.20,67.50,0.10,24,1454900
107/08/23,34079,67.50,68.00,67.50,67.50,,27,2304051
107/08/24,22110,67.50,67.50,67.00,67.10,0.40,19,1486437
107/08/27,66475,67.20,67.20,66.30,66.50,0.60,56,4434255
107/08/28,12000,66.50,67.00,66.50,67.00,0.50,12,800000
107/08/29,32032,67.20,67.20,66.20,67.00,,26,2135821
107/08/30,35046,67.00,67.00,66.50,67.00,,29,2339782
107/08/31,53000,66.30,66.40,66.00,66.30,0.70,38,3508300
107/09/03,33500,66.10,66.80,65.60,66.30,,26,2212400
107/09/04,24000,66.10,66.20,65.50,65.80,0.50,18,1578300
107/09/05,77000,65.20,65.80,65.00,65.70,0.10,43,5036800
107/09/06,10000,65.80,66.00,65.60,66.00,0.30,10,658000
107/09/07,27000,66.00,67.40,65.20,65.30,0.70,21,1782100
107/09/10,70000,63.20,65.00,63.20,64.50,0.80,36,4473300
107/09/11,51000,65.00,65.00,63.00,63.60,0.90,28,3239400
107/09/12,111000,63.90,63.90,59.30,61.00,2.60,71,6803000
107/09/13,82000,61.00,64.00,61.00,62.30,1.30,58,5117000
107/09/14,23000,63.00,63.00,61.20,62.90,0.60,19,1419400
107/09/17,26050,62.90,62.90,61.60,62.20,0.70,19,1620915
107/09/18,38000,62.20,62.60,62.20,62.20,,17,2368000
107/09/19,16000,62.10,63.60,62.00,62.20,,16,1002000
107/09/20,4000,62.20,62.50,61.80,62.30,0.10,4,248800
107/09/21,9050,62.00,62.20,62.00,62.00,0.30,10,561900
107/09/25,3003,61.50,62.80,61.50,62.80,0.80,5,186489
107/09/26,12119,62.80,63.00,62.80,63.00,0.20,13,761473
107/09/27,10066,63.00,63.70,63.00,63.70,0.70,11,635510
107/09/28,46000,64.00,64.50,63.70,63.70,,35,2953900
107/10/01,12031,64.40,64.50,64.40,64.50,0.80,11,775317
107/10/02,19000,64.50,64.80,64.40,64.60,0.10,15,1225700
107/10/03,23000,64.70,65.00,64.60,64.60,,15,1492300
107/10/04,14000,64.60,64.60,64.50,64.50,0.10,11,904100
107/10/05,23000,64.50,64.50,63.40,64.30,0.20,21,1470700
107/10/08,26050,64.30,64.50,63.20,64.30,,22,1668015
107/10/09,16000,64.30,64.50,64.00,64.50,0.20,11,1031100
107/10/11,76000,64.50,64.50,60.80,62.70,1.80,60,4740000
107/10/12,33000,61.00,62.50,61.00,61.80,0.90,29,2039500
107/10/15,15000,61.80,62.90,61.50,61.80,,15,929400
107/10/16,26048,63.00,63.00,62.00,62.30,0.50,23,1622576
107/10/17,7005,63.30,63.30,62.50,62.50,0.20,8,440209
107/10/18,18000,63.00,63.80,63.00,63.60,1.10,15,1140800
107/10/19,15170,62.20,63.50,62.20,63.50,0.10,14,961544
107/10/22,14000,63.50,63.90,62.30,63.60,0.10,11,886000
107/10/23,8050,62.00,63.50,62.00,63.10,0.50,8,506954
107/10/24,17160,63.30,63.30,62.50,63.00,0.10,15,1077480
107/10/25,32000,62.00,63.00,62.00,62.70,0.30,31,2000300
107/10/26,27000,63.00,63.00,61.60,62.60,0.10,22,1689500
107/10/29,13000,62.60,63.00,62.00,63.00,0.40,13,815100
107/10/30,42049,62.10,62.60,61.70,62.10,0.90,43,2608642
107/10/31,43010,62.40,63.00,62.00,62.10,,32,2695127
107/11/01,57000,63.00,64.20,62.50,63.30,1.20,37,3615800
107/11/02,58000,63.50,64.40,63.20,64.40,1.10,38,3699700
107/11/08,30000,63.60,64.00,63.00,63.20,0.40,17,1905000
107/11/09,54000,62.50,63.10,61.10,62.40,0.80,43,3335500
107/11/12,62000,61.50,61.50,60.30,61.50,0.90,39,3779000
107/11/16,23000,63.00,63.00,62.00,62.00,X,20,1433800
107/11/19,5000,62.00,63.00,62.00,63.00,1.00,4,311000
107/11/20,0,--,--,--,--,,0,0
107/11/21,1000,62.80,62.80,62.80,62.80,X,1,62800
107/11/22,43001,62.20,62.60,60.90,60.90,1.90,34,2632761
107/11/23,8000,61.80,61.80,61.00,61.00,0.10,6,491900
107/11/26,22000,63.00,63.00,61.90,61.90,0.90,22,1367600
107/11/27,73000,63.00,63.80,62.10,63.20,1.30,44,4600000
107/11/28,14000,62.70,62.80,62.20,62.80,0.40,11,876100
107/11/29,24000,62.50,63.60,62.30,63.00,0.20,16,1507700
107/11/30,28000,63.00,63.00,62.60,62.80,0.20,21,1760200
107/12/03,59000,63.00,67.50,63.00,64.10,1.30,51,3800200
107/12/04,19000,62.60,64.00,62.60,63.90,0.20,14,1212900
107/12/05,18000,63.00,63.90,62.80,63.90,,18,1142000
107/12/06,18000,64.60,64.60,62.30,62.30,1.60,15,1138200
107/12/07,8000,63.50,63.50,62.30,62.30,,8,501100
107/12/10,16000,62.10,62.20,62.00,62.20,0.10,10,994600
107/12/11,16100,62.50,62.50,62.00,62.00,0.20,15,999260
107/12/12,26000,62.00,63.20,62.00,62.30,0.30,16,1625300
107/12/13,4000,61.70,62.00,61.70,62.00,0.30,3,247400
107/12/14,8000,62.00,62.10,62.00,62.00,,4,496200
107/12/17,27000,62.00,62.10,61.90,62.00,,18,1674800
107/12/18,3000,62.00,63.10,62.00,63.10,1.10,3,187100
107/12/19,25003,62.20,62.50,61.90,62.50,0.60,18,1553489
107/12/20,20100,62.10,62.50,61.90,61.90,0.60,16,1249350
107/12/21,4020,61.90,62.80,61.70,61.80,0.10,5,249448
107/12/22,10000,63.00,63.00,62.80,62.80,1.00,3,628400
107/12/24,58000,63.50,63.50,61.80,62.00,0.80,41,3601800
107/12/25,31000,62.00,62.50,61.80,62.50,0.50,22,1928400
107/12/26,24000,63.10,63.10,62.50,62.60,0.10,16,1504700
107/12/27,8000,63.00,63.00,63.00,63.00,0.40,8,504000
107/12/28,16000,63.20,63.30,62.30,63.20,0.20,13,1010500
108/01/02,2009,62.50,62.50,62.50,62.50,0.70,3,125563
108/01/03,21000,62.40,62.80,62.20,62.80,0.30,14,1309100
108/01/04,34000,62.50,63.30,62.50,62.80,,26,2139300
108/01/07,20000,63.00,63.50,63.00,63.00,0.20,14,1264700
108/01/08,41000,63.30,63.60,63.30,63.60,0.60,29,2600000
108/01/09,29000,64.00,64.30,63.50,63.90,0.30,16,1847300
108/01/10,20000,65.00,65.00,63.50,63.50,0.40,17,1277000
108/01/11,29100,63.50,63.70,63.40,63.70,0.20,25,1847700
108/01/14,16000,63.10,63.70,62.80,63.70,,16,1015700
108/01/15,21000,62.70,63.70,62.70,62.90,0.80,20,1322900
108/01/16,11000,63.00,63.50,62.80,62.80,0.10,11,693200
108/01/17,17000,63.00,63.80,62.70,62.70,0.10,17,1071500
108/01/18,12000,62.70,62.80,62.50,62.80,0.10,10,751800
108/01/21,24100,62.80,62.80,62.30,62.40,0.40,18,1504980
108/01/22,31000,62.50,62.50,62.00,62.10,0.30,26,1926800
108/01/23,18000,62.10,62.80,62.10,62.20,0.10,17,1120700
108/01/28,37000,62.00,62.00,61.00,61.90,0.30,30,2282900
108/01/29,49000,62.00,62.20,61.50,62.00,0.10,44,3036900
108/01/30,41000,61.60,62.50,61.60,62.30,0.30,30,2543800
108/02/11,74000,62.10,63.60,62.00,62.40,0.10,52,4636800
108/02/12,67000,62.40,62.50,62.30,62.40,,38,4180600
108/02/13,43019,62.30,62.60,62.30,62.40,,37,2686297
108/02/14,63000,62.40,62.50,62.30,62.50,0.10,34,3931200
108/02/15,56000,63.00,63.00,62.30,62.60,0.10,44,3509800
108/02/18,30000,62.60,62.60,62.10,62.20,0.40,26,1867300
108/02/19,50000,62.00,62.20,61.30,62.10,0.10,38,3092800
108/02/20,14040,62.40,62.40,62.00,62.30,0.20,13,872996
108/02/21,47000,62.10,62.30,61.80,62.00,0.30,34,2916000
108/02/22,36000,62.90,62.90,61.90,62.00,,31,2234200
108/02/25,30000,62.00,62.20,62.00,62.20,0.20,17,1861900
108/02/26,49000,62.20,62.60,62.00,62.10,0.10,35,3046100
108/02/27,38000,62.80,62.80,61.50,62.20,0.10,35,2360700
108/03/04,149045,62.50,66.00,62.50,65.70,3.50,113,9491552
108/03/05,40010,65.70,65.70,64.20,64.20,1.50,32,2585548
108/03/06,29000,65.70,65.70,63.50,63.50,0.70,26,1869700
108/03/07,17000,63.50,63.50,63.00,63.50,,11,1075400
108/03/08,12001,63.00,63.50,63.00,63.00,0.50,12,757563
108/03/11,52000,63.00,63.50,62.90,63.50,0.50,29,3283000
108/03/12,53045,63.40,64.50,63.40,64.40,0.90,49,3390525
108/03/13,50000,64.50,64.50,63.80,64.00,0.40,42,3210600
108/03/14,11000,63.50,63.90,63.50,63.50,0.50,6,699300
108/03/15,21000,63.20,63.80,63.20,63.20,0.30,20,1332500
108/03/18,53000,63.20,63.50,63.10,63.20,,45,3352900
108/03/19,43000,63.20,63.40,63.00,63.00,0.20,30,2715700
108/03/20,58000,63.10,63.60,63.00,63.00,,49,3655500
108/03/21,51000,63.50,63.50,62.50,62.70,0.30,41,3210200
108/03/22,42000,62.60,63.00,62.60,62.70,,35,2637100
108/03/25,18000,62.70,63.50,62.70,63.00,0.30,14,1132600
108/03/26,30046,63.00,63.00,62.80,62.80,0.20,21,1887888
108/03/27,14000,63.50,63.50,63.20,63.20,0.40,12,887600
108/03/28,82095,63.50,64.50,63.00,64.50,1.30,48,5224418
108/03/29,53034,64.30,64.50,63.60,64.40,0.10,35,3402976
