﻿新光金甲特,	2888A
日期,成交股數,開盤價,最高價,最低價,收盤價,漲跌價差,成交筆數,成交金額
108/11/08,10806620,46.65,46.80,46.60,46.80,X,2472,504197622
108/11/11,2105237,46.80,46.85,46.60,46.65,0.15,855,98352690
108/11/12,2109689,46.65,46.65,46.35,46.45,0.20,761,98185511
108/11/13,1217141,46.45,46.45,46.20,46.35,0.10,601,56345632
108/11/14,613483,46.25,46.45,46.25,46.40,0.05,323,28430228
108/11/15,934149,46.40,46.50,46.40,46.50,0.10,244,43368299
108/11/18,990172,46.40,46.40,46.30,46.40,0.10,261,45897349
108/11/19,1076679,46.35,46.40,46.30,46.35,0.05,253,49862943
108/11/20,1022036,46.35,46.35,46.25,46.25,0.10,308,47337999
108/11/21,665862,46.25,46.30,46.20,46.30,0.05,238,30796889
108/11/22,259482,46.30,46.30,46.20,46.25,0.05,151,12003604
108/11/25,375618,46.25,46.25,46.20,46.20,0.05,194,17358873
108/11/26,1812226,46.20,46.20,45.90,45.95,0.25,611,83422996
108/11/27,758459,45.95,45.95,45.80,45.80,0.15,395,34771655
108/11/28,451634,45.80,45.90,45.80,45.85,0.05,135,20720654
108/11/29,688413,45.85,45.95,45.80,45.90,0.05,139,31587795
108/12/02,287672,45.90,45.95,45.85,45.90,,96,13203484
108/12/03,370931,45.85,45.85,45.75,45.80,0.10,160,16992925
108/12/04,260072,45.80,45.80,45.75,45.75,0.05,143,11904040
108/12/05,270547,45.75,45.85,45.75,45.80,0.05,118,12394914
108/12/06,154551,45.80,45.90,45.80,45.85,0.05,81,7085899
108/12/09,109082,45.85,45.90,45.80,45.85,,94,5001400
108/12/10,580569,45.85,45.85,45.80,45.80,0.05,166,26593725
108/12/11,281349,45.80,45.80,45.75,45.80,,108,12884422
108/12/12,507413,45.80,45.85,45.75,45.80,,109,23239552
108/12/13,563624,45.80,45.80,45.75,45.80,,188,25810210
108/12/16,770311,45.80,45.80,45.75,45.75,0.05,236,35264985
108/12/17,665841,45.75,45.75,45.70,45.70,0.05,168,30461765
108/12/18,101330,45.70,45.75,45.70,45.75,0.05,76,4633087
108/12/19,548953,45.75,45.75,45.70,45.75,,145,25109739
108/12/20,215774,45.75,45.80,45.75,45.75,,105,9872840
108/12/23,121685,45.75,45.85,45.75,45.80,0.05,84,5573210
108/12/24,168680,45.85,45.90,45.80,45.85,0.05,96,7732323
108/12/25,185849,45.85,46.10,45.85,46.00,0.15,85,8547308
108/12/26,123433,46.05,46.05,46.00,46.05,0.05,104,5679368
108/12/27,286770,46.00,46.05,45.95,46.00,0.05,134,13190370
108/12/30,217282,46.00,46.00,45.90,45.95,0.05,84,9986886
108/12/31,184890,45.95,45.95,45.95,45.95,,39,8495560
109/01/02,153957,45.95,46.10,45.95,46.05,0.10,79,7085022
109/01/03,229304,46.05,46.05,45.95,45.95,0.10,72,10548657
109/01/06,172967,45.95,46.00,45.95,45.95,,65,7954379
109/01/07,50973,46.05,46.05,46.00,46.05,0.10,52,2345258
109/01/08,183204,46.05,46.10,46.00,46.00,0.05,67,8432884
109/01/09,35338,46.05,46.05,46.00,46.00,,38,1626548
109/01/10,166605,46.00,46.05,46.00,46.00,,58,7666358
109/01/13,421532,46.00,46.00,45.95,45.95,0.05,82,19389422
109/01/14,80028,46.00,46.00,45.95,45.95,,50,3679130
109/01/15,72835,45.95,46.00,45.95,46.00,0.05,55,3349412
109/01/16,23084,45.95,46.00,45.95,46.00,,31,1061353
109/01/17,209712,46.00,46.00,45.95,46.00,,75,9644923
109/01/20,155474,46.00,46.00,45.95,46.00,,72,7150298
109/01/30,597998,45.90,45.90,45.70,45.80,0.20,181,27387800
109/01/31,68834,45.80,45.90,45.80,45.90,0.10,56,3154994
109/02/03,354583,45.90,45.90,45.70,45.80,0.10,122,16225843
109/02/04,73767,45.85,45.85,45.80,45.80,,62,3379221
109/02/05,106640,45.85,45.95,45.85,45.90,0.10,69,4893268
109/02/06,296749,45.90,46.00,45.90,45.95,0.05,81,13637619
109/02/07,612961,46.00,46.05,45.95,46.00,0.05,87,28192772
109/02/10,988498,46.00,46.00,45.95,45.95,0.05,88,45451304
109/02/11,605458,45.95,46.05,45.95,46.05,0.10,48,27851119
109/02/12,112942,46.05,46.05,46.00,46.00,0.05,44,5199382
109/02/13,40088,46.00,46.05,46.00,46.05,0.05,58,1845748
109/02/14,72678,46.05,46.10,46.05,46.10,0.05,54,3349988
109/02/17,140938,46.10,46.10,46.05,46.10,,53,6496138
109/02/18,35158,46.10,46.10,46.05,46.10,,30,1620020
109/02/19,121774,46.10,46.15,46.05,46.15,0.05,52,5613488
109/02/20,42995,46.15,46.15,46.10,46.15,,44,1983765
109/02/21,52999,46.15,46.15,46.10,46.15,,47,2445348
109/02/24,97001,46.15,46.20,46.15,46.20,0.05,59,4480443
109/02/25,93634,46.20,46.25,46.20,46.25,0.05,47,4328255
109/02/26,197213,46.25,46.30,46.25,46.30,0.05,86,9126035
109/02/27,296109,46.30,46.30,46.25,46.30,,80,13701723
109/03/02,494013,46.20,46.30,46.10,46.10,0.20,98,22819796
109/03/03,222299,46.15,46.20,46.10,46.20,0.10,48,10257532
109/03/04,75428,46.15,46.15,46.10,46.15,0.05,42,3478954
109/03/05,126930,46.15,46.20,46.10,46.20,0.05,42,5857319
109/03/06,81555,46.15,46.20,46.10,46.15,0.05,38,3763684
109/03/09,379716,46.10,46.10,46.00,46.05,0.10,92,17486886
109/03/10,273505,46.05,46.05,45.85,46.00,0.05,105,12578898
109/03/11,102747,46.00,46.05,45.95,45.95,0.05,36,4725148
109/03/12,811555,45.90,45.90,45.60,45.65,0.30,196,37081556
109/03/13,1396429,45.40,45.40,44.85,45.00,0.65,331,62891455
109/03/16,751219,45.00,45.00,44.55,44.60,0.40,213,33658211
109/03/17,716773,44.55,44.55,43.45,43.45,1.15,226,31474271
109/03/18,440131,43.50,44.35,42.85,43.55,0.10,155,19277694
109/03/19,376238,43.10,43.10,41.00,41.20,2.35,178,15788126
109/03/20,805992,41.60,42.70,41.60,41.90,0.70,183,33857408
109/03/23,373657,41.70,41.70,40.80,41.00,0.90,122,15318665
109/03/24,542020,41.70,42.05,41.20,41.55,0.55,160,22650973
109/03/25,367165,42.15,42.25,41.95,42.05,0.50,145,15442144
109/03/26,117340,42.05,42.20,42.00,42.15,0.10,57,4941520
109/03/27,110989,42.20,43.15,42.20,42.80,0.65,84,4740574
109/03/30,24794,42.30,42.80,42.30,42.80,,22,1055720
109/03/31,20741,43.25,43.25,42.65,42.90,0.10,13,890451
109/04/01,21402,42.75,42.90,42.75,42.90,,18,918150
109/04/06,59041,43.45,43.45,42.70,42.90,,39,2532508
109/04/07,22968,43.25,43.25,42.95,43.00,0.10,24,988224
109/04/08,83577,42.95,43.00,42.90,42.90,0.10,70,3589150
109/04/09,138908,43.00,43.15,42.90,43.10,0.20,70,5973739
109/04/10,40896,43.20,43.70,43.20,43.50,0.40,35,1781860
109/04/13,87940,43.75,43.95,43.60,43.70,0.20,54,3850210
109/04/14,190792,43.80,44.20,43.70,44.20,0.50,51,8347498
109/04/15,57463,44.20,44.45,44.05,44.15,0.05,37,2540711
109/04/16,52243,44.00,44.05,44.00,44.05,0.10,46,2298864
109/04/17,80119,44.05,44.10,44.05,44.10,X,42,3530836
109/04/20,98620,43.90,44.10,43.80,44.00,0.10,103,4325680
109/04/21,57045,43.90,43.90,43.70,43.85,0.15,35,2495466
109/04/22,41387,43.75,44.05,43.70,44.05,0.20,25,1812944
109/04/23,15400,44.00,44.00,43.80,44.00,0.05,19,673768
109/04/24,16749,43.85,44.00,43.85,43.95,0.05,16,736178
109/04/27,21731,44.00,44.05,43.90,44.05,0.10,27,955464
109/04/28,56886,44.15,44.15,44.05,44.05,,33,2508343
109/04/29,83997,44.05,44.10,44.00,44.00,0.05,58,3700161
109/04/30,89447,44.05,44.20,44.00,44.00,,58,3939286
109/05/04,27580,44.00,44.00,43.85,43.95,0.05,26,1211086
109/05/05,42052,43.90,44.05,43.90,44.05,0.10,30,1848093
109/05/06,40959,44.10,44.10,44.05,44.10,0.05,26,1805401
109/05/07,42150,44.00,44.15,44.00,44.10,,24,1858862
109/05/08,107481,44.15,44.20,44.10,44.20,0.10,42,4743611
109/05/11,74158,44.20,44.30,44.15,44.30,0.10,43,3279194
109/05/12,63897,44.30,44.30,44.20,44.25,0.05,33,2826135
109/05/13,183486,44.20,44.25,44.20,44.25,,47,8117102
109/05/14,37583,44.25,44.25,44.20,44.20,0.05,24,1661233
109/05/15,134183,44.20,44.20,44.15,44.15,0.05,36,5930677
109/05/18,142212,44.15,44.15,44.05,44.05,0.10,50,6267037
109/05/19,318613,44.05,44.25,44.05,44.25,0.20,203,14050180
109/05/20,32252,44.15,44.20,44.15,44.20,0.05,30,1425033
109/05/21,15243,44.20,44.50,44.15,44.50,0.30,18,675262
109/05/22,141270,44.25,44.45,44.20,44.35,0.15,40,6246658
109/05/25,23789,44.25,44.50,44.20,44.50,0.15,17,1053793
109/05/26,8496,44.30,44.40,44.30,44.35,0.15,14,376822
109/05/27,42114,44.50,44.50,44.30,44.30,0.05,29,1869682
109/05/28,425241,44.30,44.30,44.10,44.20,0.10,71,18789525
109/05/29,15609,44.10,44.15,44.10,44.15,0.05,16,688615
109/06/01,93373,44.25,44.25,44.15,44.15,,31,4126964
109/06/02,96645,44.15,44.20,44.15,44.20,0.05,34,4269104
109/06/03,110288,44.30,44.30,44.20,44.30,0.10,36,4878328
109/06/04,24473,44.30,44.45,44.30,44.45,0.15,24,1085401
109/06/05,38358,44.45,44.60,44.45,44.60,0.15,19,1710195
109/06/08,65241,44.70,44.70,44.55,44.60,,38,2910232
109/06/09,35144,44.60,44.80,44.60,44.75,0.15,18,1571179
109/06/10,81775,44.75,44.80,44.70,44.80,0.05,37,3658213
109/06/11,63986,44.90,44.90,44.65,44.65,0.15,45,2861217
109/06/12,68795,44.30,44.55,44.25,44.50,0.15,41,3060326
109/06/15,263811,44.40,44.45,44.35,44.35,0.15,58,11723532
109/06/16,254371,44.40,44.70,44.35,44.70,0.35,49,11327945
109/06/17,170597,44.90,44.90,44.60,44.75,0.05,34,7630425
109/06/18,381452,44.80,44.90,44.70,44.70,0.05,37,17085258
109/06/19,217009,44.80,44.80,44.80,44.80,0.10,27,9722000
109/06/22,572939,44.70,44.90,44.70,44.85,0.05,62,25695122
109/06/23,130108,44.85,44.85,44.75,44.80,0.05,35,5831105
109/06/24,38463,44.80,44.80,44.75,44.75,0.05,24,1721474
109/06/29,345558,44.75,44.75,44.70,44.75,,34,15463155
109/06/30,419656,44.85,44.85,44.80,44.80,0.05,48,18818590
109/07/01,89276,44.85,44.90,44.85,44.85,0.05,30,4006273
109/07/02,217991,44.85,44.95,44.85,44.95,0.10,55,9782444
109/07/03,278150,44.95,45.00,44.95,45.00,0.05,74,12513682
109/07/06,122346,45.00,45.00,44.95,45.00,,61,5504070
109/07/07,58406,45.00,45.05,44.95,44.95,0.05,62,2626837
109/07/08,379553,44.95,45.00,44.95,45.00,0.05,43,17077473
109/07/09,22398,45.00,45.00,44.95,45.00,,20,1007029
109/07/10,34103,45.00,45.00,44.95,45.00,,31,1533111
109/07/13,77580,45.00,45.05,44.95,45.00,,48,3490888
109/07/14,20830,45.00,45.00,44.95,44.95,0.05,20,936939
109/07/15,36998,45.00,45.00,44.95,44.95,,36,1663102
109/07/16,80196,44.95,45.00,44.95,45.00,0.05,43,3607546
109/07/17,42252,45.00,45.05,45.00,45.05,0.05,33,1901876
109/07/20,58489,45.00,45.00,44.95,45.00,0.05,42,2630778
109/07/21,54058,45.00,45.05,44.95,45.00,,46,2431546
109/07/22,60132,45.00,45.00,44.95,45.00,,34,2705690
109/07/23,72533,45.00,45.00,45.00,45.00,,51,3263985
109/07/24,56186,45.00,45.05,45.00,45.00,,41,2528820
109/07/27,79478,45.00,45.00,44.95,44.95,0.05,32,3575263
109/07/28,39400,45.00,45.00,44.95,44.95,,35,1771425
109/07/29,280416,44.95,45.05,44.95,45.00,0.05,61,12620545
109/07/30,70122,45.00,45.05,45.00,45.05,0.05,38,3157240
109/07/31,71285,45.05,45.05,45.00,45.00,0.05,43,3211025
109/08/03,60234,45.05,45.10,45.05,45.10,0.10,43,2714630
109/08/04,105393,45.05,45.15,45.00,45.15,0.05,68,4752485
109/08/05,182551,44.95,44.95,44.80,44.80,X,49,8196319
109/08/06,73558,44.85,44.90,44.80,44.90,0.10,32,3301345
109/08/07,98320,44.90,44.90,44.85,44.90,,35,4411218
109/08/10,144574,44.90,44.90,44.85,44.90,,51,6486105
109/08/11,100174,44.95,44.95,44.85,44.95,0.05,44,4499443
109/08/12,79324,44.95,44.95,44.90,44.90,0.05,57,3562577
109/08/13,52947,44.95,45.00,44.95,44.95,0.05,38,2380118
109/08/14,55695,45.00,45.00,44.90,44.90,0.05,42,2502553
109/08/17,120948,44.95,44.95,44.90,44.90,,52,5433295
109/08/18,96731,44.95,44.95,44.85,44.90,,56,4341142
109/08/19,45146,44.90,44.90,44.90,44.90,,37,2026940
109/08/20,211407,44.90,44.90,44.65,44.70,0.20,94,9468160
109/08/21,57398,44.80,44.80,44.75,44.80,0.10,54,2571122
109/08/24,94651,44.85,44.90,44.80,44.85,0.05,60,4243525
109/08/25,138432,44.85,44.90,44.80,44.90,0.05,90,6209092
109/08/26,88920,44.85,44.90,44.85,44.85,0.05,84,3988093
109/08/27,269494,44.90,44.90,44.80,44.85,,70,12085824
109/08/28,164797,44.85,44.85,44.80,44.85,,62,7390699
109/08/31,116199,44.85,44.85,44.80,44.80,0.05,66,5207955
109/09/01,117825,44.80,44.85,44.80,44.80,0.00,45,5280054
109/09/02,79863,44.80,44.80,44.80,44.80,0.00,52,3577855
109/09/03,87671,44.85,44.90,44.80,44.85,0.05,53,3931237
109/09/04,383643,44.80,44.85,44.80,44.85,0.00,75,17204980
109/09/07,81768,44.85,44.90,44.85,44.90,0.05,78,3670471
109/09/08,140831,44.90,44.90,44.75,44.80,0.10,44,6311925
109/09/09,86551,44.80,44.80,44.70,44.75,0.05,50,3872722
109/09/10,60813,44.75,44.80,44.70,44.75,0.00,36,2719434
109/09/11,221022,44.75,44.75,44.75,44.75,0.00,47,9890719
109/09/14,243781,44.75,44.80,44.75,44.75,0.00,51,10909242
109/09/15,74567,44.75,44.85,44.75,44.80,0.05,41,3340594
109/09/16,324414,44.75,44.80,44.75,44.75,0.05,32,14517572
109/09/17,18920,44.70,44.80,44.70,44.75,0.00,25,846714
109/09/18,80021,44.75,44.75,44.75,44.75,0.00,32,3580935
109/09/21,80998,44.75,44.75,44.75,44.75,0.00,28,3624657
109/09/22,178778,44.75,44.75,44.70,44.70,0.05,48,7997974
109/09/23,36344,44.60,44.65,44.60,44.65,0.05,15,1621639
109/09/24,81585,44.50,44.50,44.05,44.10,0.55,44,3609348
109/09/25,51876,44.10,44.15,43.90,44.10,0.00,38,2283494
109/09/28,20964,44.10,44.10,44.00,44.10,0.00,20,923910
109/09/29,24300,44.10,44.20,44.10,44.15,0.05,22,1072576
109/09/30,13402,44.15,44.25,44.15,44.25,0.10,18,592416
109/10/05,17283,44.10,44.15,44.00,44.05,0.20,26,761660
109/10/06,16086,44.20,44.30,44.15,44.25,0.20,18,711036
109/10/07,19938,44.15,44.20,44.10,44.15,0.10,20,880163
109/10/08,36753,44.20,44.20,44.20,44.20,0.05,26,1624477
109/10/12,15828,44.15,44.20,44.10,44.10,0.10,25,698643
109/10/13,6986,44.00,44.10,44.00,44.10,0.00,16,307578
109/10/14,20880,44.10,44.10,43.95,43.95,0.15,30,918367
109/10/15,35073,43.90,44.05,43.90,44.00,0.05,19,1543254
109/10/16,261,--,--,--,--,0.00,2,11327
109/10/19,19527,44.00,44.00,43.90,44.00,0.00,20,857688
109/10/20,4212,43.90,43.90,43.85,43.90,0.10,12,184853
109/10/21,48606,43.90,43.90,43.75,43.75,0.15,27,2128040
109/10/22,76007,43.80,43.80,43.70,43.70,0.05,23,3322603
109/10/23,35562,43.65,43.70,43.65,43.65,0.05,15,1553059
109/10/26,7745,43.70,43.70,43.70,43.70,0.05,27,338422
109/10/27,9877,43.65,43.65,43.60,43.60,0.10,31,431024
109/10/28,47250,43.50,43.55,43.40,43.40,0.20,39,2053331
109/10/29,8333,43.40,43.45,43.35,43.45,0.05,16,361462
109/10/30,485080,43.65,44.45,43.65,44.30,0.85,185,21364023
109/11/02,26859,43.80,43.95,43.60,43.70,0.60,27,1176567
109/11/03,16100,43.60,43.90,43.60,43.60,0.10,16,702607
109/11/04,4363,43.55,43.80,43.50,43.65,0.05,10,190154
109/11/05,3441,43.55,43.55,43.55,43.55,0.10,6,149740
109/11/06,6886,43.50,43.50,43.45,43.45,0.10,13,298778
109/11/09,15433,43.40,43.50,43.40,43.50,0.05,19,670994
109/11/10,31167,43.50,43.70,43.35,43.70,0.20,24,1359012
109/11/11,29842,43.45,43.75,43.45,43.70,0.00,36,1304147
109/11/12,23052,43.75,43.75,43.65,43.70,0.00,24,1007339
109/11/13,24279,43.75,43.75,43.70,43.75,0.05,25,1062476
109/11/16,45581,43.75,43.75,43.70,43.70,0.05,24,1993963
109/11/17,19152,43.70,43.75,43.70,43.70,0.00,33,834961
109/11/18,35352,43.60,43.70,43.60,43.70,0.00,44,1541791
109/11/19,44332,43.65,43.75,43.65,43.75,0.05,25,1936657
109/11/20,40782,43.70,43.70,43.60,43.70,0.05,28,1781274
109/11/23,37369,43.70,43.70,43.60,43.60,0.10,42,1629554
109/11/24,47607,43.60,43.65,43.55,43.60,0.00,34,2075554
109/11/25,19557,43.65,43.65,43.60,43.65,0.05,34,852704
109/11/26,20894,43.65,43.65,43.60,43.65,0.00,30,911411
109/11/27,64454,43.65,43.65,43.65,43.65,0.00,30,2813356
109/11/30,118196,43.65,43.70,43.60,43.70,0.05,42,5159818
109/12/01,70705,43.65,43.65,43.60,43.60,0.10,27,3083190
109/12/02,39259,43.60,43.60,43.50,43.50,0.10,38,1708834
109/12/03,147113,43.50,43.55,43.50,43.50,0.00,56,6399294
109/12/04,54860,43.45,43.50,43.45,43.50,0.00,33,2385408
109/12/07,20391,43.50,43.60,43.45,43.50,0.00,41,886934
109/12/08,64433,43.50,43.50,43.40,43.45,0.05,33,2800917
109/12/09,46634,43.40,43.50,43.35,43.50,0.05,55,2022593
109/12/10,57251,43.35,43.50,43.35,43.45,0.05,38,2486922
109/12/11,32560,43.45,43.45,43.35,43.40,0.05,25,1413118
109/12/14,73598,43.35,43.40,43.35,43.40,0.00,37,3193469
109/12/15,56233,43.35,43.40,43.30,43.40,0.00,37,2436004
109/12/16,12684,43.35,43.35,43.30,43.35,0.05,23,549655
109/12/17,19283,43.30,43.35,43.30,43.35,0.00,24,835534
109/12/18,11043,43.45,43.45,43.30,43.35,0.00,18,478556
109/12/21,9285,43.35,43.35,43.30,43.30,0.05,25,402086
109/12/22,44079,43.30,43.35,43.25,43.30,0.00,24,1908903
109/12/23,26570,43.25,43.30,43.20,43.30,0.00,25,1148711
109/12/24,50077,43.20,43.35,43.10,43.35,0.05,25,2163062
109/12/25,11316,43.25,43.30,43.25,43.25,0.10,22,489439
109/12/28,14176,43.25,43.25,43.25,43.25,0.00,29,612882
109/12/29,71249,43.30,43.30,43.20,43.25,0.00,43,3080374
109/12/30,13463,43.25,43.25,43.25,43.25,0.00,29,582151
109/12/31,137303,43.30,43.75,43.25,43.75,0.50,64,5961412
