﻿文曄甲特,	3036A
日期,成交股數,開盤價,最高價,最低價,收盤價,漲跌價差,成交筆數,成交金額
109/10/20,1381301,48.50,49.00,47.60,48.15,0.00,919,66408151
109/10/21,706500,48.10,48.70,48.10,48.40,0.25,298,34209099
109/10/22,890968,48.50,48.50,47.95,47.95,0.45,353,42809645
109/10/23,503934,47.95,48.05,47.90,47.95,0.00,269,24169061
109/10/26,453196,47.95,47.95,47.65,47.70,0.25,274,21683823
109/10/27,422528,47.70,47.70,47.55,47.60,0.10,269,20116456
109/10/28,339150,47.55,47.60,47.50,47.50,0.10,206,16118127
109/10/29,222568,47.40,47.50,47.25,47.50,0.00,188,10550410
109/10/30,632432,47.50,49.00,47.40,49.00,1.50,312,30473875
109/11/02,79421,48.45,48.45,47.95,48.00,1.00,74,3823488
109/11/03,39009,48.00,48.20,48.00,48.10,0.10,40,1875432
109/11/04,69770,48.10,48.15,48.00,48.15,0.05,71,3353113
109/11/05,82000,48.15,48.15,48.00,48.00,0.15,67,3938350
109/11/06,88000,48.00,48.00,47.90,47.95,0.05,76,4221350
109/11/09,185279,48.05,48.05,47.85,47.90,0.05,108,8874669
109/11/10,331281,47.95,47.95,47.75,47.90,0.00,107,15859359
109/11/11,175922,47.85,47.95,47.75,47.80,0.10,112,8413659
109/11/12,50036,47.80,47.85,47.75,47.75,0.05,57,2391195
109/11/13,70049,47.75,47.85,47.75,47.80,0.05,53,3348142
109/11/16,311965,47.80,48.05,47.65,48.00,0.20,192,14911631
109/11/17,231000,48.00,48.00,47.80,47.95,0.05,111,11071550
109/11/18,533629,47.95,47.95,47.70,47.70,0.25,234,25498539
109/11/19,219340,47.70,47.75,47.65,47.75,0.05,112,10462852
109/11/20,61872,47.75,48.15,47.70,47.80,0.05,61,2960092
109/11/23,293698,48.45,48.45,47.90,48.15,0.35,148,14167189
109/11/24,136000,48.05,48.10,48.00,48.00,0.15,82,6535850
109/11/25,179568,48.00,48.05,47.90,47.90,0.10,76,8612571
109/11/26,101455,47.90,48.00,47.90,47.95,0.05,76,4863544
109/11/27,74000,47.90,48.00,47.90,47.95,0.00,58,3548900
109/11/30,1157562,48.00,49.00,48.00,49.00,1.05,350,56176073
109/12/01,47715,48.65,48.65,48.25,48.35,0.65,44,2307609
109/12/02,78100,48.30,48.40,48.25,48.40,0.05,63,3771688
109/12/03,80185,48.25,48.35,48.20,48.25,0.15,56,3871893
109/12/04,403245,48.25,48.95,48.25,48.75,0.50,166,19635406
109/12/07,229828,48.70,48.80,48.50,48.70,0.05,95,11197346
109/12/08,113000,48.50,48.70,48.50,48.55,0.15,72,5492750
109/12/09,71412,48.45,48.50,48.40,48.50,0.05,54,3459402
109/12/10,113200,48.45,48.50,48.35,48.40,0.10,66,5483340
109/12/11,153800,48.40,48.45,48.25,48.30,0.10,82,7438420
109/12/14,107418,48.25,48.30,48.20,48.25,0.05,69,5183439
109/12/15,269000,48.25,48.30,48.20,48.20,0.05,66,12974100
109/12/16,112315,48.20,48.20,48.15,48.15,0.05,59,5411477
109/12/17,58029,48.15,48.30,48.15,48.30,0.15,55,2797250
109/12/18,71000,48.20,48.30,48.20,48.30,0.00,36,3425100
109/12/21,83000,48.30,48.30,48.20,48.25,0.05,37,4005700
109/12/22,77629,48.25,48.40,48.20,48.20,0.05,53,3746067
109/12/23,79000,48.20,48.45,48.20,48.45,0.25,57,3818850
109/12/24,19200,48.45,48.45,48.25,48.35,0.10,17,929430
109/12/25,158500,48.25,48.35,48.25,48.35,0.00,51,7661880
109/12/28,113750,48.30,48.40,48.30,48.35,0.00,60,5501893
109/12/29,128105,48.30,48.65,48.20,48.30,0.05,70,6192382
109/12/30,87922,48.25,48.35,48.25,48.35,0.05,61,4244099
109/12/31,166000,48.25,48.55,48.25,48.55,0.20,64,8043400
110/01/04,102177,48.35,48.40,48.25,48.35,0.20,50,4936957
110/01/05,90000,48.35,48.35,48.25,48.35,0.00,50,4347450
110/01/06,141411,48.30,48.40,48.15,48.30,0.05,77,6826895
110/01/07,128315,48.30,48.35,48.20,48.30,0.00,60,6196213
110/01/08,99137,48.25,48.30,48.25,48.30,0.00,79,4787998
110/01/11,92374,48.25,48.30,48.25,48.25,0.05,67,4458141
110/01/12,72000,48.25,48.30,48.25,48.30,0.05,56,3476050
110/01/13,107474,48.25,48.30,48.25,48.30,0.00,64,5188880
110/01/14,132105,48.25,48.30,48.25,48.30,0.00,66,6379572
110/01/15,118564,48.25,48.30,48.20,48.25,0.05,75,5722084
110/01/18,99137,48.25,48.25,48.15,48.20,0.05,50,4779653
110/01/19,91010,48.15,48.20,48.10,48.15,0.05,63,4379982
110/01/20,59489,48.10,48.10,48.00,48.00,0.15,55,2857469
110/01/21,130010,48.00,48.10,48.00,48.05,0.05,65,6246831
110/01/22,60701,48.05,48.15,48.00,48.15,0.10,58,2917648
110/01/25,29665,48.05,48.05,48.05,48.05,0.10,32,1425412
110/01/26,53056,48.05,48.10,48.05,48.05,0.00,35,2549388
110/01/27,90000,48.05,48.05,48.00,48.05,0.00,31,4323800
110/01/28,255000,48.00,48.05,47.95,48.00,0.05,70,12241850
110/01/29,126000,48.00,48.05,47.95,47.95,0.05,36,6049850
110/02/01,108648,48.00,48.05,47.95,47.95,0.00,55,5215441
110/02/02,235221,47.90,48.00,47.90,48.00,0.05,65,11280435
110/02/03,189100,48.00,48.00,47.95,48.00,0.00,36,9072795
110/02/04,124153,47.95,48.00,47.90,47.90,0.10,22,5952494
110/02/05,221501,47.85,47.90,47.80,47.80,0.10,78,10595165
110/02/17,66361,47.75,47.85,47.75,47.75,0.05,51,3169840
110/02/18,431796,47.75,47.75,47.60,47.75,0.00,118,20585986
110/02/19,83000,47.70,47.75,47.70,47.75,0.00,27,3959500
110/02/22,48000,47.70,47.80,47.70,47.80,0.05,48,2290900
110/02/23,55354,47.75,47.80,47.70,47.80,0.00,50,2642460
110/02/24,679742,47.70,47.75,47.50,47.75,0.05,232,32371348
110/02/25,875871,47.60,47.65,47.40,47.50,0.25,218,41646259
110/02/26,510134,47.50,47.65,47.30,47.50,0.00,266,24200115
110/03/02,143459,47.50,47.60,47.45,47.60,0.10,63,6820348
110/03/03,64451,47.60,47.60,47.50,47.60,0.00,29,3065516
110/03/04,149137,47.55,47.60,47.45,47.50,0.10,102,7088507
110/03/05,140063,47.50,47.50,47.40,47.50,0.00,58,6644442
110/03/08,94672,47.50,47.75,47.50,47.60,0.10,38,4507337
110/03/09,91000,47.55,47.55,47.50,47.55,0.05,61,4324450
110/03/10,339776,47.55,47.55,47.45,47.50,0.05,77,16139882
110/03/11,103097,47.50,47.85,47.45,47.80,0.30,50,4914141
110/03/12,30048,47.80,47.90,47.65,47.70,0.10,33,1435515
110/03/15,45471,47.70,47.75,47.65,47.75,0.05,33,2168840
110/03/16,48137,47.70,47.80,47.70,47.80,0.05,33,2296948
110/03/17,56315,47.80,47.95,47.80,47.90,0.10,50,2696572
110/03/18,22050,47.90,47.90,47.90,47.90,0.00,21,1056185
110/03/19,46000,47.90,48.00,47.90,47.95,0.05,32,2204550
110/03/22,38000,47.95,48.00,47.90,47.95,0.00,35,1821800
110/03/23,42000,47.95,48.00,47.95,48.00,0.05,25,2014050
110/03/24,103000,47.95,47.95,47.85,47.90,0.10,44,4934100
110/03/25,54129,47.95,47.95,47.85,47.95,0.05,32,2592979
110/03/26,58576,47.90,47.95,47.85,47.90,0.05,35,2806182
110/03/29,87000,47.90,47.95,47.85,47.90,0.00,49,4166700
110/03/30,58104,47.90,47.90,47.85,47.90,0.00,39,2782986
110/03/31,106719,47.90,47.90,47.85,47.85,0.05,70,5108790
110/04/01,141726,47.85,47.90,47.85,47.85,0.00,47,6781767
110/04/06,55252,47.85,47.95,47.85,47.95,0.10,42,2646464
110/04/07,114406,47.90,47.95,47.85,47.95,0.00,60,5479640
110/04/08,63060,47.95,47.95,47.90,47.90,0.05,40,3020774
110/04/09,108300,47.90,48.00,47.85,47.90,0.00,43,5189985
110/04/12,148000,47.90,47.90,47.85,47.90,0.00,52,7088850
110/04/13,44277,47.85,47.90,47.85,47.85,0.05,34,2119811
110/04/14,66041,47.85,47.85,47.80,47.85,0.00,45,3158921
110/04/15,34257,47.85,47.85,47.80,47.85,0.00,31,1638733
110/04/16,89459,47.85,47.90,47.80,47.85,0.00,51,4278845
110/04/19,119331,47.85,48.00,47.80,47.85,0.00,67,5711861
110/04/20,217100,47.80,47.90,47.75,47.85,0.00,87,10381789
110/04/21,216056,47.80,47.85,47.70,47.75,0.10,89,10323838
110/04/22,133637,47.75,47.80,47.70,47.70,0.05,76,6382229
110/04/23,296023,47.95,47.95,47.65,47.65,0.05,107,14127645
110/04/26,48000,47.70,47.75,47.65,47.70,0.05,42,2289650
110/04/27,269160,47.65,47.65,47.55,47.55,0.15,136,12810907
110/04/28,231733,47.55,47.65,47.50,47.55,0.00,80,11027367
110/04/29,279082,47.55,47.70,47.50,47.60,0.05,111,13267384
