﻿牧德,	3563
日期,成交股數,開盤價,最高價,最低價,收盤價,漲跌價差,成交筆數,成交金額
108/04/02,1308180,448.50,453.00,430.00,430.00,X,1210,582370100
108/04/03,1487233,438.00,447.00,437.00,437.00,7.00,1365,656739986
108/04/08,1045561,440.00,442.50,427.00,428.00,9.00,957,450506535
108/04/09,424031,428.00,433.50,425.00,428.50,0.50,395,182238640
108/04/10,442306,432.00,437.00,429.50,431.50,3.00,432,191484648
108/04/11,523155,435.00,438.50,430.50,431.00,0.50,472,227164855
108/04/12,645414,432.50,434.50,420.50,422.50,8.50,596,274460450
108/04/15,414822,427.50,427.50,418.00,420.50,2.00,397,175135292
108/04/16,321885,423.00,424.50,418.50,419.00,1.50,316,135348585
108/04/17,479062,422.50,430.00,421.50,427.50,8.50,485,204146503
108/04/18,1622311,439.00,446.50,430.00,434.00,6.50,1519,710796708
108/04/19,562150,440.00,441.50,433.00,435.00,1.00,537,245344500
108/04/22,444265,443.50,444.00,438.00,438.00,3.00,459,195645070
108/04/23,423073,439.00,443.00,433.00,442.50,4.50,403,185750798
108/04/24,1771779,450.00,458.50,447.50,449.00,6.50,1589,802569050
108/04/25,549322,449.00,452.50,442.00,443.00,6.00,533,244595790
108/04/26,332176,440.50,441.50,435.50,438.00,5.00,299,145582116
108/04/29,538320,440.00,441.50,425.00,425.00,13.00,517,231732640
108/04/30,332527,420.50,426.00,420.00,421.50,3.50,325,140487683
108/05/02,262332,421.50,429.00,421.50,429.00,7.50,275,111468428
108/05/03,411020,429.50,429.50,422.50,427.00,2.00,380,175044640
108/05/06,1446548,420.00,420.00,399.00,400.00,27.00,1327,587492392
108/05/07,843138,410.00,412.00,403.00,405.00,5.00,752,342996080
108/05/08,674099,396.00,407.00,391.50,407.00,2.00,593,268908090
108/05/09,804987,403.00,404.00,392.00,395.00,12.00,718,320167339
108/05/10,1043124,395.50,403.00,382.00,384.50,10.50,953,407020612
108/05/13,729404,384.50,384.50,370.00,371.00,13.50,678,274060616
108/05/14,831210,360.00,381.00,353.50,378.00,7.00,779,309187900
108/05/15,500225,380.00,387.00,380.00,381.00,3.00,485,192141010
108/05/16,567022,381.00,382.50,369.00,369.00,12.00,555,212970162
108/05/17,711191,375.00,377.00,359.00,361.00,8.00,702,259139542
108/05/20,478586,361.50,364.00,350.50,351.00,10.00,486,169942444
108/05/21,743148,351.00,366.50,345.00,366.50,15.50,720,266756816
108/05/22,862099,367.50,381.00,366.00,366.00,0.50,787,321833432
108/05/23,526312,359.00,364.50,354.00,356.50,9.50,506,188213196
108/05/24,2037275,357.00,382.00,357.00,380.00,23.50,1875,765135134
108/05/27,598039,382.00,383.50,373.00,374.00,6.00,586,226035703
108/05/28,389410,375.50,378.50,373.50,378.50,4.50,377,146540620
108/05/29,718948,373.00,388.00,372.00,377.00,1.50,676,274187317
108/05/30,656962,378.00,383.50,375.00,380.00,3.00,621,249676022
108/05/31,604037,380.00,382.50,376.00,377.00,3.00,581,228679503
108/06/03,712066,375.00,375.00,364.00,366.50,10.50,685,262097552
108/06/04,575480,366.50,376.00,366.00,369.00,2.50,536,212792060
108/06/05,668101,379.00,382.00,374.00,374.00,5.00,635,252262178
108/06/06,393254,377.00,378.50,372.00,374.50,0.50,380,147475504
108/06/10,526185,380.00,382.00,377.00,382.00,7.50,487,199888540
108/06/11,1100381,387.50,395.00,386.50,386.50,4.50,1053,430059209
108/06/12,573372,390.00,393.00,384.00,385.50,1.00,535,222707964
108/06/13,320443,384.00,387.50,380.50,383.00,2.50,323,122881055
108/06/14,237889,384.00,385.50,380.50,381.50,1.50,221,90955487
108/06/17,158175,380.50,384.00,380.50,383.00,1.50,146,60484050
108/06/18,288318,385.00,386.50,383.00,384.00,1.00,249,110907404
108/06/19,560528,388.00,391.50,386.00,390.00,6.00,490,218320976
108/06/20,832668,392.00,401.50,392.00,397.00,7.00,735,330922364
108/06/21,1112132,402.50,413.50,402.00,404.50,7.50,799,452069592
108/06/24,746859,411.00,411.50,406.00,406.50,2.00,492,305386038
108/06/25,1002052,407.00,409.50,397.50,401.00,5.50,732,404248904
108/06/26,1443222,375.00,382.00,374.00,375.00,X,832,543834860
108/06/27,395294,379.50,380.50,375.00,375.00,,377,149075720
108/06/28,334565,375.50,377.00,370.00,370.00,5.00,350,124335115
108/07/01,704582,376.50,382.50,376.00,378.50,8.50,640,267270160
108/07/02,317290,380.00,382.00,377.50,381.00,2.50,299,120503070
108/07/03,288760,379.00,381.50,373.00,376.00,5.00,298,108636398
108/07/04,914409,378.00,378.00,365.50,366.50,9.50,850,337540421
108/07/05,1620173,365.00,365.00,351.50,354.00,12.50,1517,575574607
108/07/08,826085,350.00,361.50,350.00,355.00,1.00,759,294635345
108/07/09,546324,357.00,359.50,351.50,351.50,3.50,533,193767372
108/07/10,645549,355.00,357.50,349.00,357.50,6.00,615,227947640
108/07/11,511838,360.00,362.50,358.00,359.00,1.50,509,184266597
108/07/12,358698,362.00,362.00,359.00,361.00,2.00,329,129432118
108/07/15,1079047,364.00,375.50,364.00,373.00,12.00,1020,400775531
108/07/16,691635,373.00,381.00,373.00,373.50,0.50,656,260248805
108/07/17,172369,373.50,373.50,369.00,373.00,0.50,174,64067875
108/07/18,365520,372.00,373.00,364.50,365.00,8.00,371,134323576
108/07/19,906825,369.00,378.00,368.00,375.00,10.00,848,340183875
108/07/22,882092,375.00,382.00,375.00,379.50,4.50,812,335562819
108/07/23,2584201,384.00,403.00,384.00,396.00,16.50,2296,1023491895
108/07/24,988697,404.50,406.00,394.50,397.00,1.00,902,395174512
108/07/25,1475037,393.00,399.00,389.00,394.50,2.50,1288,582413626
108/07/26,1365857,391.50,392.00,381.50,383.50,11.00,1305,526798007
108/07/29,774825,381.00,382.50,375.00,375.00,8.50,718,292482200
108/07/30,1164095,376.50,381.50,365.50,366.00,9.00,1034,431620960
108/07/31,579285,364.00,373.50,363.00,373.00,7.00,560,213560875
108/08/01,358376,366.50,374.50,366.00,370.00,3.00,334,132269681
108/08/02,853340,366.00,366.00,358.50,359.00,11.00,765,307917409
108/08/05,1297162,351.00,352.00,346.00,346.00,13.00,1186,452599790
108/08/06,837068,333.00,341.50,329.00,341.50,4.50,788,281125960
108/08/07,543223,347.00,349.00,336.00,337.00,4.50,506,186431489
108/08/08,473093,341.50,344.50,337.00,342.50,5.50,445,161772550
108/08/12,362443,343.50,345.00,338.50,340.00,2.50,367,123659506
108/08/13,654138,338.00,338.00,330.00,330.50,9.50,625,217630954
108/08/14,382360,339.00,339.00,333.00,333.00,2.50,369,128251640
108/08/15,492379,325.50,331.00,323.00,326.50,6.50,460,161041812
108/08/16,473607,328.50,332.00,327.50,327.50,1.00,476,155988203
108/08/19,503951,327.50,333.00,327.50,329.50,2.00,467,166267781
108/08/20,601167,331.50,336.50,330.00,331.00,1.50,579,200192026
108/08/21,730385,332.50,336.50,327.50,328.50,2.50,675,241267550
108/08/22,417674,330.50,334.00,328.50,330.00,1.50,380,138225268
108/08/23,686604,330.50,344.00,329.00,344.00,14.00,653,231777984
108/08/26,1035839,337.00,347.00,334.00,346.00,2.00,978,355289294
108/08/27,1310689,355.00,361.50,352.00,356.00,10.00,1215,469204784
108/08/28,704610,359.00,361.50,352.00,353.50,2.50,653,250971550
108/08/29,533601,356.00,357.00,346.50,347.00,6.50,492,186597846
108/08/30,735168,351.00,353.50,338.50,340.00,7.00,662,253632369
108/09/02,456736,340.00,344.00,334.00,339.00,1.00,433,154529603
108/09/03,348557,340.00,346.00,340.00,341.00,2.00,328,119508165
108/09/04,1347725,329.00,333.00,327.00,330.00,11.00,1230,444119200
108/09/05,402577,332.00,334.50,328.50,328.50,1.50,395,133078410
108/09/06,305630,331.50,331.50,327.00,330.00,1.50,274,100617660
108/09/09,168784,333.00,333.00,329.00,329.00,1.00,172,55715109
108/09/10,198900,332.50,332.50,329.00,330.00,1.00,196,65666949
108/09/11,293923,332.00,333.00,328.50,329.00,1.00,274,97077047
108/09/12,141687,332.00,332.50,329.50,330.50,1.50,156,46833897
108/09/16,736855,331.00,340.50,331.00,340.00,9.50,709,249105700
108/09/17,292900,342.50,344.50,338.50,339.00,1.00,283,99751148
108/09/18,335361,339.00,341.50,333.00,334.50,4.50,329,112635796
108/09/19,291140,334.50,336.00,331.00,331.00,3.50,278,96818330
108/09/20,339266,331.00,337.50,329.00,335.00,4.00,320,113400376
108/09/23,335888,337.00,341.00,335.50,336.50,1.50,347,113411809
108/09/24,322057,337.00,339.00,331.00,331.00,5.50,317,107355951
108/09/25,202905,331.00,332.50,330.00,332.00,1.00,203,67189005
108/09/26,218139,334.00,336.00,330.00,330.00,2.00,213,72394287
108/09/27,602299,331.00,332.00,322.00,322.50,7.50,561,195378523
108/10/01,858230,323.50,323.50,313.00,314.50,8.00,790,271356291
108/10/02,717665,313.00,318.00,310.50,311.50,3.00,697,224517470
108/10/03,616717,308.00,321.50,308.00,317.50,6.00,578,195488940
108/10/04,2739987,305.50,308.00,290.00,293.00,24.50,2444,814940665
108/10/07,744389,295.50,296.00,290.00,290.00,3.00,672,217523273
108/10/08,660161,292.00,296.00,291.00,294.00,4.00,602,193978995
108/10/09,327110,296.00,296.00,291.00,293.50,0.50,300,96148280
108/10/14,457814,295.00,298.00,295.00,297.50,4.00,433,135831660
108/10/15,1007102,302.50,310.50,300.00,309.00,11.50,925,308421018
108/10/16,658900,309.00,312.50,303.50,307.00,2.00,603,202616249
108/10/17,434154,307.00,308.00,301.50,302.50,4.50,366,131518778
108/10/18,354286,303.00,306.50,301.50,304.00,1.50,329,107622802
108/10/21,255200,304.00,306.00,301.00,301.50,2.50,211,77303600
108/10/22,183057,304.50,304.50,301.50,303.00,1.50,167,55384442
108/10/23,419981,304.00,304.00,297.50,299.00,4.00,378,125881289
108/10/24,435463,300.00,305.00,300.00,303.50,4.50,380,131834252
108/10/25,530587,306.00,308.50,303.00,304.50,1.00,505,162207409
108/10/28,164693,306.00,306.00,302.50,304.00,0.50,177,50055672
108/10/29,541265,304.00,305.50,298.00,298.00,6.00,501,162387095
108/10/30,486084,298.00,298.00,291.50,293.50,4.50,474,142777364
108/10/31,1227161,292.00,307.00,292.00,303.50,10.00,1137,371364605
108/11/01,1476036,306.00,316.00,306.00,311.50,8.00,1362,461348268
108/11/04,461929,311.00,312.00,306.50,309.00,2.50,447,142378419
108/11/05,317099,310.50,311.50,306.50,307.50,1.50,313,97790591
108/11/06,1111772,300.50,301.00,294.50,296.00,11.50,1010,330372937
108/11/07,488647,294.50,302.00,293.50,299.50,3.50,464,145694247
108/11/08,437129,299.00,300.50,294.00,296.00,3.50,378,129426313
108/11/11,474558,294.50,296.50,290.00,294.00,2.00,430,138830610
108/11/12,274199,294.50,298.00,292.00,292.50,1.50,259,80605506
108/11/13,181700,294.00,297.50,293.00,293.50,1.00,176,53567000
108/11/14,171568,297.00,297.00,292.50,293.00,0.50,174,50399992
108/11/15,213754,295.00,295.50,292.00,292.50,0.50,209,62624176
108/11/18,395479,294.00,294.00,290.00,293.00,0.50,382,115157083
108/11/19,626612,293.00,293.00,286.00,286.50,6.50,606,180702671
108/11/20,465658,286.50,287.00,282.00,282.00,4.50,446,131978195
108/11/21,236060,277.50,283.50,277.00,282.00,,259,66179480
108/11/22,259071,282.00,289.00,282.00,285.50,3.50,260,74260877
108/11/25,110098,286.00,288.00,285.50,286.00,0.50,117,31520224
108/11/26,154083,288.50,290.00,286.50,289.00,3.00,155,44407987
108/11/27,651560,289.00,298.00,288.00,298.00,9.00,603,192027940
108/11/28,329590,298.00,299.00,293.50,293.50,4.50,310,97594753
108/11/29,184454,294.00,295.00,290.50,290.50,3.00,184,53850339
