﻿日月光投控,	3711
日期,成交股數,開盤價,最高價,最低價,收盤價,漲跌價差,成交筆數,成交金額
107/06/01,5744263,75.40,76.20,75.20,76.00,,3514,434797973
107/06/04,7866428,76.00,76.90,75.80,76.80,0.80,4045,601346939
107/06/05,5882702,76.60,77.40,76.20,76.80,,2701,452567979
107/06/06,6719952,77.00,78.20,76.90,77.60,0.80,2987,521769027
107/06/07,11469649,78.10,79.20,78.10,78.40,0.80,3899,903251730
107/06/08,6106594,78.00,78.10,77.30,77.50,0.90,2432,474348394
107/06/11,10303724,77.60,77.70,76.10,76.10,1.40,5292,789611034
107/06/12,15104384,75.40,75.80,74.80,75.60,0.50,6254,1137291395
107/06/13,7792383,75.60,76.10,75.30,75.60,,3631,590169096
107/06/14,11536033,75.00,75.20,74.50,74.50,1.10,3876,863935631
107/06/15,18409431,74.50,74.60,73.70,74.40,0.10,4569,1365862026
107/06/19,14943238,73.50,73.70,72.00,72.10,2.30,6747,1085814660
107/06/20,14841766,71.90,72.90,70.90,72.10,,6927,1067028427
107/06/21,8254330,72.30,72.80,72.10,72.60,0.50,3492,598416436
107/06/22,8179996,71.60,72.30,71.30,72.30,0.30,2510,588944881
107/06/25,5165174,71.70,72.90,71.60,72.40,0.10,2359,373589370
107/06/26,7477434,71.90,72.10,70.60,71.50,0.90,3319,534346610
107/06/27,7939441,71.80,72.30,70.80,70.80,0.70,3749,568517811
107/06/28,8849302,70.70,72.60,70.10,70.90,0.10,4634,630985381
107/06/29,9363286,70.90,71.70,70.50,71.60,0.70,3644,666261835
107/07/02,6062119,71.40,72.50,70.90,70.90,0.70,2546,432469849
107/07/03,9674388,70.90,71.30,68.90,69.50,1.40,5197,676021170
107/07/04,5267851,69.50,70.50,69.40,70.00,0.50,2431,369130570
107/07/05,4993180,69.60,70.00,69.30,69.60,0.40,2717,347637405
107/07/06,5883845,69.60,70.20,68.40,68.80,0.80,2968,406685818
107/07/09,4449601,69.30,70.90,69.10,70.00,1.20,2670,312127970
107/07/10,4510445,70.80,70.90,69.60,69.60,0.40,2597,315119555
107/07/11,5531492,69.20,70.00,68.90,69.40,0.20,2879,383477828
107/07/12,7576597,69.10,71.80,69.10,70.70,1.30,3954,535739732
107/07/13,7078101,71.20,72.40,70.90,72.10,1.40,3202,508392612
107/07/16,3615742,72.10,72.40,71.10,71.10,1.00,1729,258099115
107/07/17,5781581,71.60,71.70,70.70,71.40,0.30,2877,411425659
107/07/18,9009402,72.00,73.50,71.80,72.60,1.20,5438,655898044
107/07/19,6085449,73.00,73.60,72.30,72.30,0.30,2969,444487942
107/07/20,12786355,73.00,73.70,69.80,70.60,1.70,6012,907605892
107/07/23,10378691,70.20,71.10,69.80,70.00,0.60,5239,727906620
107/07/24,6021007,69.80,70.70,69.80,70.70,0.70,2751,423860311
107/07/25,7396659,70.80,70.90,70.20,70.20,0.50,4537,520978641
107/07/26,7100580,70.70,71.80,70.30,71.20,1.00,4078,505727568
107/07/27,12436150,71.70,74.70,71.20,74.60,3.40,6106,916322705
107/07/30,23894677,78.40,79.20,77.80,78.50,3.90,10406,1880356039
107/07/31,20663255,77.80,78.40,76.50,78.40,0.10,6398,1599321250
107/08/01,8898527,77.70,78.20,77.50,78.00,0.40,3579,693000086
107/08/02,8164868,77.90,78.40,76.40,76.60,1.40,3825,630873543
107/08/03,3831077,76.80,77.40,76.80,77.30,0.70,2209,295522711
107/08/06,4101322,77.40,78.00,77.00,77.60,0.30,1568,318232408
107/08/07,8962734,77.70,77.90,77.30,77.40,0.20,2556,694323462
107/08/08,7762568,77.50,78.50,77.50,78.40,1.00,3551,606419874
107/08/09,7693769,78.30,78.70,77.50,78.50,0.10,2557,602954930
107/08/10,5847589,76.00,76.70,76.00,76.70,X,2678,445830878
107/08/13,9213754,76.50,76.50,73.10,74.60,2.10,3356,690651808
107/08/14,6721371,74.60,75.00,74.00,74.90,0.30,2892,500575886
107/08/15,8545091,74.50,74.60,72.80,73.10,1.80,3815,627538176
107/08/16,4850031,72.20,73.90,72.10,73.10,,2240,353951284
107/08/17,2901826,73.60,73.90,73.20,73.70,0.60,1849,213328527
107/08/20,5005124,73.10,73.90,72.70,73.20,0.50,2198,366688058
107/08/21,3486058,73.50,73.90,73.00,73.00,0.20,2024,255821522
107/08/22,3607009,73.10,74.00,73.10,74.00,1.00,2004,265748844
107/08/23,4213575,73.90,74.50,73.10,73.90,0.10,2199,310327608
107/08/24,3195816,73.30,73.60,72.90,73.30,0.60,1628,233693695
107/08/27,2001469,73.80,73.80,73.00,73.10,0.20,1230,146692163
107/08/28,3580083,73.30,74.20,73.20,73.90,0.80,1958,263744218
107/08/29,3995845,73.90,74.80,73.90,74.80,0.90,1974,297744134
107/08/30,3617234,75.00,75.50,74.10,74.30,0.50,2052,269751465
107/08/31,7601345,74.00,75.30,73.40,75.30,1.00,2702,568967252
107/09/03,2163346,74.80,75.20,73.80,74.30,1.00,1418,160581019
107/09/04,2411492,74.50,74.50,73.70,73.90,0.40,1154,178265031
107/09/05,5273374,73.70,74.80,73.70,73.80,0.10,2528,391293881
107/09/06,6063538,73.10,73.80,72.50,72.50,1.30,2466,443553487
107/09/07,6380842,72.50,72.90,71.70,71.70,0.80,3516,460417941
107/09/10,6840584,71.50,71.60,69.00,69.60,2.10,3773,479795180
107/09/11,7486831,70.50,70.90,69.90,70.90,1.30,3426,526682798
107/09/12,6786148,70.70,70.80,70.10,70.60,0.30,3210,478426027
107/09/13,8270605,70.50,71.50,70.10,71.40,0.80,3288,583914775
107/09/14,6708288,71.80,73.00,71.60,72.70,1.30,3703,486200348
107/09/17,4332720,72.90,73.00,72.30,72.50,0.20,2544,315207588
107/09/18,4253899,71.90,72.60,71.50,72.00,0.50,1947,306917028
107/09/19,6603124,72.50,73.00,71.80,73.00,1.00,3171,479132486
107/09/20,4873964,73.40,73.40,72.10,72.70,0.30,1774,354746217
107/09/21,8932619,73.40,74.10,72.50,73.50,0.80,3513,655380650
107/09/25,6864162,73.60,75.30,72.70,74.30,0.80,3123,510999588
107/09/26,2427302,74.00,74.60,74.00,74.10,0.20,1186,180110995
107/09/27,5869387,74.10,74.80,73.40,74.10,,2883,434161445
107/09/28,10290071,75.20,75.80,74.10,74.50,0.40,4045,771300261
107/10/01,8092747,75.60,76.60,74.90,74.90,0.40,4587,612153411
107/10/02,6999654,75.30,75.60,73.80,74.90,,3910,521275775
107/10/03,6479769,75.40,75.80,75.00,75.40,0.50,3648,489377083
107/10/04,9288355,75.10,75.20,73.00,73.10,2.30,5570,683008773
107/10/05,8040054,72.70,72.70,70.20,70.70,2.40,4375,573828426
107/10/08,8206460,70.40,71.20,69.60,69.70,1.00,4714,574701000
107/10/09,9104937,69.90,70.00,68.60,68.60,1.10,4923,629195320
107/10/11,29295979,63.60,64.80,61.80,61.80,6.80,10143,1833858472
107/10/12,10045414,62.40,63.80,61.30,63.70,1.90,5208,629753596
107/10/15,8575902,63.30,64.20,62.70,63.30,0.40,3838,544867816
107/10/16,6751872,64.40,64.80,62.80,64.00,0.70,3693,430454657
107/10/17,4365338,65.00,65.10,64.10,65.00,1.00,2934,282577296
107/10/18,5223490,64.80,64.80,63.10,63.20,1.80,2869,332377501
107/10/19,13749320,61.90,62.40,60.90,62.40,0.80,5928,849177885
107/10/22,5883143,61.30,63.40,61.20,62.20,0.20,2965,366142233
107/10/23,5553424,61.70,62.40,61.30,61.90,0.30,2918,342991020
107/10/24,8275015,61.50,62.80,60.80,62.20,0.30,4422,512165874
107/10/25,7681320,60.40,61.50,60.10,60.60,1.60,4336,467114167
107/10/26,7678627,60.90,62.00,60.70,61.70,1.10,4038,471166161
107/10/29,6919061,62.30,62.50,61.10,61.20,0.50,3002,427627313
