﻿冠星-KY,	4439
日期,成交股數,開盤價,最高價,最低價,收盤價,漲跌價差,成交筆數,成交金額
108/12/05,1495000,200.00,205.50,195.50,203.00,X,1040,299460500
108/12/06,1090000,200.00,217.00,197.00,210.50,7.50,779,225436500
108/12/09,720502,210.00,215.00,208.00,208.00,2.50,446,151958920
108/12/10,422300,205.00,206.00,200.00,201.00,7.00,310,85414750
108/12/11,394198,198.00,199.50,191.50,195.00,6.00,285,77153009
108/12/12,230000,194.00,205.00,194.00,196.50,1.50,193,45554000
108/12/13,461006,196.50,197.00,182.00,187.00,9.50,354,86654676
108/12/16,111009,185.00,189.00,185.00,188.00,1.00,93,20765246
108/12/17,152044,188.00,195.00,188.00,192.00,4.00,134,29304580
108/12/18,66060,192.00,194.00,189.50,191.00,1.00,62,12611760
108/12/19,58000,190.00,190.00,186.50,188.00,3.00,54,10911500
108/12/20,38030,188.00,189.50,187.00,187.50,0.50,39,7154230
108/12/23,72026,187.50,189.00,187.00,188.00,0.50,57,13516479
108/12/24,55000,187.50,187.50,185.00,186.00,2.00,53,10232000
108/12/25,25015,186.00,187.00,186.00,187.00,1.00,25,4671842
108/12/26,63178,186.50,186.50,185.00,185.00,2.00,62,11716128
108/12/27,68005,185.50,185.50,183.00,184.00,1.00,55,12514440
108/12/30,18071,183.50,185.50,183.50,185.50,1.50,19,3327099
108/12/31,34000,184.00,184.00,183.50,183.50,2.00,32,6248000
109/01/02,50005,184.00,184.00,182.00,183.00,0.50,49,9138927
109/01/03,91006,183.00,183.00,178.00,180.00,3.00,78,16428610
109/01/06,233009,178.00,178.00,168.50,170.00,10.00,196,39902602
109/01/07,110133,170.00,176.00,170.00,175.50,5.50,85,19068440
109/01/08,41200,173.00,174.50,171.50,172.50,3.00,38,7140200
109/01/09,62000,174.00,178.00,174.00,178.00,5.50,53,10939500
109/01/10,30000,177.00,177.00,175.00,175.00,3.00,25,5276500
109/01/13,32128,176.00,176.00,174.00,174.50,0.50,28,5626540
109/01/14,49020,174.50,176.00,172.00,172.00,2.50,45,8488010
109/01/15,46000,171.50,176.00,171.50,174.50,2.50,40,7984000
109/01/16,25000,175.00,178.00,175.00,177.00,2.50,21,4409000
109/01/17,373005,177.00,177.00,175.00,175.00,2.00,21,65297900
109/01/20,59020,177.00,181.00,177.00,181.00,6.00,52,10596140
109/01/30,82100,175.00,175.00,168.00,172.00,9.00,77,14160750
109/01/31,38015,172.00,180.00,172.00,180.00,8.00,37,6634207
109/02/03,93000,176.00,176.00,170.00,176.00,4.00,86,16050000
109/02/04,20010,174.50,176.00,173.50,175.00,1.00,18,3504260
109/02/05,21000,175.50,175.50,173.00,173.50,1.50,20,3652500
109/02/06,40000,173.50,173.50,172.50,173.50,,34,6922500
109/02/07,53105,171.50,171.50,168.50,169.50,4.00,47,9043322
109/02/10,134000,166.00,167.00,159.00,164.00,5.50,125,21662000
109/02/11,30000,164.00,165.00,163.00,163.50,0.50,29,4911000
109/02/12,36000,164.50,166.00,164.50,165.00,1.50,33,5944000
109/02/13,52000,165.00,166.00,164.00,164.50,0.50,28,8569500
109/02/14,24000,164.00,164.50,164.00,164.50,,21,3940500
109/02/17,59000,164.00,166.00,161.00,162.00,2.50,52,9638500
109/02/18,19030,163.00,163.00,161.50,162.00,,20,3081890
109/02/19,27000,162.50,163.50,162.00,162.50,0.50,20,4395500
109/02/20,58000,162.50,163.00,161.50,163.00,0.50,33,9414000
109/02/21,37000,163.00,163.00,160.50,161.00,2.00,32,5982000
109/02/24,59000,159.00,159.00,157.00,157.00,4.00,58,9301500
109/02/25,41000,155.00,156.00,152.50,154.50,2.50,39,6329000
109/02/26,17006,153.00,160.00,153.00,155.00,0.50,18,2648487
109/02/27,60000,153.00,153.50,150.00,150.00,5.00,45,9091500
109/03/02,53000,148.00,152.00,145.50,151.00,1.00,43,7853500
109/03/03,106010,152.50,161.00,152.50,161.00,10.00,92,16640160
109/03/04,136050,165.00,165.00,160.50,165.00,4.00,111,22239350
109/03/05,119087,165.00,173.50,165.00,172.00,7.00,110,20225638
109/03/06,74000,170.00,170.50,167.50,169.00,3.00,44,12472000
109/03/09,78059,167.50,167.50,160.00,160.50,8.50,68,12752999
109/03/10,34000,155.00,165.00,155.00,165.00,4.50,34,5477500
109/03/11,17000,166.00,166.50,161.00,161.00,4.00,17,2764000
109/03/12,41010,157.50,157.50,152.00,155.00,6.00,41,6373060
109/03/13,139084,146.00,146.00,139.50,146.00,9.00,138,19566764
109/03/16,52000,140.00,142.00,133.00,133.00,13.00,49,7134500
109/03/17,123000,126.00,126.00,120.00,120.00,13.00,99,14851000
109/03/18,32000,120.00,120.00,112.00,117.00,3.00,32,3730500
109/03/19,71022,112.00,112.00,105.50,105.50,11.50,57,7578332
109/03/20,68000,107.00,112.00,105.50,106.50,1.00,61,7389000
109/03/23,89000,103.00,103.00,95.90,95.90,10.60,73,8608900
109/03/24,157000,94.10,102.50,94.10,102.50,6.60,114,15184500
109/03/25,171000,108.00,112.50,108.00,112.50,10.00,131,19075000
109/03/26,260062,123.50,123.50,120.50,123.50,11.00,160,31946657
109/03/27,210100,127.00,127.00,118.50,123.50,,180,25754100
109/03/30,83000,118.50,122.00,118.00,122.00,1.50,67,9952000
109/03/31,136000,129.00,129.00,121.00,129.00,7.00,115,16953000
109/04/01,56000,127.00,127.00,125.00,125.50,3.50,56,7030500
109/04/06,43010,125.00,125.00,122.00,122.50,3.00,41,5288760
109/04/07,96003,124.50,125.00,122.00,122.00,0.50,89,11777379
109/04/08,116000,122.50,127.50,121.50,125.50,3.50,106,14408500
109/04/09,89000,128.00,128.00,122.50,122.50,3.00,79,11089000
109/04/10,34000,124.50,124.50,122.00,123.50,1.00,29,4181500
109/04/13,72137,121.00,123.00,120.50,120.50,3.00,63,8752303
109/04/14,38028,121.00,123.00,121.00,123.00,2.50,37,4644472
109/04/15,62029,124.50,126.00,123.50,124.00,1.00,54,7725625
109/04/16,24000,122.00,123.00,121.50,122.50,1.50,22,2933500
109/04/17,49026,124.00,125.00,120.50,120.50,2.00,49,5995659
109/04/20,44000,122.00,124.50,122.00,124.50,4.00,33,5438500
109/04/21,47006,124.50,124.50,120.00,120.50,4.00,44,5697228
109/04/22,9003,120.00,123.00,120.00,121.50,1.00,10,1098867
109/04/23,21000,123.00,123.00,120.50,121.00,0.50,20,2550500
109/04/24,20000,120.00,122.00,120.00,121.00,,20,2421000
109/04/27,82020,121.00,123.00,120.50,123.00,2.00,74,9978480
109/04/28,71000,125.00,125.50,123.00,123.00,,68,8825000
109/04/29,77007,123.00,124.50,120.00,124.50,1.50,71,9440385
109/04/30,207000,126.00,136.50,125.50,136.50,12.00,162,27562000
109/05/04,163000,132.50,134.50,130.00,131.00,5.50,142,21468500
109/05/05,51000,133.00,133.50,131.50,132.50,1.50,49,6742000
109/05/06,38111,132.00,133.00,132.00,133.00,0.50,33,5049763
109/05/07,51000,133.00,133.50,131.00,131.50,1.50,40,6725500
109/05/08,23000,132.00,132.50,131.50,131.50,,21,3030000
109/05/11,93000,129.50,131.50,123.00,131.50,,83,11892000
109/05/12,44000,132.00,132.00,128.00,128.50,3.00,42,5684500
109/05/13,74000,129.00,131.00,128.50,131.00,2.50,65,9610500
109/05/14,197008,131.00,141.00,131.00,135.50,4.50,161,26707128
109/05/15,96020,134.00,139.50,134.00,139.00,3.50,86,13156330
109/05/18,89020,139.00,141.00,137.00,139.50,0.50,80,12360830
109/05/19,137000,141.00,141.00,136.50,139.00,0.50,108,18998000
109/05/20,63000,137.50,139.00,135.50,137.50,1.50,54,8627000
109/05/21,174000,138.50,144.00,138.50,144.00,6.50,134,24514000
109/05/22,97000,144.50,145.00,141.00,143.50,0.50,85,13874500
109/05/25,86000,145.00,146.50,143.00,145.00,1.50,74,12423000
109/05/26,138200,146.00,153.00,145.50,149.50,4.50,126,20695400
109/05/27,79000,150.00,152.50,147.50,150.00,0.50,65,11819500
109/05/28,102002,150.00,150.50,148.00,149.50,0.50,77,15204298
109/05/29,68158,147.50,148.00,145.00,147.50,2.00,68,9971647
109/06/01,77108,149.00,149.00,146.00,146.00,1.50,72,11365214
109/06/02,55000,147.50,147.50,145.50,146.00,,55,8032000
109/06/03,78000,146.50,148.00,146.50,147.00,1.00,60,11475500
109/06/04,76000,147.50,148.50,147.00,147.50,0.50,60,11232500
109/06/05,50366,149.50,151.50,149.50,149.50,2.00,50,7558583
109/06/08,106150,151.00,154.00,148.50,153.50,4.00,96,16064825
109/06/09,67232,153.00,153.50,149.50,150.00,3.50,59,10111264
109/06/10,97130,150.00,150.00,143.50,146.00,4.00,95,14193610
109/06/11,66226,146.50,149.00,143.50,143.50,2.50,66,9695770
109/06/12,74000,137.00,143.50,137.00,143.50,,61,10377500
109/06/15,25075,143.50,144.50,142.00,142.00,1.50,25,3579300
109/06/16,21070,143.00,145.00,142.50,145.00,3.00,22,3025500
109/06/17,25050,145.50,148.00,145.50,146.50,1.50,26,3673950
109/06/18,32055,147.00,148.00,144.00,144.50,2.00,31,4681057
109/06/19,21000,144.50,145.00,144.00,145.00,0.50,19,3033000
109/06/22,19000,144.00,145.00,143.50,144.50,0.50,19,2740500
109/06/23,29050,145.00,145.00,143.00,143.00,1.50,29,4164225
109/06/24,19051,143.50,145.50,142.00,142.00,1.00,21,2733216
109/06/29,46000,141.50,141.50,137.50,137.50,4.50,46,6381500
109/06/30,64000,137.50,149.00,137.50,149.00,11.50,59,9270999
109/07/01,53086,146.50,149.00,145.50,146.00,3.00,51,7817642
109/07/02,49200,146.50,150.00,146.50,149.00,3.00,44,7316600
109/07/03,53200,151.50,151.50,147.00,147.50,1.50,53,7888200
109/07/06,36000,149.00,149.50,148.00,149.00,1.50,31,5358000
109/07/07,29093,150.00,150.00,147.00,147.50,1.50,28,4299810
109/07/08,26000,147.50,148.50,146.50,146.50,1.00,25,3833500
109/07/09,67119,146.50,146.50,143.00,143.50,3.00,65,9721636
109/07/10,38000,144.00,145.50,143.50,144.00,0.50,35,5480000
109/07/13,25000,145.50,145.50,144.50,144.50,0.50,21,3614500
109/07/14,31000,147.00,148.50,144.00,144.50,,30,4500500
109/07/15,53008,145.00,145.00,143.50,144.50,,38,7632156
109/07/16,101000,147.00,148.50,146.00,147.00,2.50,83,14898500
109/07/17,110000,139.00,140.00,134.00,138.00,X,100,15092000
109/07/20,52000,136.00,136.00,132.50,135.50,2.50,50,6977000
109/07/21,49000,135.00,136.00,132.50,133.50,2.00,42,6579500
109/07/22,75000,135.00,138.00,134.50,136.50,3.00,51,10277500
109/07/23,50000,136.00,138.00,135.00,135.50,1.00,20,6786500
109/07/24,49000,135.50,136.50,134.00,134.00,1.50,32,6613500
109/07/27,46000,134.50,135.50,133.50,133.50,0.50,20,6159000
109/07/28,70050,133.00,133.00,129.00,129.00,4.50,58,9137400
109/07/29,32000,129.00,131.50,129.00,131.50,2.50,20,4184000
109/07/30,56010,131.00,136.50,131.00,135.50,4.00,36,7478855
109/07/31,158141,138.00,148.00,138.00,139.50,4.00,140,22554669
109/08/03,41060,140.00,142.50,138.50,139.00,0.50,30,5748400
109/08/04,28034,139.00,142.00,139.00,140.00,1.00,13,3936328
109/08/05,28000,140.00,142.00,139.50,140.50,0.50,16,3939500
109/08/06,52000,140.00,141.00,138.00,138.50,2.00,38,7266500
109/08/07,14000,138.50,140.00,138.00,138.00,0.50,14,1944500
109/08/10,86000,140.00,142.00,139.00,139.00,1.00,70,12105000
109/08/11,36000,139.00,140.50,138.00,138.00,1.00,27,5015500
109/08/12,19000,138.50,139.50,137.00,137.00,1.00,13,2624500
109/08/13,31000,137.00,140.00,136.00,136.00,1.00,25,4293500
109/08/14,30000,136.50,137.50,136.50,136.50,0.50,17,4109000
109/08/17,113010,136.50,138.00,135.00,136.00,0.50,77,15378380
109/08/18,55000,136.00,136.00,134.00,134.00,2.00,46,7392000
109/08/19,45000,135.00,135.00,131.50,131.50,2.50,38,5975000
109/08/20,79011,131.50,133.50,125.00,127.00,4.50,59,10199485
109/08/21,21000,127.00,129.00,127.00,128.00,1.00,13,2689000
109/08/24,69000,129.00,135.00,129.00,134.50,6.50,50,9107500
109/08/25,46000,135.00,137.00,131.50,131.50,3.00,39,6150000
109/08/26,36000,131.00,133.00,129.50,129.50,2.00,19,4723500
109/08/27,40000,131.00,131.50,130.00,130.00,0.50,37,5219000
109/08/28,44000,130.00,132.00,130.00,130.00,,30,5747000
109/08/31,39000,130.50,131.50,128.00,128.00,2.00,24,5074500
109/09/01,22030,128.50,129.50,128.00,128.00,0.00,12,2835340
109/09/02,40000,128.50,131.00,128.50,130.00,2.00,24,5188000
109/09/03,36000,129.50,131.50,128.50,129.50,0.50,19,4686500
109/09/04,55000,129.00,130.00,128.00,130.00,0.50,23,7110500
109/09/07,53000,131.00,132.50,129.00,129.00,1.00,36,6934500
109/09/08,45000,127.00,127.50,125.00,125.00,4.00,40,5642500
109/09/09,39000,123.50,124.50,123.00,123.50,1.50,14,4827500
109/09/10,49000,123.50,125.50,122.00,123.50,0.00,30,6073000
109/09/11,137000,121.50,121.50,115.00,116.50,7.00,109,16129500
109/09/14,23000,116.50,119.00,116.50,118.50,2.00,18,2710500
109/09/15,40000,117.50,120.50,117.50,120.00,1.50,28,4757500
109/09/16,15000,120.00,122.00,120.00,120.50,0.50,11,1817000
109/09/17,9000,120.50,120.50,118.00,120.50,0.00,9,1074500
109/09/18,24000,120.00,121.00,120.00,120.00,0.50,15,2881000
109/09/21,19000,119.00,119.00,118.50,118.50,1.50,17,2255500
109/09/22,33000,117.50,117.50,112.50,117.50,1.00,33,3802500
109/09/23,44000,116.00,116.00,113.00,114.00,3.50,40,5013500
109/09/24,60100,112.50,112.50,109.50,110.00,4.00,51,6647500
109/09/25,80070,110.00,111.50,105.00,106.00,4.00,60,8582525
109/09/28,52000,107.50,109.50,102.00,109.50,3.50,41,5488000
109/09/29,11000,109.50,112.00,108.00,112.00,2.50,11,1222000
109/09/30,47000,110.50,115.00,110.50,115.00,3.00,33,5297500
109/10/05,85000,115.00,123.50,115.00,120.00,5.00,78,10145500
109/10/06,32000,123.50,124.00,120.00,121.00,1.00,31,3890000
109/10/07,16000,118.50,122.00,118.50,119.50,1.50,15,1935000
109/10/08,27000,119.50,121.50,119.00,120.00,0.50,23,3241500
109/10/12,12100,121.50,121.50,116.50,116.50,3.50,13,1429700
109/10/13,4000,118.50,119.00,118.50,119.00,2.50,4,475500
109/10/14,24000,118.50,119.50,117.00,117.50,1.50,15,2832500
109/10/15,25000,117.50,119.50,117.50,119.50,2.00,14,2952500
109/10/16,36000,120.00,121.00,119.00,120.00,0.50,29,4322500
109/10/19,22025,118.00,123.50,118.00,120.50,0.50,22,2683625
109/10/20,7000,119.50,121.00,119.50,120.50,0.00,6,843000
109/10/21,22000,121.00,124.00,121.00,122.00,1.50,21,2693000
109/10/22,10200,122.00,122.50,121.00,122.00,0.00,11,1239900
109/10/23,13775,123.50,124.50,122.50,122.50,0.50,13,1695275
109/10/26,3000,122.00,122.00,122.00,122.00,0.50,3,366000
109/10/27,15000,120.50,121.00,119.50,121.00,1.00,15,1805000
109/10/28,16001,122.00,124.50,121.50,121.50,0.50,16,1959633
109/10/29,13001,121.00,121.00,119.50,119.50,2.00,14,1564109
109/10/30,13000,121.00,121.00,118.50,118.50,1.00,13,1552000
109/11/02,380088,126.50,130.00,125.00,130.00,11.50,270,49000940
109/11/03,586001,132.50,141.00,130.00,134.00,4.00,482,79334136
109/11/04,83088,135.00,136.00,129.00,129.00,5.00,80,10909852
109/11/05,25000,130.00,130.50,129.50,130.00,1.00,25,3249500
109/11/06,49000,132.00,132.00,128.50,129.00,1.00,45,6362000
109/11/09,31000,130.00,130.00,128.50,129.00,0.00,20,4001500
109/11/10,51000,128.00,128.00,126.00,126.50,2.50,50,6475500
109/11/11,19000,127.00,128.00,126.50,127.50,1.00,19,2416500
109/11/12,160000,133.50,137.00,131.50,131.50,4.00,145,21408000
109/11/13,104041,132.50,138.00,131.00,136.50,5.00,86,14071596
109/11/16,64400,138.00,139.50,136.00,136.50,0.00,60,8838900
109/11/17,92000,139.00,139.50,137.00,139.00,2.50,80,12708500
109/11/18,66000,140.00,140.00,139.00,139.50,0.50,53,9207000
109/11/19,196250,140.00,146.50,140.00,143.00,3.50,146,27960275
109/11/20,52010,144.00,144.00,140.50,141.00,2.00,48,7388920
109/11/23,260050,151.00,153.50,145.00,153.00,12.00,218,39043050
109/11/24,202287,153.50,159.00,153.50,155.50,2.50,184,31733604
109/11/25,138050,157.00,157.00,151.00,156.00,0.50,108,21402775
109/11/26,167190,156.00,162.00,156.00,162.00,6.00,133,26576522
109/11/27,304245,164.50,169.50,160.00,168.50,6.50,260,50422069
109/11/30,233548,171.00,176.00,170.50,171.00,2.50,206,40386704
109/12/01,183000,170.00,170.00,162.50,164.50,6.50,163,30234500
109/12/02,82481,164.00,167.50,162.00,163.50,1.00,83,13551112
109/12/03,54000,165.00,168.00,163.00,168.00,4.50,51,8944500
109/12/04,68316,167.00,170.00,166.00,168.00,0.00,56,11476517
109/12/07,34000,170.00,170.00,164.00,165.50,2.50,31,5658500
109/12/08,137415,160.00,162.50,158.00,158.00,7.50,116,22017480
109/12/09,65100,156.50,156.50,154.00,154.50,3.50,59,10061950
109/12/10,39050,153.50,159.00,153.50,156.00,1.50,37,6093750
109/12/11,26001,156.00,159.50,155.00,156.00,0.00,27,4076655
109/12/14,12095,158.00,158.00,156.00,156.50,0.50,12,1894772
109/12/15,45001,155.00,156.00,152.00,153.00,3.50,42,6919652
109/12/16,25052,150.00,155.50,150.00,155.50,2.50,25,3825086
109/12/17,17540,153.50,156.00,153.50,155.00,0.50,18,2720320
109/12/18,2000,154.00,155.00,154.00,155.00,0.00,2,309000
109/12/21,15000,156.00,156.00,153.50,154.50,0.50,14,2312000
109/12/22,24003,153.50,153.50,150.50,153.00,1.50,26,3652962
109/12/23,34000,151.50,151.50,150.00,150.00,3.00,31,5120500
109/12/24,27082,151.00,151.00,147.50,149.50,0.50,30,4048136
109/12/25,30000,149.50,149.50,146.00,146.50,3.00,28,4413500
109/12/28,13024,147.50,151.50,147.50,150.00,3.50,15,1943100
109/12/29,5000,149.00,149.50,148.00,148.00,2.00,5,744000
109/12/30,8030,148.00,149.00,148.00,149.00,1.00,9,1191350
109/12/31,17000,148.50,151.00,148.50,150.50,1.50,16,2560500
