﻿力達-KY,	4552
日期,成交股數,開盤價,最高價,最低價,收盤價,漲跌價差,成交筆數,成交金額
107/06/01,123000,87.90,88.00,87.60,87.80,0.10,102,10800000
107/06/04,195150,88.00,88.40,87.80,88.10,0.30,165,17192174
107/06/05,189000,88.50,88.90,88.10,88.30,0.20,149,16732700
107/06/06,365040,88.40,90.50,88.40,89.90,1.60,283,32787600
107/06/07,140000,90.30,90.80,89.30,89.90,,107,12564000
107/06/08,125000,90.30,90.30,89.60,89.80,0.10,99,11234400
107/06/11,1422300,90.50,96.00,90.30,93.60,3.80,872,132486650
107/06/12,703083,92.70,93.50,91.40,91.70,1.90,452,64723343
107/06/13,561100,92.50,92.50,90.20,90.20,1.50,358,50942100
107/06/14,381000,90.30,91.00,89.50,89.50,0.70,200,34375500
107/06/15,2586140,89.60,89.60,88.20,88.30,1.20,354,228589188
107/06/19,252000,89.00,90.10,88.50,89.00,0.70,197,22524400
107/06/20,404000,88.90,90.50,87.60,88.20,0.80,300,35794600
107/06/21,305000,88.30,88.70,86.80,87.20,1.00,236,26673000
107/06/22,299595,87.40,87.40,86.20,86.30,0.90,223,25970967
107/06/25,198050,86.20,86.50,85.80,85.80,0.50,156,17031925
107/06/26,345000,85.90,85.90,84.10,85.20,0.60,289,29266300
107/06/27,189000,85.20,86.30,85.20,85.80,0.60,172,16248300
107/06/28,60250,85.80,86.30,85.40,86.00,0.20,57,5175375
107/06/29,93200,86.80,86.80,86.00,86.50,0.50,82,8044340
107/07/02,177000,86.20,87.30,85.00,85.00,1.50,144,15209500
107/07/03,266100,85.20,85.60,83.00,83.00,2.00,208,22351800
107/07/04,276230,82.60,83.40,81.50,81.50,1.50,219,22739890
107/07/05,1500301,81.50,81.50,77.50,77.90,3.60,923,118185380
107/07/06,464200,78.20,78.50,77.00,77.60,0.30,365,36005480
107/07/09,507012,80.50,81.10,79.80,80.40,2.80,433,40805567
107/07/10,344000,81.00,82.00,80.40,80.80,0.40,265,27862300
107/07/11,122300,80.70,81.20,79.60,80.90,0.10,99,9829300
107/07/12,107000,80.50,81.20,80.30,80.80,0.10,82,8648700
107/07/13,419000,81.10,82.50,81.00,82.00,1.20,302,34368500
107/07/16,310100,82.40,83.50,82.20,82.70,0.70,220,25690500
107/07/17,176100,83.00,83.00,82.20,82.30,0.40,136,14531800
107/07/18,206411,82.30,82.80,81.20,82.30,,156,16930925
107/07/19,144589,82.30,82.70,81.90,81.90,0.40,111,11892298
107/07/20,161000,82.20,82.20,81.40,81.60,0.30,121,13152600
107/07/23,154000,81.70,82.10,81.50,81.50,0.10,111,12583100
107/07/24,186020,81.40,82.00,81.20,81.20,0.30,145,15159650
107/07/25,176000,81.80,82.60,81.30,82.60,1.40,143,14427800
107/07/26,308030,82.80,84.70,82.80,83.30,0.70,269,25747126
107/07/27,203003,83.30,84.00,83.30,84.00,0.70,160,16992352
107/07/30,111003,84.00,84.00,83.60,83.60,0.40,83,9296967
107/07/31,123000,83.00,83.90,83.00,83.50,0.10,96,10255700
107/08/01,184000,83.80,84.20,83.60,83.80,0.30,130,15445800
107/08/02,139000,83.60,83.90,83.10,83.10,0.70,123,11602000
107/08/03,132000,83.10,83.30,82.70,83.00,0.10,88,10946900
107/08/06,215000,83.50,83.50,82.30,82.50,0.50,160,17803600
107/08/07,157500,82.40,82.40,81.80,82.10,0.40,130,12923749
107/08/08,178030,82.90,83.70,82.90,83.40,1.30,159,14832020
107/08/09,116490,82.30,82.80,82.30,82.50,0.90,92,9609625
107/08/10,438510,82.30,82.30,80.00,80.00,2.50,343,35477404
107/08/13,461500,80.00,80.00,77.30,78.20,1.80,320,36176950
107/08/14,257100,77.80,78.80,77.60,78.30,0.10,186,20045900
107/08/15,515210,78.20,78.20,76.30,76.50,1.80,382,39654770
107/08/16,278440,75.90,76.40,75.40,76.00,0.50,205,21099556
107/08/17,360400,76.30,77.00,74.80,74.90,1.10,271,27334700
107/08/20,529676,75.00,75.10,74.10,74.10,0.80,363,39619562
107/08/21,561000,74.00,76.30,73.60,75.00,0.90,335,41982600
107/08/22,402240,75.00,75.00,74.20,74.30,0.70,230,30001800
107/08/23,212150,74.10,74.40,73.20,73.20,1.10,172,15638060
107/08/24,432064,73.20,73.50,71.60,71.90,1.30,283,31147318
107/08/27,638500,71.80,72.00,70.90,71.80,0.10,421,45551149
107/08/28,338100,72.10,74.70,72.10,73.60,1.80,271,24954750
107/08/29,199122,73.70,74.80,73.70,74.30,0.70,153,14801489
107/08/30,70040,74.10,74.60,74.00,74.30,,59,5192968
107/08/31,66450,73.80,74.60,73.80,74.40,0.10,57,4933780
107/09/03,146010,74.80,75.00,72.30,72.90,1.50,122,10757343
107/09/04,258301,72.70,73.40,72.60,73.20,0.30,102,18853191
107/09/05,112000,73.40,73.80,72.70,72.70,0.50,91,8211800
107/09/06,242000,72.50,72.80,71.60,72.60,0.10,196,17448400
107/09/07,564909,72.30,72.70,69.90,69.90,2.70,404,40083730
107/09/10,1813319,69.40,69.40,63.00,63.00,6.90,1042,115921523
107/09/11,2619750,60.10,62.00,57.30,57.60,5.40,1568,153845724
107/09/12,1978479,57.80,59.60,57.80,58.80,1.20,1104,116140694
107/09/13,1337503,58.70,58.70,56.50,56.80,2.00,846,76314971
107/09/14,1966446,58.00,61.40,57.60,60.60,3.80,1266,116900527
107/09/17,1347925,61.70,61.70,60.50,60.50,0.10,795,82372700
107/09/18,1539600,60.60,61.10,58.50,59.00,1.50,887,91212879
107/09/19,1455552,59.50,60.70,59.50,60.50,1.50,761,87613824
107/09/20,942415,60.60,60.90,58.90,59.50,1.00,543,56399764
107/09/21,724200,60.20,61.80,60.10,61.30,1.80,506,44250180
107/09/25,368333,61.30,61.80,60.10,61.60,0.30,275,22494177
107/09/26,750360,61.70,64.10,61.30,63.50,1.90,569,47222340
107/09/27,780500,63.50,63.90,62.40,62.90,0.60,502,49142450
107/09/28,531670,62.90,63.00,61.60,62.00,0.90,366,33061410
107/10/01,433402,62.20,64.50,62.20,63.80,1.80,334,27397709
107/10/02,500700,63.80,65.20,63.50,64.10,0.30,395,32223890
107/10/03,445470,64.10,64.40,62.80,62.90,1.20,315,28188986
107/10/04,301250,62.50,63.10,62.10,62.20,0.70,213,18806273
107/10/05,549750,62.60,62.60,60.00,60.70,1.50,384,33444423
107/10/08,292032,60.70,62.40,60.70,61.50,0.80,211,17918176
107/10/09,272174,60.70,61.50,60.60,61.00,0.50,199,16611888
107/10/11,1244500,56.40,57.90,54.90,55.40,5.60,824,69491350
107/10/12,513058,54.10,59.30,54.10,58.10,2.70,421,29286803
107/10/15,180707,57.20,58.80,57.20,58.00,0.10,150,10489573
107/10/16,659313,58.00,58.10,56.00,56.50,1.50,483,37578660
107/10/17,221100,57.10,58.00,57.00,57.40,0.90,180,12731780
107/10/18,225000,57.40,58.20,57.40,57.70,0.30,161,13021900
107/10/19,261040,56.60,57.10,56.00,57.00,0.70,220,14766924
107/10/22,293277,57.60,59.30,56.90,59.10,2.10,236,17180598
107/10/23,223300,58.80,58.80,57.80,57.90,1.20,187,13001500
107/10/24,217990,57.60,58.00,56.50,57.40,0.50,192,12462622
107/10/25,353100,55.80,56.20,55.50,56.00,1.40,280,19729700
107/10/26,686500,56.40,56.60,53.50,54.50,1.50,483,37640849
107/10/29,313500,55.00,55.90,54.40,55.50,1.00,240,17306150
107/10/30,267100,55.50,56.20,54.50,55.40,0.10,205,14792140
107/10/31,355201,55.80,57.30,55.80,56.70,1.30,261,20114836
107/11/01,374299,56.90,58.60,56.90,58.50,1.80,299,21750821
107/11/02,457200,59.20,59.90,58.80,59.30,0.80,322,27122659
107/11/08,352150,54.90,54.90,53.40,53.50,0.50,273,18962700
107/11/09,1445683,51.00,51.00,48.90,49.10,4.40,1059,71847901
107/11/12,360616,49.30,50.60,49.30,49.95,0.85,306,18021065
107/11/16,1139502,56.70,59.50,55.90,57.70,2.40,967,65712815
107/11/19,534504,58.10,59.00,57.50,58.20,0.50,395,31089732
107/11/20,411300,57.50,59.30,57.40,58.20,,349,23978060
107/11/21,541200,57.20,57.60,56.60,56.70,1.50,418,30845400
107/11/22,558695,56.70,57.20,56.00,56.20,0.50,383,31553467
107/11/23,376350,56.90,56.90,55.60,55.90,0.30,323,21123335
107/11/26,347000,56.10,57.40,56.10,56.40,0.50,277,19671500
107/11/27,2338624,57.00,62.00,57.00,59.70,3.30,1737,139989514
107/11/28,739125,59.70,60.40,58.70,60.10,0.40,586,44056399
107/11/29,607023,60.40,60.70,58.40,58.60,1.50,452,36037763
107/11/30,321000,58.40,59.40,58.20,58.30,0.30,253,18826700
107/12/03,1514611,59.70,62.50,59.10,62.10,3.80,1088,92503882
107/12/04,804224,61.50,61.60,60.00,60.40,1.70,599,48844340
107/12/05,272100,59.50,59.60,58.80,59.20,1.20,215,16097739
107/12/06,724200,59.20,59.20,56.00,56.20,3.00,491,41406240
107/12/07,237000,56.00,57.20,56.00,56.90,0.70,186,13444200
107/12/10,210400,56.10,57.40,55.90,56.20,0.70,163,11896279
107/12/11,132006,56.50,57.10,56.50,56.80,0.60,97,7494540
107/12/12,255024,57.10,58.70,57.10,58.70,1.90,227,14792912
107/12/13,409300,58.80,59.80,58.00,59.40,0.70,313,24229420
107/12/14,228000,59.50,59.50,58.10,58.90,0.50,190,13362900
107/12/17,161270,58.80,59.40,58.30,59.20,0.30,134,9524130
107/12/18,120400,58.60,59.10,58.20,58.30,0.90,103,7049560
107/12/19,163000,59.00,59.00,57.70,58.40,0.10,124,9486000
107/12/20,292450,57.70,58.00,56.10,56.20,2.20,235,16645225
107/12/21,228200,56.10,56.50,55.10,56.50,0.30,189,12752740
107/12/22,80000,56.40,56.40,55.50,56.20,0.30,58,4490000
107/12/24,89026,56.20,56.20,55.80,56.20,,72,4988061
107/12/25,125000,55.10,55.50,55.00,55.40,0.80,104,6895700
107/12/26,150200,55.60,55.80,54.50,54.70,0.70,111,8282020
107/12/27,123100,55.80,55.80,55.20,55.30,0.60,87,6821690
107/12/28,172100,55.30,55.30,54.50,55.00,0.30,131,9450450
108/01/02,48008,55.80,55.80,54.90,55.00,,40,2644055
108/01/03,223209,55.00,55.00,54.00,54.00,1.00,166,12131795
108/01/04,151300,53.50,53.60,52.50,53.00,1.00,137,8017860
108/01/07,93005,53.90,54.80,53.50,54.30,1.30,91,5039888
108/01/08,64006,54.40,54.80,54.10,54.20,0.10,60,3483846
108/01/09,316100,53.90,54.40,52.70,53.90,0.30,242,16981080
108/01/10,219300,53.80,54.50,53.40,54.10,0.20,150,11790529
108/01/11,99000,54.10,54.20,53.80,53.90,0.20,76,5350100
108/01/14,239105,54.00,55.50,54.00,54.80,0.90,184,13099868
108/01/15,700350,55.10,57.50,55.10,57.30,2.50,579,39671950
108/01/16,465116,58.20,58.50,57.00,57.20,0.10,354,26839923
108/01/17,537999,57.20,59.60,56.50,58.00,0.80,435,31332141
108/01/18,1012287,59.00,60.00,58.50,59.10,1.10,714,60147860
108/01/21,701589,59.40,60.60,59.10,60.20,1.10,474,42115596
108/01/22,950137,61.20,61.90,60.10,60.30,0.10,722,58024943
108/01/23,838140,61.00,61.90,60.40,60.80,0.50,655,51245198
108/01/28,202150,61.50,61.50,60.80,60.80,,167,12354705
108/01/29,222100,60.80,60.80,59.50,60.60,0.20,196,13339870
108/01/30,312360,59.80,61.40,59.80,60.00,0.60,250,18926560
108/02/11,399002,60.30,61.50,60.30,60.60,0.60,298,24340222
108/02/12,520230,60.80,60.80,59.90,60.30,0.30,356,31328230
108/02/13,449040,60.30,61.20,60.00,61.20,0.90,362,27167956
108/02/14,925813,61.20,63.20,60.80,63.20,2.00,746,57481779
108/02/15,963600,63.20,63.30,62.00,62.40,0.80,742,60209320
108/02/18,575340,63.10,63.30,61.80,62.40,,418,35883220
108/02/19,275200,62.40,63.00,62.40,62.50,0.10,205,17242100
108/02/20,280466,62.80,63.30,62.60,63.00,0.50,233,17644951
108/02/21,2113584,63.30,66.70,63.20,64.70,1.70,1458,137969774
108/02/22,585164,64.10,64.40,63.10,63.20,1.50,479,37200513
108/02/25,548388,63.90,64.80,63.40,64.50,1.30,413,35175640
108/02/26,437200,64.50,64.90,63.40,63.50,1.00,332,27925700
108/02/27,282350,63.60,63.60,62.30,62.60,0.90,241,17708950
108/03/04,258095,62.60,62.90,62.00,62.60,,212,16092713
108/03/05,216300,62.40,63.70,62.00,63.50,0.90,173,13659360
108/03/06,187100,63.50,63.60,62.90,63.00,0.50,141,11832850
108/03/07,369217,63.00,63.10,61.60,61.60,1.40,275,22952461
108/03/08,682450,60.60,61.00,59.10,60.10,1.50,514,40855305
108/03/11,150085,60.10,60.40,59.60,60.10,,112,9007450
108/03/12,228600,60.50,60.50,60.00,60.10,,164,13770759
108/03/13,197391,60.00,60.00,59.60,59.90,0.20,114,11800237
108/03/14,272200,59.90,61.40,59.90,60.80,0.90,235,16483060
108/03/15,288470,60.80,61.70,60.50,61.30,0.50,201,17659240
108/03/18,197110,61.30,62.00,61.20,61.50,0.20,121,12148065
108/03/19,291065,61.50,62.50,61.40,62.50,1.00,230,18031701
108/03/20,251000,62.50,62.90,62.00,62.50,,200,15681000
108/03/21,224000,62.50,62.90,62.00,62.40,0.10,172,14008500
108/03/22,277100,62.60,62.60,61.20,61.40,1.00,218,17120550
108/03/25,346010,61.00,61.20,60.20,60.70,0.70,203,21009814
108/03/26,218000,61.00,61.50,60.90,61.00,0.30,166,13339700
108/03/27,537335,60.70,61.00,59.80,60.50,0.50,346,32440235
108/03/28,481420,60.00,60.00,59.20,59.50,1.00,339,28662626
108/03/29,611087,59.10,59.10,58.50,58.50,1.00,367,35859850
108/04/01,4196703,58.50,58.50,56.70,57.00,1.50,824,231971177
108/04/02,2603535,56.90,59.70,56.60,59.10,2.10,1302,150213231
108/04/03,2902580,59.40,59.80,58.60,59.00,0.10,1150,165815826
108/04/08,1966357,59.00,59.00,57.40,57.60,1.40,1200,113581183
108/04/09,882500,58.00,58.80,57.70,58.20,0.60,680,51532450
108/04/10,440300,58.20,58.50,57.90,58.30,0.10,343,25611750
108/04/11,543120,58.80,58.80,57.60,57.60,0.70,425,31473060
108/04/12,367244,57.60,57.90,57.50,57.70,0.10,270,21205027
108/04/15,382300,57.80,57.90,57.50,57.70,,306,22047120
108/04/16,320300,57.70,57.80,57.40,57.60,0.10,210,18444900
108/04/17,926767,57.60,59.10,57.60,58.70,1.10,642,54261098
108/04/18,462300,58.70,58.70,57.70,57.70,1.00,323,26841500
108/04/19,337640,57.80,57.80,57.60,57.70,,251,19489127
108/04/22,251500,57.70,57.90,57.60,57.60,0.10,178,14513100
108/04/23,333000,58.30,58.50,57.70,58.40,0.80,269,19390300
108/04/24,671401,58.70,59.90,58.60,59.40,1.00,527,39861678
108/04/25,462503,59.50,59.50,58.90,59.30,0.10,309,27413976
108/04/26,382000,59.00,59.00,58.40,58.50,0.80,222,22401900
108/04/29,372550,58.60,59.10,58.20,58.20,0.30,249,21863638
108/04/30,191150,58.30,58.40,57.80,58.10,0.10,128,11100829
108/05/02,129700,57.90,58.30,57.90,58.20,0.10,118,7530049
108/05/03,198743,58.10,58.80,58.10,58.80,0.60,161,11645437
108/05/06,992367,57.90,58.30,56.90,57.10,1.70,611,56958386
108/05/07,263443,56.90,57.50,56.90,57.10,,184,15080527
108/05/08,368006,56.40,56.40,55.10,56.00,1.10,263,20601448
108/05/09,1767587,55.00,55.30,51.20,51.40,4.60,1139,93512003
108/05/10,655850,51.20,52.50,50.40,51.50,0.10,464,33763100
108/05/13,676150,51.40,51.40,49.25,50.00,1.50,401,33848560
108/05/14,421100,49.20,50.30,48.45,49.90,0.10,247,20709860
108/05/15,646680,50.30,52.80,50.30,52.00,2.10,380,33555496
108/05/16,223925,52.00,52.00,51.10,51.10,0.90,202,11497700
108/05/17,304360,51.20,51.40,49.80,50.10,1.00,206,15323065
108/05/20,160550,49.80,50.70,49.75,49.80,0.30,109,8039254
108/05/21,179350,49.80,51.00,49.80,50.80,1.00,132,9029300
108/05/22,126200,50.80,50.80,50.40,50.70,0.10,89,6387240
108/05/23,282600,50.50,50.50,49.20,49.50,1.20,210,14059600
108/05/24,162150,49.50,49.80,49.40,49.40,0.10,124,8030905
108/05/27,123150,49.80,49.80,49.15,49.40,,103,6088795
108/05/28,138000,49.45,49.80,49.40,49.40,,79,6830050
108/05/29,144000,49.40,50.20,49.40,49.85,0.45,105,7174050
108/05/30,256070,49.85,51.00,49.85,50.90,1.05,173,12956355
108/05/31,190051,50.70,51.70,50.70,51.20,0.30,152,9772041
108/06/03,134119,50.80,51.00,50.40,50.50,0.70,96,6794976
108/06/04,107070,50.50,50.90,50.40,50.40,0.10,73,5416277
108/06/05,73050,51.10,51.10,50.40,50.40,,56,3690470
108/06/06,133500,50.50,50.50,49.55,49.65,0.75,97,6658650
108/06/10,101275,49.80,50.30,49.75,49.95,0.30,80,5062505
108/06/11,195100,50.00,51.30,50.00,51.10,1.15,143,9890800
108/06/12,162300,51.10,51.80,50.70,51.00,0.10,118,8305730
108/06/13,68500,51.00,51.00,50.70,50.80,0.20,50,3484450
108/06/14,53000,51.00,51.10,50.80,50.80,,45,2698100
108/06/17,98100,50.80,51.20,50.50,51.00,0.20,65,4981940
108/06/18,120100,51.00,51.00,50.50,50.50,0.50,78,6092380
108/06/19,134200,51.00,51.20,50.50,51.10,0.60,106,6828960
108/06/20,162200,51.30,52.00,51.20,51.80,0.70,125,8376200
108/06/21,150050,52.40,52.40,51.50,51.90,0.10,110,7809705
108/06/24,84200,51.90,52.30,51.70,52.20,0.30,65,4384258
108/06/25,79050,52.00,52.10,51.20,51.40,0.80,62,4088795
108/06/26,29000,51.80,51.80,51.40,51.60,0.20,18,1495400
108/06/27,169108,51.80,52.00,51.00,51.10,0.50,114,8698316
108/06/28,30200,51.10,51.60,51.00,51.30,0.20,26,1550480
108/07/01,158123,51.80,52.20,51.60,51.60,0.30,117,8189296
108/07/02,141121,51.80,52.20,51.70,52.20,0.60,110,7326040
108/07/03,147231,52.10,52.20,51.40,51.60,0.60,126,7612250
108/07/04,134243,52.10,52.10,51.70,51.90,0.30,112,6971183
108/07/05,140050,52.00,52.00,51.50,51.60,0.30,115,7239115
108/07/08,395105,51.60,51.60,50.40,50.60,1.00,269,20096075
108/07/09,230375,49.90,50.50,49.70,50.10,0.50,187,11544825
108/07/10,120031,50.20,50.60,50.20,50.30,0.20,99,6049189
108/07/11,172550,50.30,50.40,50.10,50.10,0.20,141,8660475
108/07/12,203350,50.30,50.40,50.00,50.20,0.10,155,10204810
108/07/15,138466,50.20,50.60,50.20,50.30,0.10,137,6975871
108/07/16,174000,50.50,50.50,49.95,50.20,0.10,118,8737500
108/07/17,160050,50.10,50.40,49.90,50.40,0.20,121,8014070
108/07/18,143200,50.40,50.40,49.95,50.00,0.40,110,7172800
108/07/19,386570,50.10,50.40,49.60,49.65,0.35,280,19256093
108/07/22,140050,49.85,50.00,49.50,49.95,0.30,84,6970460
108/07/23,133242,49.95,50.40,49.95,49.95,,108,6678921
108/07/24,161000,50.20,50.50,49.90,49.95,,123,8064450
108/07/25,101600,50.20,50.20,49.90,49.95,,85,5077520
108/07/26,140000,50.00,50.20,49.60,50.00,0.05,100,6975750
108/07/29,104278,50.30,50.30,49.75,50.10,0.10,68,5219427
108/07/30,132000,50.30,50.30,49.85,49.85,0.25,92,6595050
108/07/31,77200,50.20,50.20,49.75,50.10,0.25,52,3851350
