﻿強信-KY,	4560
日期,成交股數,開盤價,最高價,最低價,收盤價,漲跌價差,成交筆數,成交金額
107/06/01,173003,61.80,62.50,61.40,62.00,0.60,140,10733787
107/06/04,364579,62.30,64.40,62.30,62.80,0.80,223,22917018
107/06/05,115000,63.00,63.50,62.30,63.00,0.20,103,7229400
107/06/06,425221,63.20,64.50,62.70,63.80,0.80,236,27027531
107/06/07,493341,64.90,66.40,64.20,65.00,1.20,343,32183839
107/06/08,470040,64.60,65.80,63.50,63.90,1.10,324,30243260
107/06/11,258310,64.50,64.50,62.90,63.20,0.70,165,16373091
107/06/12,360050,63.00,63.00,61.60,61.60,1.60,209,22380524
107/06/13,229112,61.60,62.90,61.40,62.00,0.40,128,14199324
107/06/14,252100,62.30,62.50,61.60,61.70,0.30,103,15625600
107/06/15,136000,61.70,62.00,61.20,61.50,0.20,82,8369400
107/06/19,144528,61.70,61.70,60.00,60.30,1.20,122,8738652
107/06/20,541450,60.70,61.30,57.00,57.00,3.30,364,31462050
107/06/21,447561,57.00,57.50,56.20,57.30,0.30,305,25393664
107/06/22,177434,56.20,56.90,56.20,56.30,1.00,151,10022421
107/06/25,187809,56.20,57.80,55.90,56.50,0.20,137,10648165
107/06/26,202022,56.00,57.00,54.80,56.40,0.10,133,11302540
107/06/27,103000,57.00,57.20,55.80,56.70,0.30,77,5828800
107/06/28,263000,57.30,58.50,55.50,55.80,0.90,154,14754600
107/06/29,272200,56.00,56.20,53.70,54.00,1.80,221,14894200
107/07/02,311000,54.40,55.80,53.30,53.40,0.60,212,16826400
107/07/03,455300,54.20,54.20,50.80,50.80,2.60,322,23622450
107/07/04,1368100,52.20,55.80,51.20,55.80,5.00,724,75692480
107/07/05,1884354,54.60,61.00,54.50,59.40,3.60,1333,110581127
107/07/06,1339000,59.40,61.30,57.20,58.20,1.20,897,79137700
107/07/09,296003,57.80,60.40,56.50,56.60,1.60,218,17126068
107/07/10,360000,57.60,60.00,56.40,59.50,2.90,273,20919400
107/07/11,133000,58.30,59.80,58.30,58.70,0.80,93,7887000
107/07/12,218003,58.80,60.80,58.80,59.60,0.90,169,13043278
107/07/13,238016,59.60,60.60,58.80,59.80,0.20,150,14245856
107/07/16,159000,60.10,60.20,59.50,59.50,0.30,102,9490600
107/07/17,274050,59.50,59.70,58.70,58.80,0.70,162,16173540
107/07/18,401300,57.50,59.00,55.60,55.80,X,275,23119450
107/07/19,88200,56.00,57.30,55.50,56.00,0.20,59,4961980
107/07/20,130000,56.30,57.20,55.30,55.30,0.70,71,7268400
107/07/23,146350,55.40,55.40,54.40,54.70,0.60,74,7992870
107/07/24,176029,56.00,57.00,54.30,56.20,1.50,123,9797129
107/07/25,1350268,56.30,61.80,56.30,60.90,4.70,718,81804719
107/07/26,637278,60.90,61.60,59.00,61.30,0.40,445,38661141
107/07/27,774571,61.30,65.00,61.20,64.00,2.70,509,48590228
107/07/30,568694,63.50,64.60,61.20,62.20,1.80,418,35547274
107/07/31,382000,62.50,63.70,62.00,63.00,0.80,312,24119000
107/08/01,238135,63.90,63.90,62.20,62.90,0.10,182,14995371
107/08/02,335489,63.30,63.30,60.00,61.00,1.90,230,20537526
107/08/03,198198,61.00,63.00,60.80,61.40,0.40,129,12184896
107/08/06,186321,61.50,62.90,61.50,62.30,0.90,132,11607502
107/08/07,199043,62.80,63.00,61.50,61.70,0.60,130,12372440
107/08/08,140002,61.60,62.50,61.40,62.20,0.50,94,8681724
107/08/09,361267,62.50,62.90,60.80,61.10,1.10,206,22190420
107/08/10,642378,62.00,62.00,60.00,60.00,1.10,415,39026226
107/08/13,420066,60.10,60.10,56.10,57.20,2.80,262,24348648
107/08/14,176000,57.70,58.80,56.60,57.40,0.20,126,10083800
107/08/15,292122,57.70,60.10,57.00,60.10,2.70,189,17099506
107/08/16,150024,59.00,59.30,58.50,59.10,1.00,132,8831113
107/08/17,218023,59.40,59.80,57.80,57.80,1.30,116,12757120
107/08/20,90025,57.50,58.50,57.00,57.80,,49,5180832
107/08/21,26000,58.10,58.10,57.50,57.90,0.10,24,1503900
107/08/22,17155,58.40,58.40,57.80,57.90,,17,993497
107/08/23,97000,58.80,59.20,57.50,57.90,,79,5649400
107/08/24,76000,58.30,58.50,57.20,57.30,0.60,61,4380100
107/08/27,88100,58.00,58.40,57.30,58.40,1.10,69,5104320
107/08/28,204007,58.00,58.90,57.40,57.40,1.00,102,11796200
107/08/29,86000,57.90,57.90,56.50,56.90,0.50,66,4895000
107/08/30,114066,56.90,57.60,56.40,56.90,,70,6487635
107/08/31,165000,56.90,57.40,55.80,55.80,1.10,113,9296800
107/09/03,332261,56.00,56.80,53.30,53.50,2.30,223,18137463
107/09/04,155000,53.60,55.00,53.60,54.90,1.40,109,8414500
107/09/05,101000,55.40,55.70,53.70,53.70,1.20,66,5498500
107/09/06,241000,53.70,54.60,52.00,53.00,0.70,154,12764600
107/09/07,268336,53.00,53.30,50.60,51.70,1.30,161,13905104
107/09/10,367100,51.30,52.00,48.20,49.50,2.20,257,18213930
107/09/11,194100,50.10,50.60,48.50,50.50,1.00,113,9627050
107/09/12,166288,51.00,51.50,49.00,51.50,1.00,118,8338976
107/09/13,148000,51.00,52.00,50.40,51.00,0.50,102,7581100
107/09/14,133000,51.00,52.20,51.00,52.00,1.00,60,6872800
107/09/17,115000,52.70,52.70,51.40,52.40,0.40,64,5981500
107/09/18,86000,52.00,52.30,51.40,51.80,0.60,32,4461700
107/09/19,142000,51.80,52.80,51.60,52.10,0.30,64,7416500
107/09/20,135000,51.90,52.80,51.00,51.70,0.40,68,7014400
107/09/21,137000,51.50,52.70,51.50,52.30,0.60,78,7146400
107/09/25,173000,52.30,52.40,51.30,51.90,0.40,100,8925800
107/09/26,140000,51.00,52.60,51.00,52.00,0.10,70,7297500
107/09/27,199000,52.00,52.50,51.50,52.20,0.20,109,10350000
107/09/28,200000,51.90,52.70,51.50,52.00,0.20,115,10395000
107/10/01,106000,51.70,52.50,51.50,51.90,0.10,56,5517900
107/10/02,120000,51.70,53.00,51.70,52.40,0.50,64,6273800
107/10/03,126000,52.40,52.90,51.70,51.80,0.60,55,6590700
107/10/04,134000,52.40,52.40,51.50,52.20,0.40,71,6952000
107/10/05,269000,51.90,51.90,50.20,50.50,1.70,171,13725400
107/10/08,111000,51.00,51.00,49.75,50.30,0.20,81,5583900
107/10/09,230000,50.40,52.60,50.20,51.00,0.70,134,11755600
107/10/11,345420,48.20,49.45,47.90,48.55,2.45,228,16710141
107/10/12,188000,48.00,51.00,48.00,50.30,1.75,104,9224650
107/10/15,108000,49.90,51.00,49.50,50.40,0.10,65,5423550
107/10/16,98000,49.70,50.90,49.70,50.70,0.30,59,4930900
107/10/17,114000,51.30,52.20,50.60,50.80,0.10,77,5860200
107/10/18,173000,50.50,51.60,49.70,50.30,0.50,97,8727650
107/10/19,145000,50.30,50.30,48.75,49.30,1.00,77,7153050
107/10/22,154000,49.00,50.20,48.80,49.15,0.15,89,7580900
107/10/23,50000,49.20,49.40,48.50,48.50,0.65,38,2443300
107/10/24,140000,48.50,49.15,47.80,48.25,0.25,95,6769500
107/10/25,165000,47.80,48.70,47.50,48.25,,88,7938200
107/10/26,123000,49.00,49.00,47.10,47.60,0.65,81,5861000
107/10/29,451000,47.80,47.85,43.45,44.35,3.25,275,20093250
107/10/30,124000,43.15,45.00,43.15,44.20,0.15,76,5455400
107/10/31,509000,44.90,45.00,42.80,43.00,1.20,360,22058950
107/11/01,284000,43.00,46.40,43.00,46.05,3.05,209,12851050
107/11/02,205000,47.00,49.00,46.00,48.15,2.10,154,9807600
107/11/08,173000,51.00,52.90,51.00,52.00,1.00,103,9018900
107/11/09,329000,52.30,52.30,49.50,51.00,1.00,237,16703300
107/11/12,139000,51.70,51.70,49.15,49.50,1.50,99,6945950
107/11/16,91000,49.20,49.50,48.70,49.00,,44,4468650
107/11/19,118000,49.05,50.00,48.90,49.40,0.40,61,5841400
107/11/20,298001,50.00,50.00,47.70,47.90,1.50,176,14439250
107/11/21,177000,47.70,48.10,46.65,47.95,0.05,115,8422600
107/11/22,258030,47.50,48.20,46.70,46.95,1.00,148,12166420
107/11/23,129000,46.90,48.05,46.65,47.15,0.20,82,6090000
107/11/26,81000,47.75,48.00,47.00,47.20,0.05,51,3831200
107/11/27,217030,47.30,47.40,46.30,47.40,0.20,123,10196075
107/11/28,169000,47.00,48.50,47.00,48.25,0.85,115,8096850
107/11/29,259000,48.50,48.95,47.85,47.95,0.30,140,12479400
107/11/30,149000,48.05,48.60,47.70,48.20,0.25,99,7161150
107/12/03,375000,48.90,50.00,48.40,50.00,1.80,270,18410800
107/12/04,342000,49.95,49.95,49.00,49.30,0.70,210,16902100
107/12/05,151000,48.30,49.65,48.30,48.95,0.35,91,7386150
107/12/06,267000,49.10,49.10,47.50,48.00,0.95,155,12870750
107/12/07,96000,48.50,48.50,47.80,48.20,0.20,63,4623550
107/12/10,114000,47.85,48.40,47.40,48.30,0.10,57,5456400
107/12/11,110000,48.45,48.45,47.65,48.05,0.25,51,5276800
107/12/12,143000,48.10,48.85,48.05,48.60,0.55,74,6930900
107/12/13,62000,48.75,48.80,48.50,48.55,0.05,47,3015700
107/12/14,70000,48.00,48.65,47.70,48.00,0.55,42,3363300
107/12/17,131000,48.05,49.00,47.80,48.55,0.55,69,6358750
107/12/18,185006,48.70,48.70,47.70,48.20,0.35,109,8891157
107/12/19,108000,48.45,48.70,47.90,48.30,0.10,57,5226950
107/12/20,172000,48.30,48.65,47.75,48.00,0.30,90,8264050
107/12/21,59000,48.15,48.15,47.35,48.00,,52,2814100
107/12/22,70000,47.80,48.10,47.55,48.00,,36,3351550
107/12/24,139000,48.00,49.00,47.80,48.00,,81,6724700
107/12/25,71000,47.65,48.10,47.25,47.50,0.50,45,3375100
107/12/26,64000,47.75,47.85,47.40,47.50,,37,3044650
107/12/27,167000,47.55,48.50,47.55,48.50,1.00,87,8029050
107/12/28,235000,48.50,50.00,48.40,50.00,1.50,128,11577800
108/01/02,285000,50.10,51.00,48.80,48.80,1.20,170,14165650
108/01/03,147000,49.25,49.80,48.70,48.80,,63,7251250
108/01/04,107043,48.45,49.40,48.40,49.25,0.45,78,5252636
108/01/07,228000,50.60,50.60,49.15,49.60,0.35,167,11323000
108/01/08,284000,49.90,50.60,49.45,50.00,0.40,170,14192500
108/01/09,325000,50.70,51.80,50.50,51.30,1.30,237,16565000
108/01/10,235634,51.50,51.90,50.40,51.00,0.30,165,11993916
108/01/11,142000,51.50,51.50,50.80,51.40,0.40,96,7261600
108/01/14,105000,51.30,51.50,50.80,51.00,0.40,74,5364700
108/01/15,282000,50.80,52.00,50.80,51.30,0.30,173,14462900
108/01/16,167050,51.50,51.80,50.90,51.40,0.10,102,8548295
108/01/17,292010,51.20,52.50,51.10,52.50,1.10,139,15108030
108/01/18,334000,52.80,52.90,51.80,52.20,0.30,181,17470200
108/01/21,83010,52.50,52.50,51.90,51.90,0.30,54,4332624
108/01/22,246000,52.20,52.50,51.60,52.00,0.10,118,12799200
108/01/23,78001,52.30,52.30,51.90,52.10,0.10,58,4065252
108/01/28,88000,52.80,52.90,52.30,52.50,,45,4622000
108/01/29,106000,52.30,52.40,51.70,52.00,0.50,72,5509500
108/01/30,87000,52.20,52.50,51.80,52.50,0.50,48,4551000
108/02/11,256018,52.20,53.50,52.20,52.90,0.40,173,13506945
108/02/12,273000,53.00,53.00,52.40,52.70,0.20,101,14354200
108/02/13,338001,52.90,53.60,52.20,52.50,0.20,191,17861253
108/02/14,438458,52.50,52.90,51.40,52.80,0.30,258,22841045
108/02/15,333458,52.70,53.20,51.60,52.50,0.30,231,17434961
108/02/18,245050,52.70,53.00,52.00,53.00,0.50,162,12867775
108/02/19,385020,53.00,53.30,52.30,53.30,0.30,212,20338460
108/02/20,458000,53.60,53.60,52.50,53.50,0.20,226,24320400
108/02/21,371000,53.10,54.30,53.10,54.30,0.80,207,19920900
108/02/22,528000,54.00,54.50,53.30,54.20,0.10,247,28395600
108/02/25,279000,54.20,55.50,54.10,55.10,0.90,171,15265000
108/02/26,246000,55.30,56.00,54.70,55.20,0.10,156,13586700
108/02/27,277000,55.30,55.70,54.60,55.20,,159,15254500
108/03/04,362000,55.60,55.70,54.60,54.60,0.60,192,19880300
108/03/05,155001,54.80,54.80,54.10,54.40,0.20,95,8422454
108/03/06,219000,54.50,54.60,53.60,54.30,0.10,119,11831500
108/03/07,96000,54.30,55.00,54.10,55.00,0.70,67,5237700
108/03/08,247000,54.90,54.90,54.10,54.70,0.30,137,13443100
108/03/11,212093,54.70,54.70,54.10,54.50,0.20,71,11515715
108/03/12,198200,54.80,54.90,54.20,54.90,0.40,76,10824180
108/03/13,308100,54.90,54.90,54.00,54.60,0.30,148,16755510
108/03/14,269120,54.50,56.70,54.50,55.60,1.00,177,14885432
108/03/15,299663,55.90,56.20,55.20,55.70,0.10,188,16669528
108/03/18,317171,55.80,56.40,55.50,56.00,0.30,151,17719324
108/03/19,242268,56.10,56.30,55.60,56.00,,100,13549753
108/03/20,256000,56.20,56.40,55.80,56.40,0.40,101,14373400
108/03/21,340100,56.40,56.80,56.10,56.50,0.10,150,19186020
108/03/22,633132,56.40,57.20,56.20,56.90,0.40,369,35885344
108/03/25,355320,56.20,56.90,56.20,56.50,0.40,141,20077310
108/03/26,347000,56.50,56.90,56.10,56.90,0.40,179,19609000
108/03/27,468924,56.90,57.20,56.50,57.20,0.30,190,26669481
108/03/28,333330,57.30,57.50,56.70,57.20,,159,19056610
108/03/29,349296,57.40,57.60,56.90,57.40,0.20,138,20003028
108/04/01,310000,57.40,57.80,57.10,57.20,0.20,145,17819800
108/04/02,293021,57.40,57.40,56.80,57.10,0.10,144,16720192
108/04/03,331119,57.10,57.40,56.50,57.00,0.10,128,18832623
108/04/08,726051,57.10,57.40,55.80,56.30,0.70,358,40928771
108/04/09,422000,56.20,56.70,56.00,56.50,0.20,183,23782400
108/04/10,535017,56.50,56.90,56.00,56.80,0.30,330,30203165
108/04/11,306010,56.90,57.00,56.10,56.10,0.70,131,17287661
108/04/12,284285,56.00,56.80,56.00,56.40,0.30,146,16005231
108/04/15,226010,56.50,56.70,56.00,56.20,0.20,124,12701357
108/04/16,280000,56.20,56.20,55.70,55.90,0.30,77,15646900
108/04/17,558051,55.90,56.00,54.70,54.70,1.20,245,30897005
108/04/18,359017,54.90,55.50,54.40,55.10,0.40,196,19684840
108/04/19,336050,55.20,56.30,54.50,56.30,1.20,106,18527115
108/04/22,183000,56.30,56.60,55.80,56.40,0.10,84,10298800
108/04/23,159000,56.50,56.60,56.00,56.40,,80,8942300
108/04/24,512000,56.50,57.20,56.00,57.00,0.60,233,29008200
108/04/25,291000,57.00,57.30,56.70,57.10,0.10,112,16598400
108/04/26,206000,57.20,57.20,56.20,56.90,0.20,107,11674400
108/04/29,395151,56.90,57.50,56.10,57.20,0.30,159,22376046
108/04/30,226000,57.20,57.40,56.50,57.40,0.20,91,12871100
108/05/02,468300,57.40,58.30,57.00,58.10,0.70,264,27042950
108/05/03,308015,58.20,58.50,57.80,58.00,0.10,121,17878468
108/05/06,279300,57.90,58.00,56.60,56.60,1.40,149,15975379
108/05/07,711015,56.10,56.90,55.30,55.90,0.70,535,39636837
108/05/08,718103,55.50,56.80,54.80,55.00,0.90,378,39642965
108/05/09,578000,55.10,55.20,52.60,52.60,2.40,292,30896200
108/05/10,281120,52.70,53.40,52.40,53.10,0.50,197,14847334
108/05/13,236000,52.80,53.20,52.40,53.20,0.10,141,12456200
108/05/14,302000,52.80,53.00,52.30,53.00,0.20,160,15905500
108/05/15,260000,53.00,54.50,53.00,54.50,1.50,181,13977000
108/05/16,471000,54.50,54.70,53.80,54.50,,194,25599300
108/05/17,390004,54.70,55.40,53.80,54.20,0.30,249,21235918
108/05/20,242000,54.50,54.70,54.00,54.40,0.20,129,13157600
108/05/21,209000,54.70,54.80,53.90,54.70,0.30,116,11364700
108/05/22,283000,54.90,55.00,54.50,54.90,0.20,153,15503600
108/05/23,179000,55.00,55.00,54.30,54.70,0.20,85,9773100
108/05/24,234000,54.60,54.80,54.30,54.80,0.10,111,12780900
108/05/27,315000,54.80,54.90,54.30,54.70,0.10,147,17187800
108/05/28,217000,54.70,54.70,54.30,54.60,0.10,74,11824500
108/05/29,375000,54.40,54.50,54.00,54.50,0.10,129,20342000
108/05/30,508030,54.50,54.70,54.20,54.40,0.10,164,27645932
108/05/31,358888,54.40,55.60,54.20,55.60,1.20,143,19614506
108/06/03,213112,55.10,55.50,54.70,54.70,0.90,96,11710882
108/06/04,205000,54.70,54.80,54.10,54.50,0.20,105,11157300
108/06/05,284010,54.50,54.80,54.00,54.10,0.40,132,15417146
108/06/06,225000,54.10,54.10,52.80,54.00,0.10,142,12032100
108/06/10,273018,54.10,54.20,53.60,54.00,,99,14711781
108/06/11,257000,54.00,54.00,53.10,53.20,0.80,140,13728200
108/06/12,451000,53.60,53.60,51.90,52.30,0.90,282,23616000
108/06/13,221000,52.30,53.80,51.70,53.80,1.50,162,11544900
108/06/14,470300,53.20,54.30,52.20,54.30,0.50,295,24891690
108/06/17,686000,53.60,54.40,53.00,54.40,0.10,372,36722000
108/06/18,482000,54.20,54.50,53.70,54.30,0.10,205,26041800
108/06/19,335000,54.50,54.70,53.90,54.20,0.10,180,18149900
108/06/20,337300,54.20,54.20,53.40,54.10,0.10,176,18129500
108/06/21,544000,54.20,54.40,53.70,54.20,0.10,189,29409200
108/06/24,425000,54.10,54.20,53.80,54.20,,147,22956500
108/06/25,501000,54.10,54.90,53.90,54.70,0.50,204,27232500
108/06/26,391000,54.60,54.80,54.30,54.60,0.10,144,21329500
108/06/27,381470,54.80,54.90,54.40,54.80,0.20,153,20846868
108/06/28,459000,54.90,54.90,54.20,54.60,0.20,138,25035800
108/07/01,487005,55.00,56.00,55.00,55.30,0.70,234,26895076
108/07/02,307000,55.30,55.50,54.80,55.30,,134,16925200
108/07/03,535000,55.30,55.40,54.90,55.20,0.10,200,29487100
108/07/04,271000,55.30,55.30,54.70,55.30,0.10,98,14911000
108/07/05,395280,55.40,55.70,55.10,55.50,0.20,166,21898884
108/07/08,583273,55.60,56.20,55.40,55.60,0.10,244,32450696
108/07/09,524000,52.30,52.90,51.90,52.40,X,264,27433600
108/07/10,541019,52.70,52.70,51.70,52.00,0.40,265,28185688
108/07/11,235000,52.30,52.30,51.70,52.30,0.30,115,12237400
108/07/12,747000,52.30,53.00,51.30,53.00,0.70,297,38942500
108/07/15,423000,52.80,52.80,51.90,51.90,1.10,215,22024400
108/07/16,330378,51.90,52.00,51.60,52.00,0.10,142,17122256
108/07/17,404622,51.90,52.10,51.40,51.40,0.60,142,20961983
108/07/18,271000,51.50,51.70,51.10,51.50,0.10,121,13938100
108/07/19,228000,51.50,51.60,51.20,51.60,0.10,94,11724600
108/07/22,204000,51.60,51.60,51.30,51.50,0.10,68,10491800
108/07/23,536995,51.50,51.50,49.90,49.90,1.60,293,27224450
108/07/24,486390,49.75,49.85,48.30,48.45,1.45,366,23757771
108/07/25,549041,48.25,48.70,47.15,47.35,1.10,394,26246503
108/07/26,498021,47.60,49.00,47.30,49.00,1.65,227,23865800
108/07/29,434010,48.90,48.90,48.30,48.75,0.25,228,21056090
108/07/30,467000,48.75,50.00,48.40,49.00,0.25,288,22822400
108/07/31,348170,48.90,49.20,48.35,49.20,0.20,195,16941933
