﻿元翎,	4564
日期,成交股數,開盤價,最高價,最低價,收盤價,漲跌價差,成交筆數,成交金額
108/03/07,9908488,53.00,55.10,52.30,54.30,X,4216,533105252
108/03/08,5760568,53.60,54.20,50.00,52.70,1.60,2914,301720225
108/03/11,2834607,52.80,53.50,51.30,52.50,0.20,1594,148548823
108/03/12,1851753,52.40,52.50,51.70,52.10,0.40,1043,96335156
108/03/13,8305999,52.30,57.80,51.90,57.20,5.10,3778,458089943
108/03/14,8073506,58.00,60.20,56.70,59.00,1.80,4286,476577193
108/03/15,10334310,61.50,64.90,61.00,64.90,5.90,4287,656141409
108/03/18,9345703,66.50,69.70,65.00,66.50,1.60,4944,629312612
108/03/19,3650365,66.80,67.80,64.60,67.10,0.60,2071,241498686
108/03/20,2365613,67.90,68.80,66.30,67.80,0.70,1518,159766653
108/03/21,9230655,68.30,74.50,67.00,74.50,6.70,3924,667420894
108/03/22,5384042,73.50,75.70,73.00,74.90,0.40,3309,400540442
108/03/25,3006715,72.90,74.70,71.20,74.50,0.40,1925,219470765
108/03/26,4159355,75.60,75.70,70.90,72.00,2.50,2526,304023660
108/03/27,2178749,71.50,73.70,71.50,71.80,0.20,1412,157766450
108/03/28,4449007,71.80,72.70,67.20,68.70,3.10,2863,308327481
108/03/29,2021500,68.70,70.90,67.50,70.30,1.60,1442,140622000
108/04/01,2434836,71.00,71.70,68.60,69.30,1.00,1682,170582631
108/04/02,2486600,69.60,71.80,68.30,71.10,1.80,1735,174059875
108/04/03,1613603,71.50,71.50,69.70,70.40,0.70,1226,113848747
108/04/08,1734102,70.80,70.90,69.20,69.30,1.10,1217,120749988
108/04/09,3795185,68.90,72.10,68.30,70.70,1.40,2361,268459477
108/04/10,1791843,70.40,71.30,69.30,70.80,0.10,1209,126479882
108/04/11,2544428,71.30,71.50,68.90,69.60,1.20,1587,177343760
108/04/12,892215,69.70,70.00,68.90,68.90,0.70,576,61721135
108/04/15,1280445,69.30,69.50,67.90,68.10,0.80,832,87444903
108/04/16,4020787,67.90,68.00,64.10,65.30,2.80,2678,263034525
108/04/17,1767950,65.00,66.50,64.70,66.00,0.70,1238,116551200
108/04/18,2044475,65.20,66.00,63.10,63.10,2.90,1296,132167609
108/04/19,3844647,63.50,63.70,60.20,60.90,2.20,2095,235293726
108/04/22,2911260,61.20,65.80,61.00,65.10,4.20,1751,186208368
108/04/23,1534755,64.10,64.60,62.30,63.20,1.90,1077,97149790
108/04/24,716393,63.00,63.50,62.50,62.60,0.60,477,45022598
108/04/25,727000,63.00,64.10,62.60,62.80,0.20,510,45993900
108/04/26,751100,62.50,62.70,61.00,61.90,0.90,530,46433250
108/04/29,758245,61.60,63.20,61.20,62.90,1.00,530,47308085
108/04/30,738000,62.50,63.70,62.50,63.50,0.60,620,46819900
108/05/02,551250,63.80,64.30,63.40,64.10,0.60,369,35310750
108/05/03,490514,64.50,64.50,63.30,63.60,0.50,292,31232784
108/05/06,859064,62.50,63.80,61.50,63.50,0.10,659,54326596
108/05/07,1129524,63.20,65.40,62.90,64.60,1.10,709,72897360
108/05/08,1711740,65.30,66.10,64.60,65.10,0.50,1140,111653004
108/05/09,1654657,64.90,65.10,63.20,63.50,1.60,1100,105858784
108/05/10,1206130,63.70,65.30,63.20,64.80,1.30,916,77896923
108/05/13,3011048,64.80,67.10,64.80,66.30,1.50,1898,199085768
108/05/14,1431315,65.10,66.20,64.00,66.10,0.20,1008,93888490
108/05/15,1149366,66.60,66.90,65.50,66.00,0.10,746,76141882
108/05/16,1064500,65.80,65.90,64.10,64.50,1.50,772,69207249
108/05/17,1458490,64.60,65.00,62.20,62.30,2.20,966,91651525
108/05/20,1874346,61.80,62.30,60.00,60.50,1.80,1143,113886833
108/05/21,941296,61.10,61.20,59.90,60.70,0.20,533,57017556
108/05/22,486013,61.40,61.60,60.50,60.80,0.10,294,29640794
108/05/23,5378999,60.40,60.40,54.80,55.40,5.40,2956,301460739
108/05/24,2909105,55.00,55.70,52.70,53.40,2.00,1778,157093001
108/05/27,1156100,54.00,55.10,53.60,54.30,0.90,716,62672900
108/05/28,766202,54.70,54.70,53.70,54.10,0.20,518,41420010
108/05/29,960000,53.50,53.70,52.50,52.90,1.20,627,50918700
108/05/30,661200,53.00,53.70,52.70,53.10,0.20,414,35136039
108/05/31,887588,53.30,54.30,53.10,54.00,0.90,536,47778415
108/06/03,2144877,53.30,53.30,51.00,51.60,2.40,1401,110703504
108/06/04,898000,52.00,52.50,51.30,51.60,,586,46531600
108/06/05,1340395,52.50,53.30,51.10,51.70,0.10,848,69721941
108/06/06,2226518,51.60,51.60,48.90,49.50,2.20,1423,110953446
108/06/10,1416000,50.00,51.60,50.00,50.50,1.00,969,71855500
108/06/11,1635193,50.90,50.90,49.45,49.85,0.65,1173,81650300
108/06/12,2505387,49.85,53.30,49.75,52.90,3.05,1461,130812642
108/06/13,1613209,52.40,53.60,51.60,53.00,0.10,1073,84928677
108/06/14,2334450,52.90,55.80,52.50,54.70,1.70,1449,127228850
108/06/17,1211840,54.50,54.60,52.80,53.30,1.40,751,64735040
108/06/18,581000,53.60,53.60,52.10,52.40,0.90,402,30522500
108/06/19,753700,53.30,53.80,52.70,53.30,0.90,452,40166680
108/06/20,705650,53.50,54.50,53.30,53.80,0.50,421,38054300
108/06/21,1005084,54.30,55.20,53.70,54.00,0.20,570,54876078
108/06/24,448200,54.00,54.30,53.60,54.10,0.10,300,24198400
108/06/25,859050,54.10,54.10,52.20,52.50,1.60,562,45566855
108/06/26,364350,52.10,52.80,52.10,52.60,0.10,233,19091180
108/06/27,445510,52.90,53.70,52.70,53.70,1.10,330,23780140
108/06/28,486400,53.80,53.90,52.30,53.40,0.30,365,25797498
108/07/01,2258139,53.50,55.40,53.40,55.00,1.60,1414,123470184
108/07/02,6060583,56.00,59.20,55.60,58.60,3.60,3637,350036878
108/07/03,2623100,57.50,57.90,56.70,57.80,0.80,1679,150448610
108/07/04,1366230,58.00,58.20,57.20,58.10,0.30,948,78942717
108/07/05,3107723,58.10,60.20,57.70,59.40,1.30,1776,184637780
108/07/08,1010503,60.00,60.00,58.40,58.80,0.60,640,59728589
108/07/09,2787987,57.00,57.20,55.40,56.00,2.80,1714,156510164
108/07/10,1021729,56.20,56.80,55.70,56.40,0.40,671,57363815
108/07/11,645150,56.70,56.70,55.80,56.10,0.30,448,36171535
108/07/12,2209549,56.20,56.90,55.40,56.50,0.40,893,124390637
108/07/15,1016200,57.10,57.40,56.60,57.00,0.50,625,57931419
108/07/16,1679904,57.30,58.70,57.20,58.10,1.10,976,97481912
108/07/17,2074811,58.50,58.90,57.70,58.70,0.60,991,121243266
108/07/18,5249354,58.60,58.80,57.40,58.00,0.70,1413,319394570
108/07/19,2181103,56.00,56.90,55.50,56.50,X,1241,122691619
108/07/22,1123103,56.80,57.30,55.80,57.00,0.50,597,63631480
108/07/23,1285410,57.30,58.20,57.00,57.50,0.50,703,74223815
108/07/24,1090278,58.00,58.20,57.20,57.90,0.40,559,63111096
108/07/25,4181006,58.20,61.40,58.20,60.90,3.00,2561,252166361
108/07/26,2753171,60.60,62.30,59.90,61.70,0.80,1849,169421730
108/07/29,2566510,62.30,63.00,60.20,60.30,1.40,1730,158405902
108/07/30,3046366,60.90,61.60,58.10,58.20,2.10,1892,180846994
108/07/31,1263710,58.50,59.30,57.40,58.70,0.50,776,73842475
108/08/01,1846150,58.40,60.40,58.40,59.70,1.00,1029,109993014
108/08/02,1400134,58.70,59.10,57.60,58.20,1.50,818,81599206
108/08/05,1397350,58.20,59.20,57.60,58.00,0.20,858,81759540
108/08/06,917250,56.40,57.70,55.80,57.50,0.50,583,52127700
108/08/07,1215098,58.30,58.40,56.90,57.30,0.20,644,69604084
108/08/08,620903,57.10,57.90,56.90,57.20,0.10,401,35576040
108/08/12,951100,57.20,58.30,56.40,58.20,1.00,524,54454600
108/08/13,1441450,57.80,59.20,57.60,58.60,0.40,864,84298150
108/08/14,1684253,59.10,59.80,58.70,59.60,1.00,891,100094703
108/08/15,920161,58.50,59.20,58.10,59.10,0.50,498,54176531
108/08/16,641085,59.30,59.50,58.60,59.10,,339,37876540
108/08/19,654020,59.40,59.40,58.30,58.30,0.80,377,38306570
108/08/20,1541498,58.70,59.60,57.20,59.20,0.90,865,90134432
108/08/21,6286738,59.70,62.90,59.50,61.20,2.00,3798,387039462
108/08/22,2156168,61.70,62.30,60.30,60.50,0.70,1418,131578595
108/08/23,1535345,61.00,61.20,59.80,59.80,0.70,831,92329000
108/08/26,1325254,58.70,58.80,58.10,58.30,1.50,777,77351781
108/08/27,531033,58.80,59.20,58.40,59.00,0.70,340,31244333
108/08/28,759001,59.00,59.40,58.70,59.00,,331,44804459
108/08/29,2944791,59.50,61.80,59.00,59.20,0.20,1856,178326309
108/08/30,938538,59.20,59.40,58.50,58.50,0.70,628,55255380
108/09/02,572010,58.50,59.10,58.20,58.70,0.20,290,33570489
108/09/03,618686,59.00,59.40,58.50,59.10,0.40,320,36538740
108/09/04,432620,59.10,59.40,58.80,59.10,,254,25565672
108/09/05,1067396,59.50,60.30,59.20,59.40,0.30,645,63822161
108/09/06,720400,59.70,60.10,59.40,60.00,0.60,464,43053059
108/09/09,1467852,60.30,61.40,59.40,59.40,0.60,914,88595694
108/09/10,419235,59.70,59.70,59.10,59.30,0.10,273,24868435
108/09/11,510512,59.50,59.60,59.10,59.10,0.20,287,30278358
108/09/12,865916,59.30,59.40,58.50,58.70,0.40,494,50949267
108/09/16,1214100,59.90,59.90,58.10,58.10,0.60,737,71352800
108/09/17,1362350,58.10,58.40,56.70,56.70,1.40,801,78145250
108/09/18,731558,56.90,57.40,56.70,57.00,0.30,408,41692306
108/09/19,446250,57.20,57.30,56.80,56.80,0.20,259,25464050
108/09/20,2667690,56.90,56.90,54.20,54.70,2.10,1719,147279750
108/09/23,1559007,54.80,55.10,53.30,53.70,1.00,991,84151381
108/09/24,705579,53.70,55.20,53.60,54.60,0.90,520,38582886
108/09/25,852050,54.60,54.60,53.60,53.80,0.80,489,45914214
108/09/26,567186,54.10,54.60,53.80,53.90,0.10,370,30640799
108/09/27,1880000,54.00,54.00,51.90,53.20,0.70,999,99085300
108/10/01,498050,53.20,53.50,52.70,52.80,0.40,269,26410460
108/10/02,774449,52.30,54.30,52.30,54.00,1.20,427,41393246
108/10/03,449300,53.20,53.80,53.20,53.40,0.60,258,24011409
108/10/04,338500,53.90,53.90,53.00,53.00,0.40,242,18044049
108/10/07,553018,53.00,53.40,52.30,52.40,0.60,336,29103151
108/10/08,1193450,52.70,52.70,51.00,51.30,1.10,646,61468781
108/10/09,694250,51.00,52.30,50.60,51.10,0.20,445,35682575
108/10/14,782101,51.60,52.50,51.60,51.90,0.80,579,40655571
108/10/15,690045,52.00,52.60,51.90,52.40,0.50,476,36046076
108/10/16,655500,52.50,52.80,51.30,51.60,0.80,506,34011100
108/10/17,596500,52.10,52.40,51.50,52.30,0.70,498,31032348
108/10/18,1481936,52.60,53.30,52.50,53.20,0.90,646,78593180
108/10/21,537200,53.40,53.40,52.50,52.80,0.40,360,28382800
108/10/22,1095050,52.80,52.80,51.60,51.80,1.00,671,56978440
108/10/23,574025,51.70,51.70,51.40,51.50,0.30,363,29553497
108/10/24,489000,51.50,52.40,51.40,51.90,0.40,363,25233800
108/10/25,538070,52.20,52.20,51.10,51.10,0.80,369,27637433
108/10/28,616596,51.20,51.50,50.60,50.70,0.40,397,31322175
108/10/29,1534127,50.70,51.00,49.85,49.90,0.80,903,76828890
108/10/30,636500,49.90,50.30,49.70,49.90,,464,31790650
108/10/31,1537500,50.00,50.00,48.60,48.70,1.20,1019,75459450
108/11/01,760292,48.70,49.80,48.70,49.25,0.55,528,37553783
108/11/04,571651,49.35,49.95,49.35,49.65,0.40,431,28429998
108/11/05,557005,49.70,49.75,49.00,49.30,0.35,341,27455099
108/11/06,375008,49.45,49.45,49.00,49.05,0.25,297,18430145
108/11/07,842351,49.15,49.15,48.15,48.40,0.65,563,40898621
108/11/08,852448,48.40,48.50,47.60,47.65,0.75,570,40815640
108/11/11,1010752,47.50,48.00,46.00,46.30,1.35,656,47231114
108/11/12,1297027,46.40,48.10,46.00,47.95,1.65,793,61041291
108/11/13,610499,47.50,48.00,46.80,46.85,1.10,432,28891203
108/11/14,775002,47.00,47.40,45.70,45.95,0.90,531,35704642
108/11/15,530360,45.95,46.15,45.55,45.65,0.30,335,24246524
108/11/18,520100,45.50,45.65,45.15,45.15,0.50,342,23534255
108/11/19,513099,45.15,46.10,45.15,45.75,0.60,341,23439784
108/11/20,275000,45.70,45.75,45.30,45.30,0.45,186,12500700
108/11/21,356999,45.20,46.05,45.00,46.05,0.75,235,16234103
108/11/22,347000,46.00,46.10,45.65,45.70,0.35,187,15905900
108/11/25,371050,45.70,46.35,45.70,46.25,0.55,228,17084517
108/11/26,835098,46.25,47.60,46.25,47.45,1.20,530,39401794
108/11/27,781629,47.45,48.25,47.45,48.10,0.65,518,37510003
108/11/28,424000,48.20,48.45,47.55,47.70,0.40,294,20284400
108/11/29,340055,48.00,48.00,46.75,47.00,0.70,227,16023907
108/12/02,298000,46.70,46.70,45.75,46.10,0.90,203,13758250
108/12/03,373999,45.85,46.10,45.60,45.70,0.40,246,17102504
108/12/04,315500,45.75,46.15,45.40,46.10,0.40,204,14489499
108/12/05,191600,46.15,46.40,45.80,46.00,0.10,154,8812100
108/12/06,236000,45.90,46.40,45.85,46.10,0.10,131,10877000
108/12/09,335999,46.15,46.30,46.00,46.10,,179,15481104
108/12/10,1082520,45.70,45.70,44.80,45.10,1.00,627,48806155
108/12/11,389830,45.30,45.55,44.80,45.10,,235,17584033
108/12/12,1005279,45.75,46.15,44.70,45.10,,694,45472781
108/12/13,1249952,45.00,45.10,44.00,44.00,1.10,811,55572925
108/12/16,821299,44.10,44.40,43.20,43.50,0.50,615,35775785
108/12/17,1201986,43.50,43.50,42.60,42.60,0.90,767,51505449
108/12/18,1244625,42.40,43.70,42.35,43.65,1.05,758,53951361
108/12/19,437700,43.65,43.70,43.20,43.70,0.05,287,19026355
108/12/20,992650,43.70,44.55,43.30,43.35,0.35,615,43694781
108/12/23,700200,43.10,43.20,42.65,42.70,0.65,394,30018058
108/12/24,886574,42.85,42.85,42.10,42.10,0.60,512,37483763
108/12/25,831400,42.30,42.30,41.50,41.70,0.40,536,34690947
108/12/26,656000,41.70,42.40,41.70,41.95,0.25,398,27574250
108/12/27,454527,42.00,42.45,42.00,42.40,0.45,298,19234943
108/12/30,207050,42.60,42.60,42.05,42.20,0.20,139,8751858
108/12/31,273000,42.25,42.35,42.20,42.30,0.10,142,11539400
109/01/02,614000,42.30,42.90,42.10,42.60,0.30,325,26106400
109/01/03,485000,42.60,42.65,42.00,42.10,0.50,304,20470550
109/01/06,568000,42.00,42.00,41.20,41.30,0.80,359,23553848
109/01/07,655819,41.30,41.55,40.50,40.65,0.65,424,26762484
109/01/08,848307,40.65,40.65,39.70,40.10,0.55,485,33953583
109/01/09,580603,40.10,40.90,39.95,40.00,0.10,374,23311789
109/01/10,1358300,39.80,39.90,38.85,39.35,0.65,761,53355202
109/01/13,1172450,39.40,40.45,39.20,39.50,0.15,722,46498000
109/01/14,1065300,39.85,40.15,39.35,39.90,0.40,577,42261130
109/01/15,782500,40.10,40.10,39.35,39.40,0.50,439,30932700
109/01/16,2472700,39.80,41.45,39.55,40.55,1.15,1630,100661600
109/01/17,1251150,40.60,40.70,39.60,39.90,0.65,747,49841433
109/01/20,558050,40.00,40.00,39.50,39.65,0.25,353,22158415
109/01/30,2010100,38.00,38.10,35.80,36.10,3.55,948,73509830
109/01/31,748200,35.90,37.00,35.80,36.40,0.30,432,27217150
109/02/03,1628116,35.00,35.00,32.80,34.50,1.90,1022,54427168
109/02/04,2096600,34.60,34.70,33.15,34.25,0.25,1449,70887110
109/02/05,2794215,34.80,36.00,34.35,35.80,1.55,1803,98277062
109/02/06,2475394,36.50,36.80,35.00,36.15,0.35,1570,88636081
109/02/07,1832710,36.00,36.00,34.85,35.05,1.10,1151,64374877
109/02/10,2152000,34.75,35.60,33.55,35.55,0.50,1355,73956050
109/02/11,1197113,35.15,36.40,35.15,35.75,0.20,752,43051846
109/02/12,1384400,35.95,37.35,35.90,37.05,1.30,944,50942800
109/02/13,1335100,37.00,37.05,36.25,36.45,0.60,688,48878055
109/02/14,580500,36.40,36.85,36.30,36.85,0.40,355,21256950
109/02/17,616100,36.90,37.05,36.35,36.60,0.25,310,22557860
109/02/18,443200,36.55,36.60,36.10,36.25,0.35,269,16100048
109/02/19,604600,36.25,36.85,36.05,36.75,0.50,341,22069950
109/02/20,1363763,36.90,38.05,36.90,37.70,0.95,887,51298063
109/02/21,927740,37.75,38.30,37.55,38.20,0.50,595,35264444
109/02/24,1295260,37.90,38.00,36.95,37.10,1.10,751,48438746
109/02/25,878130,36.35,36.55,35.90,36.30,0.80,533,31863408
109/02/26,561100,36.10,37.20,36.00,36.50,0.20,329,20528235
109/02/27,1138100,36.80,36.80,34.80,34.85,1.65,675,40570030
