﻿康控-KY,	4943
日期,成交股數,開盤價,最高價,最低價,收盤價,漲跌價差,成交筆數,成交金額
107/06/01,664013,296.00,302.00,289.00,296.50,0.50,622,196224861
107/06/04,649402,303.50,303.50,297.00,300.00,3.50,595,194876394
107/06/05,5698220,304.50,330.00,301.50,330.00,30.00,3986,1833753100
107/06/06,7460991,342.00,346.50,330.50,332.00,2.00,6076,2538998503
107/06/07,6893369,339.50,364.00,334.00,345.00,13.00,5890,2402590781
107/06/08,3000294,352.00,358.50,342.50,342.50,2.50,2651,1053212900
107/06/11,2744410,348.00,357.00,331.50,356.00,13.50,2487,948244157
107/06/12,2392810,356.00,362.00,342.00,342.00,14.00,2140,843539830
107/06/13,1780870,346.00,351.50,334.50,336.00,6.00,1590,609754430
107/06/14,3375608,341.00,360.00,336.00,346.00,10.00,2948,1182225476
107/06/15,1501111,349.00,352.50,342.50,348.00,2.00,1352,522124128
107/06/19,1350648,348.00,356.00,342.00,344.00,4.00,1186,470496560
107/06/20,2947928,348.00,351.00,310.50,320.50,23.50,2493,969657316
107/06/21,2321572,321.50,327.00,305.50,305.50,15.00,1957,728067887
107/06/22,1834145,308.00,308.00,297.00,303.50,2.00,1566,551128080
107/06/25,975335,305.00,308.50,290.00,290.00,13.50,907,291422985
107/06/26,1146485,283.00,290.00,281.00,290.00,,964,327990620
107/06/27,1709350,298.00,306.00,291.00,291.50,1.50,1456,511779050
107/06/28,963785,280.00,290.00,280.00,285.00,6.50,886,275784795
107/06/29,889877,288.50,297.50,288.50,293.00,8.00,824,260761338
107/07/02,1462249,304.50,307.00,292.50,292.50,0.50,1285,439189206
107/07/03,3004884,303.00,312.50,297.00,300.00,7.50,2452,916095200
107/07/04,1190551,301.00,305.50,294.50,299.00,1.00,1082,355296351
107/07/05,1273256,301.00,303.00,275.00,278.00,21.00,1051,365600353
107/07/06,1417670,278.50,295.00,273.50,295.00,17.00,1207,400930830
107/07/09,767450,298.00,298.00,288.00,293.50,1.50,673,225343100
107/07/10,612680,298.50,299.00,293.00,293.50,,573,180997760
107/07/11,577300,286.00,296.00,285.50,291.00,2.50,530,168197100
107/07/12,980433,297.00,302.50,293.00,298.00,7.00,860,292644049
107/07/13,2425711,301.00,319.00,297.50,315.00,17.00,2167,754633965
107/07/16,1364454,317.00,320.00,305.50,305.50,9.50,1207,426747694
107/07/17,1455745,308.00,313.50,299.00,306.00,0.50,1269,447086970
107/07/18,1402035,306.00,311.00,298.00,301.00,5.00,1196,427897586
107/07/19,667730,306.00,306.00,297.00,299.00,2.00,606,200728770
107/07/20,2090705,302.00,313.00,300.00,309.00,10.00,1840,644228960
107/07/23,1326435,309.00,309.00,296.00,300.50,8.50,1103,398303870
107/07/24,737451,299.00,301.50,292.00,295.00,5.50,629,218236349
107/07/25,1053260,295.00,301.00,290.00,290.00,5.00,905,310432200
107/07/26,1254822,293.00,297.00,290.00,296.00,6.00,1015,368661600
107/07/27,2232288,265.00,278.00,265.00,275.00,X,1896,610907140
107/07/30,1460339,279.00,284.50,267.50,268.50,6.50,1255,401630696
107/07/31,771955,270.50,278.00,268.00,277.50,9.00,679,210783877
107/08/01,949605,283.00,284.50,276.00,282.00,4.50,826,266322017
107/08/02,734299,285.00,285.00,276.00,277.00,5.00,639,204615421
107/08/03,589605,280.00,281.50,277.00,278.00,1.00,525,164418305
107/08/06,2302700,279.00,294.00,279.00,291.50,13.50,1890,664256400
107/08/07,1241201,292.00,292.00,283.50,290.00,1.50,1044,356885889
107/08/08,658868,287.00,293.50,285.00,285.00,5.00,602,190343116
107/08/09,2015074,282.00,282.00,267.00,274.50,10.50,1612,553199424
107/08/10,1039662,275.50,276.50,266.00,266.00,8.50,910,280658050
107/08/13,1789932,267.50,267.50,239.50,245.50,20.50,1448,447885204
107/08/14,2894638,250.00,250.00,221.50,228.00,17.50,2347,664272620
107/08/15,2302594,231.00,237.50,224.00,227.00,1.00,1898,528869620
107/08/16,1060174,224.00,231.50,220.00,227.00,,908,238968084
107/08/17,1333420,231.50,237.00,227.00,229.50,2.50,1135,308939200
107/08/20,1029250,228.00,232.00,226.00,229.00,0.50,795,235258750
107/08/21,1582073,238.00,239.00,232.50,235.00,6.00,1338,373505520
107/08/22,4625808,239.50,258.50,239.00,258.50,23.50,3269,1166537367
107/08/23,3239490,261.00,266.00,256.00,256.00,2.50,2801,843334400
107/08/24,1372152,256.00,265.00,248.50,261.50,5.50,1281,351262020
107/08/27,1210728,261.00,268.50,259.00,263.00,1.50,1185,319098578
107/08/28,4088379,265.50,286.00,265.50,274.00,11.00,3527,1133165967
107/08/29,1363255,274.50,281.50,272.00,272.50,1.50,1284,376409473
107/08/30,857292,276.00,277.50,271.50,271.50,1.00,782,234468632
107/08/31,1804073,271.50,282.00,271.50,275.00,3.50,1572,500848075
107/09/03,1578897,279.00,279.50,262.50,263.50,11.50,1412,424987852
107/09/04,4184134,267.00,288.00,267.00,286.00,22.50,3347,1175599056
107/09/05,4330440,289.50,297.00,285.00,291.00,5.00,3647,1261967100
107/09/06,2075972,291.00,291.00,278.00,280.00,11.00,1761,587924160
107/09/07,2040201,284.50,285.00,266.00,270.00,10.00,1841,560122770
107/09/10,1719970,273.00,273.00,251.00,253.00,17.00,1495,448005880
107/09/11,1101425,253.50,263.50,253.50,262.50,9.50,995,285876925
107/09/12,2084836,260.00,260.00,242.00,245.50,17.00,1662,519763570
107/09/13,3443881,246.00,251.00,225.00,235.00,10.50,2971,813762465
107/09/14,2073852,241.50,252.00,235.50,251.50,16.50,1781,507748704
107/09/17,863590,243.50,251.50,243.00,247.50,4.00,763,212825022
107/09/18,1531216,242.50,246.00,230.00,238.00,9.50,1332,363972624
107/09/19,959463,243.00,245.50,236.00,236.50,1.50,920,229576459
107/09/20,1919401,237.00,241.50,223.00,231.00,5.50,1661,438268131
107/09/21,1372096,232.00,238.50,225.50,238.00,7.00,1288,320611848
107/09/25,783580,237.00,239.00,231.50,233.00,5.00,731,184391220
107/09/26,693710,232.00,238.00,231.00,235.50,2.50,612,163117702
107/09/27,534345,235.00,237.00,230.50,231.00,4.50,491,124556040
107/09/28,573944,233.50,235.00,229.00,230.00,1.00,504,133090064
107/10/01,1435689,233.00,243.00,230.00,239.00,9.00,1295,342945171
107/10/02,862217,238.50,241.00,235.00,236.00,3.00,742,204576212
107/10/03,973160,236.00,238.50,223.00,228.00,8.00,868,223083980
107/10/04,648810,226.50,228.00,222.00,222.50,5.50,610,145410221
107/10/05,2125571,221.00,221.00,200.50,200.50,22.00,1691,435654973
107/10/08,2813314,185.00,193.00,180.50,180.50,20.00,2270,519049164
107/10/09,5024431,181.00,181.50,162.50,162.50,18.00,3584,832697523
107/10/11,654396,147.00,150.00,146.50,146.50,16.00,360,95981012
107/10/12,4950136,140.00,158.00,136.50,152.00,5.50,4036,723367172
107/10/15,1255896,145.00,153.00,140.00,140.00,12.00,1062,182880836
107/10/16,1567860,140.00,149.00,138.50,143.00,3.00,1257,224885403
107/10/17,1277758,153.00,153.00,147.00,148.00,5.00,955,191173684
107/10/18,533621,149.50,152.00,145.00,145.50,2.50,446,79256354
107/10/19,657250,146.00,148.00,140.00,148.00,2.50,537,95354750
107/10/22,1800846,146.50,162.50,146.50,162.50,14.50,1214,280385470
107/10/23,1253159,159.50,162.00,152.00,152.00,10.50,981,196954668
107/10/24,1844514,154.50,159.00,148.00,157.00,5.00,1297,285649450
107/10/25,1482727,141.50,146.00,141.50,141.50,15.50,982,211368865
107/10/26,1318531,140.50,142.00,127.50,127.50,14.00,1014,176081698
107/10/29,4273922,125.00,125.00,115.00,120.00,7.50,2991,509484140
107/10/30,3631637,120.00,120.00,110.00,110.00,10.00,2366,409937570
107/10/31,3974021,113.00,121.00,113.00,117.00,7.00,2418,472640478
107/11/01,2757653,119.00,128.50,116.00,128.50,11.50,1696,346325910
107/11/02,6030161,131.50,137.00,126.00,128.00,0.50,4631,797639668
107/11/08,2300728,129.00,129.00,121.00,121.50,4.50,1745,286979674
107/11/09,2011375,124.50,126.00,119.50,126.00,4.50,1638,247850375
107/11/12,1809333,125.00,127.50,117.00,120.00,6.00,1510,219485126
107/11/16,5489145,141.00,146.00,138.00,141.50,7.50,4127,780119445
107/11/19,3314750,143.50,149.50,142.50,146.00,4.50,2696,485353000
107/11/20,2149913,142.50,145.50,139.00,142.00,4.00,1733,305394646
107/11/21,2798307,140.00,146.00,136.50,142.00,,2170,397623554
107/11/22,2712525,144.50,149.50,140.50,140.50,1.50,2254,393128786
107/11/23,1656550,143.00,144.50,137.00,137.00,3.50,1403,231523900
107/11/26,1287111,140.00,144.00,138.00,144.00,7.00,1000,181794484
107/11/27,4073850,144.00,151.00,142.00,142.50,1.50,2979,594932323
107/11/28,4890215,143.50,151.50,141.50,147.00,4.50,3718,725804820
107/11/29,7375553,152.50,161.50,151.50,161.50,14.50,4669,1169104799
107/11/30,6480577,160.50,161.50,154.00,155.00,6.50,4891,1020652512
107/12/03,5145688,161.00,163.50,158.00,159.50,4.50,3750,827380080
107/12/04,5247691,159.50,166.50,157.00,157.00,2.50,4135,850049331
107/12/05,4857200,148.00,150.50,141.50,145.50,11.50,3515,710437400
107/12/06,4855824,145.00,145.00,131.00,131.50,14.00,3539,659898768
107/12/07,3127826,135.00,138.00,131.50,131.50,,2484,421206444
107/12/10,2639966,120.00,121.50,118.50,118.50,13.00,1613,315221464
107/12/11,6441776,116.50,119.50,110.50,117.50,1.00,4717,739249292
107/12/12,3792739,119.50,121.50,117.50,119.50,2.00,2748,454102180
107/12/13,3086170,119.00,120.00,114.00,118.00,1.50,2467,361126313
107/12/14,5153417,110.00,111.00,106.50,107.50,10.50,3626,553642815
107/12/17,5381587,105.00,113.50,104.50,107.50,,4096,586623600
107/12/18,3701709,106.50,111.00,106.50,109.00,1.50,2741,404665281
107/12/19,2034579,110.00,112.00,107.00,107.00,2.00,1635,222089820
107/12/20,2838741,105.50,108.50,100.00,104.00,3.00,2141,296085305
107/12/21,2819939,103.00,105.00,99.00,102.00,2.00,2275,285322178
107/12/22,1473310,102.00,104.50,100.50,101.00,1.00,1155,150916273
107/12/24,1496005,102.00,104.00,99.50,104.00,3.00,1097,152046120
107/12/25,1923601,101.00,101.50,99.30,100.00,4.00,1437,192864200
107/12/26,1664050,102.00,102.50,97.50,97.50,2.50,1247,166475700
107/12/27,1496134,102.00,102.50,99.50,100.00,2.50,1116,150509200
107/12/28,965000,100.00,101.00,98.40,98.40,1.60,771,96097800
108/01/02,850755,99.70,100.00,98.20,98.90,0.50,652,84372845
108/01/03,4844815,98.40,98.90,90.40,96.20,2.70,3792,460497496
108/01/04,2169575,93.00,96.50,92.30,95.60,0.60,1710,205473500
108/01/07,3349593,98.90,105.00,98.00,102.50,6.90,2325,343686279
108/01/08,1890500,100.50,101.50,98.50,98.50,4.00,1429,188617448
108/01/09,2312880,99.80,103.50,99.80,100.00,1.50,1814,235096200
108/01/10,4135423,101.00,109.50,100.50,106.00,6.00,3148,440517338
108/01/11,2115270,107.00,109.50,104.50,105.50,0.50,1683,226109120
108/01/14,886781,106.00,106.50,102.00,102.50,3.00,753,92245675
108/01/15,966400,103.00,106.00,103.00,104.50,2.00,799,100977899
108/01/16,1001703,105.50,107.50,104.00,104.00,0.50,831,105815112
108/01/17,741728,106.00,106.50,103.00,104.00,,605,77500712
108/01/18,2334022,105.50,108.50,104.50,107.00,3.00,1674,249871854
108/01/21,1535520,109.50,110.50,107.00,109.50,2.50,1181,166920936
108/01/22,1217900,110.50,110.50,104.00,104.00,5.50,1022,129591048
108/01/23,910015,103.50,106.50,102.00,106.50,2.50,780,95170082
108/01/28,3188879,110.00,118.50,110.00,118.50,10.50,1771,373010656
108/01/29,7236589,120.50,121.00,115.50,116.50,2.00,4903,857670913
108/01/30,2699675,118.00,120.00,116.00,116.00,0.50,1759,317003800
108/02/11,4124691,119.50,121.50,116.50,116.50,0.50,2539,490791538
108/02/12,4860312,117.50,127.00,116.50,124.00,7.50,3593,596036688
108/02/13,3324182,126.00,127.50,122.00,122.50,1.50,2513,413121290
108/02/14,4142804,124.50,129.50,123.00,124.50,2.00,2934,523836500
108/02/15,1568472,123.00,126.00,122.00,122.00,2.50,1331,193675318
108/02/18,1671951,124.50,127.50,123.50,124.50,2.50,1340,210219399
108/02/19,1693145,125.50,127.00,123.00,125.00,0.50,1311,211531548
108/02/20,2489845,126.00,128.50,123.00,123.00,2.00,1877,313418355
108/02/21,7784362,123.00,134.00,123.00,127.00,4.00,5804,1008205974
108/02/22,1724507,127.00,129.00,126.00,128.50,1.50,1408,220008148
108/02/25,1511533,131.00,131.50,127.00,128.50,,1193,195029257
108/02/26,1295214,130.00,130.50,125.00,125.00,3.50,991,164834354
108/02/27,3976169,125.50,126.50,112.50,114.00,11.00,2958,463619773
108/03/04,2457936,115.00,121.50,114.00,119.00,5.00,1982,288827348
108/03/05,1355104,116.50,120.00,115.50,120.00,1.00,1129,159914031
108/03/06,1905197,120.00,123.50,119.00,120.50,0.50,1496,230800837
108/03/07,1496418,120.50,120.50,115.00,115.00,5.50,1189,175101488
108/03/08,1085682,116.50,118.50,113.50,118.00,3.00,910,126982976
108/03/11,1100110,116.50,121.50,116.50,119.00,1.00,879,131679590
108/03/12,2219560,122.00,124.50,121.00,121.00,2.00,1678,272096039
108/03/13,1090955,123.50,123.50,121.00,123.50,2.50,876,133691942
108/03/14,2653793,125.50,128.00,124.00,124.50,1.00,2031,334867226
108/03/15,1738885,126.00,128.00,124.50,128.00,3.50,1308,220311280
108/03/18,2895675,130.50,131.50,125.50,125.50,2.50,2062,372595884
108/03/19,1437777,127.00,128.00,125.50,126.00,0.50,983,182073902
108/03/20,995400,127.50,127.50,124.50,124.50,1.50,788,124906294
108/03/21,924120,126.50,126.50,122.50,124.00,0.50,717,114780000
108/03/22,9879197,126.00,136.00,126.00,136.00,12.00,5552,1328733292
108/03/25,11909663,134.50,142.00,133.00,139.00,3.00,8407,1630302980
108/03/26,15542299,141.00,152.00,141.00,148.00,9.00,11268,2295486894
108/03/27,10514765,152.00,153.50,149.00,150.50,2.50,7394,1590200626
108/03/28,5132521,152.50,152.50,147.50,150.50,,3894,771143406
108/03/29,4799543,153.00,155.50,149.00,149.00,1.50,3784,732228493
108/04/01,7545331,152.00,159.00,149.00,157.50,8.50,5611,1166490626
108/04/02,6955705,160.00,161.50,153.00,156.00,1.50,5110,1091166823
108/04/03,3994833,157.50,160.50,154.00,154.00,2.00,3087,627677115
108/04/08,3209425,154.00,155.50,150.00,150.00,4.00,2454,488344960
108/04/09,2977835,150.00,151.50,147.00,147.00,3.00,2166,440950745
108/04/10,3491026,146.00,148.00,141.00,148.00,1.00,2642,503548859
108/04/11,3534145,146.50,150.50,142.00,142.00,6.00,2568,515307305
108/04/12,1787332,143.00,143.50,138.00,138.00,4.00,1476,251481481
108/04/15,2547311,139.00,148.50,139.00,144.00,6.00,2074,369794595
108/04/16,1272276,145.50,146.50,142.50,142.50,1.50,1021,183097744
108/04/17,1753293,142.50,144.00,141.00,141.00,1.50,1215,248765899
108/04/18,5073842,142.50,149.00,141.00,144.00,3.00,3833,741653472
108/04/19,3721071,147.50,148.50,142.00,143.00,1.00,2836,537630224
108/04/22,3101897,143.50,144.00,138.00,141.00,2.00,2470,435385977
108/04/23,2731680,141.00,141.00,135.50,137.00,4.00,2051,375326380
108/04/24,4352129,138.00,144.00,136.50,140.00,3.00,3327,614342060
108/04/25,1572962,139.00,140.50,138.00,139.50,0.50,1252,218459659
108/04/26,1788402,138.00,138.50,134.00,135.00,4.50,1337,243176672
108/04/29,1976708,135.00,137.00,129.50,129.50,5.50,1526,260081248
108/04/30,1326400,128.50,132.00,127.50,131.50,2.00,1040,172589300
108/05/02,1533661,131.50,136.50,131.00,136.50,5.00,1200,205901557
108/05/03,1282971,136.00,138.50,134.00,136.50,,1037,175186027
108/05/06,1536931,134.00,134.50,129.50,129.50,7.00,1262,201942530
108/05/07,913445,131.50,133.50,130.50,131.50,2.00,745,120906240
108/05/08,1910304,131.00,137.00,128.50,136.50,5.00,1619,254858492
108/05/09,3320456,137.50,138.50,129.00,129.00,7.50,2464,445108504
108/05/10,1832619,130.00,134.00,129.00,132.00,3.00,1551,240652208
108/05/13,1858255,131.50,133.00,123.50,123.50,8.50,1459,238948746
108/05/14,2166727,117.00,121.50,113.50,121.00,2.50,1684,256218327
108/05/15,2342415,122.50,129.50,122.50,126.50,5.50,1902,296879992
108/05/16,9916659,122.00,138.50,121.00,133.00,6.50,6848,1314657647
108/05/17,6295226,136.00,138.50,130.00,132.00,1.00,4412,845034606
108/05/20,2492124,131.00,132.50,126.00,127.50,4.50,2096,321088248
108/05/21,6099913,127.00,140.00,127.00,140.00,12.50,4255,828535820
108/05/22,9290204,140.50,145.50,134.50,134.50,5.50,6782,1315151448
108/05/23,7821280,135.50,143.00,133.50,142.00,7.50,5683,1087176260
108/05/24,4000354,142.00,143.50,137.00,137.00,5.00,3161,560818672
108/05/27,2424747,139.00,141.50,136.50,137.50,0.50,1947,336256455
108/05/28,2542061,139.00,139.50,134.00,138.00,0.50,1880,347135823
108/05/29,2467321,137.00,140.50,136.00,136.50,1.50,1954,340012977
108/05/30,1634641,136.50,139.00,135.50,138.50,2.00,1255,224771917
108/05/31,8548061,140.00,145.00,138.50,140.50,2.00,6214,1222664626
108/06/03,1760500,139.00,139.50,136.00,137.00,3.50,1425,242082747
108/06/04,1428436,137.50,139.00,134.00,136.00,1.00,1159,194034512
108/06/05,1522485,138.00,139.50,133.00,133.00,3.00,1294,207427505
108/06/06,6658016,133.00,133.00,121.50,122.50,10.50,4724,830227970
108/06/10,1976159,123.00,125.00,122.50,123.00,0.50,1550,244451557
108/06/11,1885602,123.50,126.50,122.50,124.50,1.50,1426,235536050
108/06/12,629910,124.50,126.00,123.50,125.00,0.50,522,78660160
108/06/13,1480113,125.00,129.00,125.00,125.50,0.50,1250,187686791
108/06/14,684100,125.50,127.00,123.50,123.50,2.00,597,85513549
108/06/17,1202114,123.50,127.50,123.00,127.50,4.00,913,150701035
108/06/18,3462955,129.00,132.50,128.50,129.00,1.50,2709,450929172
108/06/19,1937890,131.50,133.00,131.00,131.00,2.00,1476,255355200
108/06/20,9292236,133.00,144.00,132.50,144.00,13.00,5711,1308856984
108/06/21,15600439,150.00,153.50,147.50,148.50,4.50,10353,2349672177
108/06/24,12204228,150.00,159.00,147.50,159.00,10.50,8719,1878365524
108/06/25,6627748,157.50,159.00,152.00,152.50,6.50,4932,1030018311
108/06/26,8713909,153.50,157.00,151.00,155.00,2.50,6187,1346896342
108/06/27,7463822,155.00,162.00,154.00,162.00,7.00,5432,1180088164
108/06/28,4509383,162.00,162.00,157.00,157.50,4.50,3392,716093780
