﻿虹堡,	5258
日期,成交股數,開盤價,最高價,最低價,收盤價,漲跌價差,成交筆數,成交金額
107/06/01,32000,18.65,19.20,18.65,19.05,0.35,27,607850
107/06/04,37000,19.00,19.10,18.80,18.90,0.15,28,701150
107/06/05,43200,19.10,19.25,18.90,19.00,0.10,37,825380
107/06/06,41405,18.95,19.30,18.95,19.00,,32,790013
107/06/07,1487000,19.00,20.90,19.00,20.90,1.90,206,29442200
107/06/08,843382,22.80,22.80,20.90,20.90,,499,18512656
107/06/11,174500,20.80,20.80,20.00,20.15,0.75,136,3528425
107/06/12,162296,20.45,21.15,20.00,20.35,0.20,128,3350356
107/06/13,64083,20.45,20.60,20.20,20.45,0.10,50,1305551
107/06/14,46000,20.20,20.70,20.05,20.20,0.25,35,929150
107/06/15,23000,20.20,20.30,20.10,20.20,,21,464650
107/06/19,63000,20.45,20.45,20.20,20.25,0.05,45,1277950
107/06/20,302347,20.00,20.25,19.90,20.00,0.25,50,6034890
107/06/21,128450,20.10,20.10,18.80,19.50,0.50,68,2515405
107/06/22,82000,19.50,19.85,19.10,19.85,0.35,32,1611200
107/06/25,41000,19.60,20.05,19.35,19.75,0.10,23,803750
107/06/26,45000,19.65,19.65,19.15,19.50,0.25,35,874050
107/06/27,25000,19.55,20.25,19.50,19.60,0.10,20,492050
107/06/28,26000,19.60,19.95,19.60,19.60,,18,514500
107/06/29,42000,19.75,20.25,19.75,19.90,0.30,32,841150
107/07/02,50000,19.90,19.90,19.55,19.55,0.35,36,984700
107/07/03,44000,19.55,19.95,19.50,19.60,0.05,20,861400
107/07/04,22000,19.60,20.20,19.50,19.70,0.10,20,435100
107/07/05,32000,19.50,19.90,19.25,19.25,0.45,21,624450
107/07/06,48000,19.25,19.30,18.70,19.25,,35,910000
107/07/09,16050,19.60,19.65,19.25,19.40,0.15,15,312510
107/07/10,5050,19.40,19.40,19.30,19.40,,6,97860
107/07/11,42000,19.00,19.40,18.90,19.40,,22,800100
107/07/12,15000,19.00,19.25,19.00,19.00,0.40,14,286500
107/07/13,14000,19.00,19.90,19.00,19.15,0.15,14,272550
107/07/16,37000,19.30,19.40,19.00,19.10,0.05,27,710650
107/07/17,28328,19.10,19.30,19.00,19.00,0.10,23,540364
107/07/18,39000,19.10,19.10,18.85,19.00,,35,741450
107/07/19,24000,19.20,19.20,18.95,19.10,0.10,14,457450
107/07/20,21000,19.30,19.30,18.95,18.95,0.15,17,401000
107/07/23,33100,18.95,19.85,18.95,19.30,0.35,21,635575
107/07/24,35000,19.20,19.50,19.20,19.40,0.10,21,678450
107/07/25,21250,19.20,19.20,19.00,19.00,0.40,16,405200
107/07/26,53000,19.00,19.15,18.80,18.95,0.05,38,1001400
107/07/27,9000,19.00,19.15,19.00,19.05,0.10,9,171300
107/07/30,23000,19.00,19.00,18.80,18.95,0.10,17,433350
107/07/31,8000,19.00,19.20,19.00,19.10,0.15,6,152700
107/08/01,27000,19.10,19.10,19.00,19.00,0.10,22,513900
107/08/02,43000,18.90,18.90,18.60,18.60,0.40,31,809050
107/08/03,7000,18.65,18.80,18.65,18.70,0.10,7,130900
107/08/06,17000,18.70,18.80,18.70,18.70,,17,318250
107/08/07,20100,18.70,19.00,18.70,18.75,0.05,14,377340
107/08/08,20000,19.00,19.00,18.75,18.75,,9,378250
107/08/09,4108,18.75,18.75,18.75,18.75,,6,77041
107/08/10,60000,18.60,18.80,18.00,18.80,0.05,42,1103900
107/08/13,112001,18.80,19.25,18.30,18.90,0.10,63,2115319
107/08/14,43000,18.95,18.95,18.50,18.60,0.30,27,802000
107/08/15,46541,18.80,18.80,17.90,17.90,0.70,40,847096
107/08/16,406586,18.00,19.65,17.70,19.65,1.75,239,7906312
107/08/17,2145873,20.60,21.60,20.10,21.50,1.85,1105,45731642
107/08/20,1084717,21.50,22.10,20.70,21.65,0.15,637,23180877
107/08/21,274027,21.40,21.60,20.80,21.60,0.05,178,5811427
107/08/22,2482053,21.25,23.75,21.25,21.85,0.25,1419,57370813
107/08/23,748000,22.10,22.10,20.25,20.25,1.60,476,15679850
107/08/24,283406,20.25,20.80,19.75,20.55,0.30,200,5696663
107/08/27,1647612,20.55,22.60,20.40,22.60,2.05,782,35750781
107/08/28,1809619,23.35,24.40,22.10,22.15,0.45,1213,42297801
107/08/29,451000,22.15,22.60,21.45,21.55,0.60,302,9894750
107/08/30,1280385,21.75,23.40,21.75,23.20,1.65,834,29317705
107/08/31,589500,23.70,23.70,22.80,23.00,0.20,375,13658150
107/09/03,445114,23.50,23.50,21.70,21.75,1.25,301,9920195
107/09/04,306100,21.75,22.80,21.45,22.10,0.35,202,6767545
107/09/05,336100,22.50,22.55,21.00,21.35,0.75,234,7272785
107/09/06,323100,21.30,21.60,20.35,20.55,0.80,202,6729910
107/09/07,299000,20.40,20.80,20.00,20.20,0.35,189,6072950
107/09/10,370000,20.20,20.75,18.80,19.25,0.95,207,7101300
107/09/11,101200,19.25,19.65,19.05,19.60,0.35,74,1957520
107/09/12,85750,19.60,19.60,19.00,19.15,0.45,61,1646074
107/09/13,126000,19.15,20.35,18.90,19.60,0.45,90,2486100
107/09/14,80193,19.80,20.20,19.80,20.00,0.40,54,1601509
107/09/17,65300,20.00,20.10,19.65,19.65,0.35,49,1299450
107/09/18,31100,19.60,19.70,19.30,19.55,0.10,23,606470
107/09/19,46000,19.65,19.75,19.50,19.60,0.05,40,902450
107/09/20,48000,19.85,19.95,19.50,19.60,,30,948500
107/09/21,43000,19.60,19.75,19.50,19.60,,33,841400
107/09/25,27000,19.60,19.85,19.50,19.60,,17,528450
107/09/26,77000,19.50,19.50,19.00,19.20,0.40,65,1480150
107/09/27,31000,19.20,19.50,19.20,19.25,0.05,24,601550
107/09/28,41000,19.50,19.50,19.10,19.35,0.10,26,789450
107/10/01,33007,19.35,19.50,19.30,19.35,,19,638986
107/10/02,36000,19.50,19.50,19.10,19.35,,17,691500
107/10/03,55000,19.35,19.50,19.20,19.30,0.05,34,1065250
107/10/04,65198,19.20,19.20,18.80,18.95,0.35,45,1242030
107/10/05,158000,18.80,19.35,18.25,18.30,0.65,100,2943300
107/10/08,37000,18.30,18.60,18.20,18.20,0.10,28,677650
107/10/09,31200,18.10,18.30,18.05,18.20,,27,566430
107/10/11,325058,17.80,17.80,16.40,16.40,1.80,162,5372621
107/10/12,119000,15.30,16.35,15.30,16.10,0.30,75,1902500
107/10/15,33000,16.20,16.20,15.85,16.00,0.10,27,526700
107/10/16,37000,16.50,16.50,15.90,16.10,0.10,29,596750
107/10/17,334000,16.35,17.05,16.35,16.50,0.40,96,5590700
107/10/18,54001,16.65,17.05,16.55,16.85,0.35,46,911868
107/10/19,48000,16.85,16.85,16.05,16.30,0.55,39,785250
107/10/22,42050,16.30,16.80,16.30,16.75,0.45,32,698025
107/10/23,89000,16.50,16.50,15.55,16.15,0.60,53,1426250
107/10/24,61000,16.20,16.20,15.90,15.90,0.25,35,975550
107/10/25,149000,15.45,15.75,14.80,14.80,1.10,75,2247050
107/10/26,100005,14.80,15.10,14.60,14.70,0.10,47,1483931
107/10/29,41100,15.00,15.30,14.70,15.00,0.30,25,613900
107/10/30,41000,15.00,15.20,14.65,15.00,,35,608500
107/10/31,762507,15.40,16.45,15.20,15.75,0.75,186,11982059
107/11/01,26000,15.65,16.40,15.55,16.00,0.25,22,413950
107/11/02,55307,16.10,16.10,15.70,15.80,0.20,45,879612
107/11/08,41000,15.95,15.95,15.55,15.90,0.05,30,645550
107/11/09,27000,15.80,15.80,15.60,15.60,0.30,14,422900
107/11/12,60000,15.65,16.00,15.65,15.85,0.25,36,949750
107/11/16,52100,15.70,16.00,15.70,15.70,0.05,27,826120
107/11/19,52000,16.00,16.00,15.80,16.00,0.30,28,828800
107/11/20,78400,15.90,15.90,15.50,15.65,0.35,39,1228609
107/11/21,90250,15.55,15.80,15.55,15.80,0.15,38,1418548
107/11/22,72000,15.65,15.80,15.45,15.50,0.30,41,1123150
107/11/23,45000,15.50,15.60,15.45,15.45,0.05,24,698700
107/11/26,175000,15.00,15.50,14.80,14.80,X,121,2631250
107/11/27,109160,15.00,15.20,14.80,15.05,0.25,60,1640210
107/11/28,151000,15.10,15.15,15.00,15.00,0.05,73,2273950
107/11/29,155000,15.10,15.10,14.65,14.80,0.20,92,2303600
107/11/30,248000,14.90,14.90,14.30,14.35,0.45,141,3610500
107/12/03,159300,14.35,14.60,14.25,14.60,0.25,96,2301625
107/12/04,360635,14.60,15.10,14.50,14.95,0.35,188,5346654
107/12/05,161350,14.85,15.00,14.65,14.75,0.20,109,2391993
107/12/06,182000,14.75,14.80,14.25,14.30,0.45,97,2643800
107/12/07,253800,14.30,14.50,14.25,14.40,0.10,128,3638329
107/12/10,235031,14.20,14.30,13.80,13.90,0.50,121,3286845
107/12/11,880663,14.20,14.45,13.85,14.00,0.10,277,12501532
107/12/12,383205,14.05,14.15,13.75,13.90,0.10,194,5347239
107/12/13,172282,13.90,14.10,13.90,14.00,0.10,109,2405926
107/12/14,194000,14.05,14.05,13.65,13.70,0.30,111,2682550
107/12/17,223011,13.60,13.60,13.30,13.55,0.15,145,3007313
107/12/18,133000,13.30,13.50,13.25,13.50,0.05,81,1778350
107/12/19,83000,13.30,13.50,13.30,13.45,0.05,64,1113800
107/12/20,339000,13.30,14.20,13.30,13.50,0.05,237,4654700
107/12/21,164200,13.60,14.00,13.60,13.80,0.30,116,2257450
107/12/22,51000,13.80,13.90,13.65,13.80,,35,700550
107/12/24,90107,13.80,13.90,13.70,13.80,,63,1242648
107/12/25,98000,13.60,13.75,13.50,13.60,0.20,60,1332350
107/12/26,876518,13.40,13.80,13.30,13.30,0.30,679,11779792
107/12/27,364772,13.40,13.55,13.35,13.35,0.05,231,4895443
107/12/28,137100,13.40,13.45,13.35,13.40,0.05,92,1835630
108/01/02,172239,13.35,13.45,13.20,13.35,0.05,127,2294476
108/01/03,127000,13.30,13.35,13.10,13.20,0.15,82,1681800
108/01/04,249758,13.10,13.20,12.95,13.10,0.10,109,3262953
108/01/07,133029,13.20,13.30,13.15,13.20,0.10,63,1760317
108/01/08,90000,13.15,13.20,13.10,13.20,,50,1183250
108/01/09,792171,13.20,13.55,13.20,13.25,0.05,214,10612995
108/01/10,232000,13.25,13.40,13.15,13.20,0.05,100,3077200
108/01/11,175000,13.25,13.30,13.05,13.10,0.10,87,2307200
108/01/14,52009,13.15,13.15,13.05,13.10,,37,681727
108/01/15,195126,13.10,13.50,13.10,13.30,0.20,84,2599888
108/01/16,90150,13.25,13.35,13.20,13.20,0.10,48,1196792
108/01/17,72160,13.20,13.40,13.20,13.30,0.10,52,961276
108/01/18,1308881,13.40,14.60,13.40,14.15,0.85,641,18544514
108/01/21,493643,14.20,14.50,13.85,13.90,0.25,230,6991180
108/01/22,175105,13.90,14.05,13.90,13.90,,99,2446625
108/01/23,200055,13.80,14.05,13.80,13.90,,86,2792775
108/01/28,179321,14.50,14.55,14.35,14.35,,130,2579136
108/01/29,99116,14.35,14.45,14.30,14.45,0.10,66,1424720
108/01/30,121400,14.40,14.75,14.35,14.45,,60,1756580
108/02/11,272103,14.55,14.60,13.90,14.10,0.35,126,3865718
108/02/12,75055,14.05,14.10,14.00,14.10,,36,1054791
108/02/13,69000,14.10,14.35,14.10,14.25,0.15,43,982050
108/02/14,118200,14.15,14.30,14.10,14.15,0.10,52,1676650
108/02/15,164327,14.10,14.15,14.00,14.00,0.15,63,2312008
108/02/18,715380,14.20,15.30,14.20,15.00,1.00,368,10694405
108/02/19,260534,15.10,15.25,14.85,14.90,0.10,132,3924253
108/02/20,556783,14.90,15.55,14.90,15.20,0.30,226,8509149
108/02/21,176000,15.25,15.30,14.95,15.00,0.20,86,2655450
108/02/22,194000,15.20,15.20,14.90,14.90,0.10,81,2910350
108/02/25,1702000,14.90,15.60,14.75,14.95,0.05,475,26015300
108/02/26,259843,15.05,15.05,14.60,14.65,0.30,139,3855968
108/02/27,168000,14.60,14.60,14.45,14.60,0.05,78,2444500
108/03/04,168342,14.70,14.70,14.40,14.45,0.15,72,2450543
108/03/05,155000,14.50,14.60,14.45,14.45,,77,2246050
108/03/06,155000,14.45,14.60,14.45,14.60,0.15,71,2248350
108/03/07,116060,14.60,14.60,14.35,14.40,0.20,56,1675788
108/03/08,240547,14.60,14.65,14.25,14.40,,97,3465825
108/03/11,1056100,14.50,14.70,14.40,14.45,0.05,217,15393700
108/03/12,484453,14.50,14.60,14.25,14.25,0.20,167,6999112
108/03/13,210000,14.40,14.40,14.15,14.20,0.05,106,2988700
108/03/14,164000,14.25,14.35,14.15,14.25,0.05,78,2340050
108/03/15,211000,14.15,14.40,14.10,14.15,0.10,81,3008550
108/03/18,449008,14.20,14.20,13.70,13.80,0.35,211,6242012
108/03/19,190000,13.90,13.90,13.60,13.70,0.10,107,2607000
108/03/20,293804,13.60,14.00,13.60,13.80,0.10,127,4059744
108/03/21,308000,13.65,14.15,13.65,13.80,,135,4291650
108/03/22,172321,13.85,13.95,13.80,13.80,,78,2384609
108/03/25,155997,13.85,13.85,13.45,13.50,0.30,84,2109309
108/03/26,289000,13.50,13.85,13.45,13.65,0.15,119,3928500
108/03/27,807743,13.40,13.90,13.00,13.80,0.15,436,10817350
108/03/28,941360,13.95,14.65,13.80,14.30,0.50,479,13515870
108/03/29,787650,14.35,14.80,14.35,14.40,0.10,344,11482990
108/04/01,265000,14.45,14.50,14.15,14.30,0.10,124,3795350
108/04/02,207750,14.25,14.35,14.25,14.25,0.05,116,2965624
108/04/03,95000,14.30,14.50,14.25,14.30,0.05,59,1363300
108/04/08,373402,14.40,14.50,14.35,14.35,0.05,132,5378438
108/04/09,575142,14.35,14.80,14.35,14.65,0.30,219,8393151
108/04/10,387651,14.55,14.75,14.50,14.75,0.10,154,5674854
108/04/11,1743694,15.20,16.20,14.90,16.20,1.45,683,27490191
108/04/12,3878670,16.55,17.80,16.55,17.80,1.60,1861,66886570
108/04/15,3085240,18.25,19.55,17.90,19.55,1.75,1562,58445490
108/04/16,1925925,19.90,19.90,18.70,19.10,0.45,926,37151888
108/04/17,2852573,19.80,21.00,19.50,21.00,1.90,1274,59056133
108/04/18,3421280,22.00,23.00,22.00,22.55,1.55,1869,77457280
108/04/19,2630843,22.90,23.50,22.00,22.00,0.55,1500,59361916
108/04/22,884841,22.00,22.10,21.50,22.10,0.10,510,19334272
108/04/23,754761,22.50,22.70,22.10,22.50,0.40,450,16921094
108/04/24,1147486,23.00,23.80,22.70,23.80,1.30,741,26735012
108/04/25,1130561,24.00,24.10,22.70,22.80,1.00,709,26386183
108/04/26,589000,22.60,22.60,22.00,22.20,0.60,375,13103850
108/04/29,689004,21.70,22.45,21.00,21.10,1.10,393,14880834
108/04/30,646110,20.60,21.95,20.20,21.90,0.80,414,13621559
108/05/02,528603,22.00,22.60,22.00,22.30,0.40,338,11849476
108/05/03,500781,21.85,22.80,21.85,22.60,0.30,284,11270959
108/05/06,555049,20.85,21.90,20.85,21.65,0.95,344,11883260
108/05/07,1036400,22.10,22.70,21.10,21.10,0.55,612,22694469
108/05/08,407240,20.85,20.85,20.20,20.50,0.60,263,8344270
108/05/09,1124762,20.50,20.50,18.50,19.10,1.40,573,21624154
108/05/10,838545,19.00,20.50,18.95,19.40,0.30,506,16536917
108/05/13,482415,18.90,19.30,18.35,19.05,0.35,287,9079214
108/05/14,302315,18.40,19.65,18.30,19.15,0.10,210,5721863
108/05/15,313329,19.30,19.30,18.40,18.70,0.45,201,5875351
108/05/16,264340,18.80,18.80,17.90,18.00,0.70,143,4839119
108/05/17,162750,18.00,18.80,18.00,18.55,0.55,123,2968711
108/05/20,154000,18.60,18.85,18.50,18.50,0.05,109,2870500
108/05/21,91110,18.50,18.70,18.35,18.45,0.05,54,1681646
108/05/22,98293,18.50,18.60,18.20,18.20,0.25,69,1804355
108/05/23,187200,18.00,18.00,17.10,17.50,0.70,127,3286249
108/05/24,284000,17.45,17.90,17.10,17.60,0.10,146,4956950
108/05/27,102000,17.35,17.60,17.20,17.55,0.05,42,1776400
108/05/28,701705,17.50,19.30,17.45,19.30,1.75,377,13303506
108/05/29,1088000,19.40,20.00,18.50,18.50,0.80,712,20915400
108/05/30,1876000,18.60,20.35,18.60,20.35,1.85,1139,37222650
108/05/31,2750011,20.45,21.00,19.80,20.10,0.25,1699,56152520
108/06/03,677108,20.35,20.35,19.30,19.50,0.60,450,13353137
108/06/04,437002,19.90,19.90,19.15,19.25,0.25,293,8451338
108/06/05,3327000,19.50,21.15,19.50,21.15,1.90,1623,69445700
108/06/06,1917000,20.95,21.35,20.35,20.60,0.55,1090,39918100
108/06/10,827008,20.95,21.35,20.40,20.50,0.10,510,17149281
108/06/11,3015814,20.55,22.50,20.55,22.00,1.50,1854,65754275
108/06/12,1175317,21.55,22.00,21.35,21.45,0.55,787,25304550
108/06/13,553200,21.50,21.80,21.25,21.40,0.05,342,11901330
108/06/14,3198305,21.65,22.90,20.85,20.85,0.55,2091,70710417
108/06/17,1092700,20.35,21.40,20.35,20.60,0.25,716,22907679
108/06/18,496091,20.70,20.80,20.35,20.45,0.15,299,10210392
108/06/19,2326000,20.85,21.60,20.35,20.35,0.10,1147,48878000
108/06/20,445100,20.75,20.75,20.10,20.10,0.25,279,9068490
108/06/21,467000,20.35,20.50,19.55,19.80,0.30,302,9306300
108/06/24,260100,19.85,19.85,19.35,19.60,0.20,156,5090230
108/06/25,183000,19.70,19.85,19.60,19.60,,112,3601600
108/06/26,363000,19.60,20.65,19.60,20.35,0.75,273,7376850
108/06/27,261100,20.55,20.90,20.35,20.45,0.10,167,5354365
108/06/28,168000,20.45,20.45,20.15,20.15,0.30,95,3405700
108/07/01,204000,20.45,20.70,20.30,20.55,0.40,117,4174950
108/07/02,862200,20.65,21.60,20.40,20.80,0.25,527,18156550
108/07/03,312000,21.05,21.05,20.50,20.55,0.25,185,6448300
108/07/04,127134,20.70,21.00,20.70,20.80,0.25,90,2648364
108/07/05,120000,20.80,20.95,20.55,20.65,0.15,81,2484600
108/07/08,1446557,21.00,22.25,21.00,22.25,1.60,964,31490840
108/07/09,987000,22.80,22.90,21.55,21.85,0.40,604,21901700
108/07/10,526000,22.00,22.40,21.65,21.90,0.05,279,11550900
108/07/11,1942400,22.50,23.20,21.90,21.90,,1113,43935710
108/07/12,465702,22.00,22.10,21.45,21.50,0.40,281,10077293
108/07/15,707321,21.50,21.50,20.85,21.20,0.30,363,14910341
108/07/16,274000,21.40,21.90,20.95,21.00,0.20,175,5823200
108/07/17,522100,21.10,22.10,21.00,22.00,1.00,347,11315785
108/07/18,535000,21.80,22.50,21.45,21.60,0.40,343,11741700
108/07/19,293300,21.70,22.25,21.65,21.90,0.30,208,6440434
108/07/22,2110600,22.20,23.65,22.20,23.40,1.50,1197,48889239
108/07/23,5053119,23.90,25.70,23.90,25.70,2.30,2545,126345402
108/07/24,8635080,26.50,27.50,25.10,25.75,0.05,5148,227891188
108/07/25,2164861,25.30,26.45,25.30,26.45,0.70,1333,56194079
108/07/26,4305422,27.00,27.80,26.45,26.55,0.10,2763,116758140
108/07/29,1923221,26.10,26.50,25.10,25.30,1.25,1189,49446561
108/07/30,1352104,25.20,25.90,24.40,25.40,0.10,813,34078716
108/07/31,994531,25.25,26.30,25.20,25.90,0.50,639,25684902
