﻿晶心科,	6533
日期,成交股數,開盤價,最高價,最低價,收盤價,漲跌價差,成交筆數,成交金額
107/06/01,259146,132.00,135.00,131.50,135.00,3.50,245,34607064
107/06/04,328100,136.50,138.00,134.50,136.00,1.00,279,44639149
107/06/05,493375,136.50,140.50,136.00,136.00,,459,68153559
107/06/06,284030,138.50,138.50,135.50,136.50,0.50,257,38974610
107/06/07,738305,137.00,143.00,136.50,142.00,5.50,634,103641615
107/06/08,1608130,143.50,152.00,140.50,144.00,2.00,1400,236418980
107/06/11,740260,142.00,143.50,136.50,136.50,7.50,638,103112400
107/06/12,388260,137.00,138.50,133.50,134.50,2.00,362,52645100
107/06/13,312044,134.50,137.50,132.00,134.50,,293,41895852
107/06/14,648250,136.50,141.00,136.00,136.00,1.50,568,89678500
107/06/15,186300,136.50,138.00,136.00,138.00,2.00,169,25558550
107/06/19,309210,139.00,139.00,133.50,133.50,4.50,259,41771140
107/06/20,547460,133.50,134.50,128.00,130.50,3.00,446,71407990
107/06/21,199250,130.50,133.50,130.50,132.50,2.00,169,26362250
107/06/22,214280,131.00,131.00,129.00,130.00,2.50,180,27871819
107/06/25,164353,130.50,132.00,128.50,128.50,1.50,156,21262857
107/06/26,910014,126.00,126.00,116.50,120.00,8.50,749,109416726
107/06/27,318232,122.00,122.50,119.00,121.00,1.00,281,38459652
107/06/28,198350,120.00,121.00,118.50,120.50,0.50,171,23750550
107/06/29,435305,124.50,127.00,123.50,126.00,5.50,376,54601235
107/07/02,184200,127.50,128.00,125.00,127.00,1.00,163,23328400
107/07/03,310200,127.50,129.00,121.00,122.00,5.00,244,38655200
107/07/04,227260,122.00,125.50,122.00,122.50,0.50,184,28050740
107/07/05,1243415,125.00,125.50,119.00,119.50,3.00,206,153120630
107/07/06,490261,121.00,122.00,113.50,118.00,1.50,425,56991820
107/07/09,218200,119.00,121.00,117.50,118.50,0.50,181,25898000
107/07/10,151199,119.00,120.00,118.00,118.50,,141,17963780
107/07/11,954150,129.50,130.00,127.00,130.00,11.50,634,123419000
107/07/12,1418031,133.50,135.00,129.50,133.00,3.00,1211,187922123
107/07/13,312274,133.00,134.00,131.50,133.00,,278,41481216
107/07/16,239636,134.00,134.50,131.00,131.50,1.50,174,31628088
107/07/17,225201,133.00,133.50,130.00,130.00,1.50,212,29683131
107/07/18,194391,132.00,132.00,128.00,128.50,1.50,181,25290830
107/07/19,244100,128.50,132.00,127.50,130.00,1.50,201,31785000
107/07/20,194100,131.50,131.50,127.50,127.50,2.50,169,25111350
107/07/23,223235,126.50,127.00,122.50,122.50,5.00,194,27792640
107/07/24,282200,122.50,129.00,121.50,128.50,6.00,237,35535500
107/07/25,969320,129.50,131.00,127.50,129.50,1.00,149,125942780
107/07/26,907409,130.50,138.00,130.00,133.00,3.50,753,122310600
107/07/27,1027612,134.50,140.00,134.50,137.50,4.50,859,141749956
107/07/30,465453,138.00,139.50,132.50,133.50,4.00,402,63151655
107/07/31,229250,133.00,135.50,132.00,134.50,1.00,209,30661625
107/08/01,262098,135.00,137.00,132.50,132.50,2.00,249,35107132
107/08/02,246310,133.00,134.00,129.00,130.00,2.50,230,32285455
107/08/03,1036670,133.00,140.00,132.00,140.00,10.00,860,142458970
107/08/06,1559764,145.00,146.50,141.00,143.00,3.00,1324,224077252
107/08/07,452500,141.50,142.50,138.50,142.50,0.50,411,63661500
107/08/08,1454453,143.50,149.50,142.50,144.00,1.50,1264,213252685
107/08/09,1094420,145.00,147.50,139.50,141.00,3.00,937,157823140
107/08/10,994981,138.00,138.00,131.00,132.00,9.00,854,133517992
107/08/13,662300,132.00,134.00,128.00,129.00,3.00,546,86838300
107/08/14,408150,130.00,132.50,127.50,128.50,0.50,361,53197500
107/08/15,386100,129.50,132.00,126.50,128.00,0.50,347,49838000
107/08/16,1289258,126.00,126.50,118.00,120.00,8.00,1133,156406734
107/08/17,654050,120.00,123.50,118.50,119.50,0.50,566,78859075
107/08/20,382700,121.50,122.00,118.00,122.00,2.50,330,46028600
107/08/21,237450,122.00,123.00,121.00,123.00,1.00,202,29024250
107/08/22,154313,123.00,124.00,121.00,121.00,2.00,149,18844999
107/08/23,275176,121.00,124.00,118.50,119.50,1.50,224,33142796
107/08/24,307674,120.00,120.50,117.00,117.00,2.50,268,36257532
107/08/27,212500,115.00,117.50,114.00,116.50,X,202,24634500
107/08/28,204703,118.50,119.50,117.50,118.00,1.50,179,24219860
107/08/29,274400,120.00,122.50,118.50,122.00,4.00,240,33028700
107/08/30,243209,123.00,125.00,120.00,120.00,2.00,227,29645498
107/08/31,182320,120.00,122.00,118.50,121.50,1.50,165,21908700
107/09/03,219510,121.50,121.50,118.00,118.00,3.50,172,26163700
107/09/04,158251,118.50,121.50,118.50,121.50,3.50,149,19072122
107/09/05,350700,122.00,125.50,122.00,122.50,1.00,319,43398150
107/09/06,138812,123.00,123.00,120.50,120.50,2.00,144,16882752
107/09/07,635812,121.00,121.00,114.00,114.00,6.50,511,73718068
107/09/10,981400,114.00,114.00,103.00,104.00,10.00,811,103441300
107/09/11,929665,99.00,101.50,97.40,98.80,5.20,784,92383100
107/09/12,658650,101.00,101.00,95.00,95.00,3.80,522,63752450
107/09/13,416318,95.40,97.60,95.30,96.00,1.00,374,40068929
107/09/14,406710,97.00,99.20,96.70,98.40,2.40,348,39936745
107/09/17,159723,99.40,99.40,97.50,98.20,0.20,149,15662677
107/09/18,333486,98.20,98.20,94.10,94.40,3.80,309,31873534
107/09/19,161777,96.40,97.90,95.40,96.70,2.30,169,15684050
107/09/20,968825,97.00,97.40,95.10,95.10,1.60,131,92287125
107/09/21,227331,95.10,97.80,95.10,96.90,1.80,183,21953403
107/09/25,122411,97.00,97.90,96.30,96.70,0.20,112,11881725
107/09/26,76301,96.70,97.40,96.10,96.60,0.10,70,7374456
107/09/27,102500,97.50,97.50,96.50,96.50,0.10,82,9943350
107/09/28,131748,97.40,97.50,96.00,97.00,0.50,158,12726056
107/10/01,305051,97.50,102.50,97.50,99.90,2.90,303,30618600
107/10/02,133150,100.00,100.50,99.00,99.30,0.60,137,13267322
107/10/03,1084559,103.00,109.00,100.50,101.00,1.70,999,113340459
107/10/04,323660,101.00,102.00,98.00,98.70,2.30,299,32361760
107/10/05,630307,98.10,98.10,90.80,92.00,6.70,562,59021995
107/10/08,242165,91.00,94.80,90.20,92.00,,233,22445553
107/10/09,203348,92.70,93.50,91.00,91.70,0.30,217,18742116
107/10/11,625800,83.00,84.60,82.60,83.00,8.70,558,51882400
107/10/12,406457,81.10,84.60,81.10,83.80,0.80,361,33753165
107/10/15,284540,84.00,85.50,82.00,82.50,1.30,261,23783620
107/10/16,174670,82.60,84.90,82.60,83.20,0.70,175,14669946
107/10/17,219799,85.00,85.00,83.00,83.00,0.20,209,18413545
107/10/18,401488,83.80,83.80,79.20,80.00,3.00,373,32500785
107/10/19,1732559,79.20,79.20,76.50,78.00,2.00,494,134848320
107/10/22,958120,78.10,79.00,77.50,78.00,,754,74851400
107/10/23,914926,78.00,78.00,70.70,71.00,7.00,749,67292695
107/10/24,781950,71.10,74.30,70.80,73.00,2.00,484,57033450
107/10/25,577951,70.30,71.30,68.00,68.20,4.80,467,40144925
107/10/26,785812,70.10,70.40,63.10,63.10,5.10,619,51691768
107/10/29,1366853,62.20,63.50,59.60,60.00,3.10,1012,83079533
107/10/30,954322,60.00,63.20,59.50,61.00,1.00,838,58310201
107/10/31,914100,60.80,65.80,60.50,64.30,3.30,759,57905022
107/11/01,636710,64.10,67.80,63.50,66.70,2.40,551,42317070
107/11/02,1235119,68.10,73.30,67.00,72.00,5.30,1028,88202268
107/11/08,272060,71.60,71.90,68.60,68.80,0.80,235,19094829
107/11/09,324520,68.90,69.90,66.40,67.10,1.70,271,21885960
107/11/12,1080850,68.20,70.30,66.60,66.70,0.40,892,73792361
107/11/16,554660,68.90,70.40,68.40,69.00,1.00,474,38552040
107/11/19,313970,69.60,71.60,69.00,70.50,1.50,257,22165186
107/11/20,409510,69.50,71.90,69.50,71.20,0.70,344,29120506
107/11/21,428842,70.70,71.90,69.80,71.90,0.70,363,30462044
107/11/22,595636,72.50,73.00,69.20,69.40,2.50,433,42363323
107/11/23,323250,69.80,70.70,68.00,68.00,1.40,250,22337622
107/11/26,606181,68.00,69.80,66.80,67.10,0.90,460,41079208
107/11/27,768050,67.90,72.60,67.60,71.60,4.50,661,54436675
107/11/28,897130,72.20,76.50,72.20,75.80,4.20,764,67150451
107/11/29,793322,77.50,79.60,75.20,79.60,3.80,658,61421829
107/11/30,2672403,84.50,85.60,79.00,79.00,0.60,2079,222138337
107/12/03,829212,81.90,83.80,81.00,81.50,2.50,692,68229275
107/12/04,694800,81.50,84.40,80.50,81.80,0.30,594,57448238
107/12/05,361615,80.30,81.70,79.50,80.50,1.30,318,29055507
107/12/06,716500,81.00,81.20,72.60,73.80,6.70,598,54143600
107/12/07,611369,74.80,79.00,74.80,78.00,4.20,495,46956227
107/12/10,1028963,78.10,83.00,75.20,77.00,1.00,891,81744637
107/12/11,288300,77.80,79.90,77.80,78.60,1.60,246,22725600
107/12/12,628402,81.50,83.00,80.10,82.30,3.70,559,51488580
107/12/13,415705,83.10,83.80,80.00,81.00,1.30,357,33858819
107/12/14,308946,81.00,81.50,79.00,79.20,1.80,277,24610980
107/12/17,204250,79.20,80.40,78.40,78.90,0.30,186,16185374
107/12/18,431200,76.70,78.30,75.00,76.80,2.10,357,32989980
107/12/19,357552,78.00,79.00,76.00,79.00,2.20,312,27835608
107/12/20,668670,79.00,80.00,75.00,75.00,4.00,587,51953118
107/12/21,576339,73.50,77.00,73.00,77.00,2.00,446,43199301
107/12/22,134959,76.20,76.50,75.20,76.00,1.00,133,10227238
107/12/24,438174,76.70,77.00,75.20,76.90,0.90,164,33352198
107/12/25,360449,74.90,76.00,73.50,75.90,1.00,284,26984874
107/12/26,442650,76.70,79.60,76.50,76.50,0.60,366,34368250
107/12/27,401214,78.40,79.80,76.50,77.00,0.50,309,31436198
107/12/28,270668,77.90,78.60,77.00,78.50,1.50,244,21120394
108/01/02,608550,80.60,82.40,79.60,81.30,2.80,555,49505973
108/01/03,372002,82.50,82.50,78.50,79.00,2.30,327,29880862
108/01/04,296150,77.50,79.00,75.20,78.90,0.10,263,22836527
108/01/07,507567,81.50,82.90,80.70,80.90,2.00,401,41254666
108/01/08,154100,81.00,81.40,80.40,80.70,0.20,132,12453066
108/01/09,399500,80.70,82.20,80.40,80.60,0.10,339,32500200
108/01/10,293750,81.00,82.50,80.30,81.20,0.60,269,23937396
108/01/11,1665908,86.80,89.30,85.70,89.30,8.10,1019,147313582
108/01/14,6176288,88.00,98.20,88.00,98.20,8.90,4398,577742924
108/01/15,6142569,100.50,108.00,99.70,108.00,9.80,4617,636484652
108/01/16,6456152,111.00,114.00,104.50,106.50,1.50,5016,704281524
108/01/17,4515553,104.00,105.00,95.90,95.90,10.60,3286,452275016
108/01/18,3552858,95.00,98.60,93.60,96.50,0.60,2872,341131834
108/01/21,1744019,96.60,98.00,92.60,95.00,1.50,1353,165240287
108/01/22,5589359,95.80,104.00,95.10,101.50,6.50,4614,558653259
108/01/23,5917022,104.50,104.50,98.10,98.20,3.30,4530,597181455
108/01/28,1380161,100.50,101.50,98.20,99.00,1.50,1089,137161359
108/01/29,3877161,102.00,105.50,101.00,101.00,2.00,2867,400416100
108/01/30,975019,101.50,102.00,100.00,100.00,1.00,789,98104419
108/02/11,1520814,102.00,103.50,100.00,102.00,2.00,1251,155240528
108/02/12,2266523,102.50,108.00,102.50,105.50,3.50,1977,239629915
108/02/13,1682581,105.50,108.50,104.00,104.50,1.00,1387,179040626
108/02/14,786258,105.50,106.50,102.50,103.50,1.00,692,82055699
108/02/15,894872,104.00,106.50,103.00,106.00,2.50,777,93991560
108/02/18,1198661,106.00,106.50,102.50,103.00,3.00,1014,124743895
108/02/19,3101098,104.00,109.50,104.00,105.50,2.50,2464,332691326
108/02/20,1098805,106.00,107.50,104.00,104.50,1.00,941,116229604
108/02/21,797215,105.00,106.00,103.00,103.50,1.00,654,83023029
108/02/22,548600,104.00,104.50,103.00,103.50,,499,56931595
108/02/25,647851,103.50,105.50,103.00,103.50,,568,67502653
108/02/26,3630622,105.00,111.50,104.50,104.50,1.00,2915,392729489
108/02/27,661491,104.50,106.00,104.00,105.00,0.50,588,69502055
108/03/04,494805,105.50,106.50,104.00,105.50,0.50,437,52045909
108/03/05,477666,105.50,107.50,105.00,105.50,,449,50779596
108/03/06,1579664,106.50,109.50,106.00,106.50,1.00,1256,170430699
108/03/07,1441555,107.50,109.50,102.00,102.00,4.50,1172,152261878
108/03/08,840072,100.50,102.00,98.90,102.00,,750,84228084
108/03/11,1145332,106.00,107.50,104.50,104.50,2.50,979,121294677
108/03/12,428100,105.50,106.00,104.50,105.00,0.50,371,45032000
108/03/13,304700,106.00,106.00,104.00,104.50,0.50,281,31885636
108/03/14,1441711,105.50,108.50,105.00,107.00,2.50,1096,154186077
108/03/15,3027165,109.00,113.00,106.50,106.50,0.50,2283,332775569
108/03/18,638023,107.50,107.50,105.00,106.00,0.50,557,67749438
108/03/19,1396783,107.00,109.50,106.00,108.00,2.00,1053,151557658
108/03/20,5092206,110.00,118.50,109.50,118.50,10.50,3343,591320906
108/03/21,5775957,120.50,125.50,118.50,122.00,3.50,4370,705224254
108/03/22,2732086,122.00,123.50,116.00,121.00,1.00,2089,329147906
108/03/25,1826650,119.00,122.50,116.00,118.00,3.00,1485,216885700
108/03/26,1175600,119.00,121.00,116.50,119.50,1.50,1009,139552181
108/03/27,4719725,122.00,129.00,120.50,120.50,1.00,3585,590958225
108/03/28,1616824,120.00,120.00,116.00,117.50,3.00,1243,190279315
108/03/29,790789,118.50,119.50,117.00,117.00,0.50,682,93323602
108/04/01,1278521,119.00,121.00,118.00,118.00,1.00,1020,152714978
108/04/02,1534400,118.00,122.00,117.00,120.50,2.50,1147,183886796
108/04/03,1475703,121.50,124.00,120.00,121.00,0.50,1153,180548702
108/04/08,1398119,123.00,125.50,121.50,123.00,2.00,1035,172309137
108/04/09,1255970,122.00,122.00,118.00,118.00,5.00,1069,149925934
108/04/10,729079,117.50,120.00,116.50,119.00,1.00,593,86656901
108/04/11,2700013,116.50,118.50,111.00,112.50,6.50,1841,308107469
108/04/12,1229445,114.50,114.50,110.50,110.50,2.00,832,137932340
108/04/15,2178450,117.00,118.50,114.00,115.00,4.50,1257,253997200
108/04/16,661148,117.00,118.00,115.00,116.00,1.00,603,76957816
108/04/17,657053,117.00,118.50,116.00,116.50,0.50,517,76993657
108/04/18,1241484,117.50,120.50,116.50,117.00,0.50,950,146864365
108/04/19,2152821,118.00,122.50,117.50,120.50,3.50,1605,259696662
108/04/22,2825890,123.00,126.00,120.00,120.50,,2241,347593726
108/04/23,886350,121.00,122.00,117.00,120.00,0.50,685,105714200
108/04/24,773810,121.50,122.00,116.50,117.50,2.50,649,91540080
108/04/25,443652,117.00,119.00,116.00,119.00,1.50,381,52341588
108/04/26,618762,119.00,119.00,114.00,115.00,4.00,536,71479509
108/04/29,875197,115.00,116.00,108.50,111.50,3.50,716,97425458
108/04/30,380300,111.50,113.50,109.00,112.50,1.00,299,42280549
108/05/02,228349,112.50,114.00,112.00,113.50,1.00,211,25789635
108/05/03,1639309,114.50,121.50,113.50,121.50,8.00,1296,195129037
108/05/06,999363,117.50,118.00,114.00,115.50,6.00,802,116358151
108/05/07,803350,117.00,119.50,116.50,118.00,2.50,667,94814300
108/05/08,386381,115.50,116.50,114.00,116.50,1.50,344,44677458
108/05/09,617893,116.50,117.00,111.00,112.00,4.50,557,70076409
108/05/10,913577,112.50,114.50,107.00,110.50,1.50,751,100791624
108/05/13,742330,112.00,114.00,108.00,109.50,1.00,555,82103960
108/05/14,727361,106.00,112.00,102.00,111.50,2.00,626,78485746
108/05/15,1412080,108.50,109.50,105.00,106.00,5.50,1170,150952060
108/05/16,1268795,104.50,105.00,99.80,101.00,5.00,1017,130089779
108/05/17,907800,102.50,103.50,98.20,100.50,0.50,777,91211900
108/05/20,1091214,104.00,106.00,100.50,100.50,,912,112108042
108/05/21,850508,101.00,104.00,100.50,104.00,3.50,725,87372084
108/05/22,745253,105.00,106.50,103.00,103.00,1.00,618,78134683
108/05/23,4169193,105.00,113.00,105.00,113.00,10.00,3039,461438309
108/05/24,5453563,114.00,115.00,108.00,108.00,5.00,3705,613263430
108/05/27,1675110,110.50,110.50,105.00,105.00,3.00,1218,179046550
108/05/28,1559450,106.50,108.00,103.50,104.00,1.00,1165,164608024
108/05/29,851361,102.00,103.00,101.50,102.50,1.50,689,87091361
108/05/30,826451,103.50,105.50,103.00,104.00,1.50,670,86210355
108/05/31,1118703,104.50,107.00,104.00,105.00,1.00,798,118381018
108/06/03,1525851,103.00,103.00,99.90,100.50,4.50,1196,153871571
108/06/04,776460,101.50,102.00,99.30,100.00,0.50,662,77805160
108/06/05,645200,102.00,102.50,99.80,100.50,0.50,530,65109499
108/06/06,393351,100.00,101.50,99.90,101.00,0.50,326,39478851
108/06/10,1031602,102.00,106.00,100.50,106.00,5.00,823,106818710
108/06/11,2439361,109.50,111.50,107.00,108.50,2.50,1918,267512988
108/06/12,674230,107.50,109.50,107.00,108.50,,525,73146455
108/06/13,1149847,109.00,113.00,108.00,110.00,1.50,961,127568670
108/06/14,458305,109.50,110.00,107.50,108.00,2.00,399,49777590
108/06/17,597381,108.00,111.00,107.00,111.00,3.00,484,65440791
108/06/18,548160,111.00,112.50,109.50,111.50,0.50,478,60882498
108/06/19,742550,113.00,113.50,111.00,112.00,0.50,579,83327875
108/06/20,1511077,113.00,116.00,112.50,114.50,2.50,1138,173097855
108/06/21,759039,115.50,116.50,113.00,114.00,0.50,615,87392422
108/06/24,438451,114.00,115.00,112.00,115.00,1.00,372,49809414
108/06/25,1270800,115.00,115.50,108.00,109.50,5.50,1001,140411097
108/06/26,2205862,109.50,117.50,109.50,116.00,6.50,1651,253759061
108/06/27,3166918,117.00,121.00,117.00,119.00,3.00,2165,377848824
108/06/28,1240323,119.00,121.50,117.00,121.00,2.00,986,148099260
