﻿泰福-KY,	6541
日期,成交股數,開盤價,最高價,最低價,收盤價,漲跌價差,成交筆數,成交金額
107/06/01,767001,113.50,113.50,110.00,110.00,1.50,574,85842617
107/06/04,618388,111.00,113.00,109.50,109.50,0.50,465,68597484
107/06/05,280000,110.50,112.50,110.00,110.00,0.50,230,31102000
107/06/06,514278,110.00,110.00,105.50,105.50,4.50,428,55230107
107/06/07,570110,106.00,110.00,104.00,106.50,1.00,449,60842325
107/06/08,442300,107.00,107.00,103.00,103.00,3.50,371,46237350
107/06/11,218100,104.50,104.50,102.00,102.00,1.00,177,22538300
107/06/12,193318,103.00,104.00,102.50,103.50,1.50,164,19929594
107/06/13,328200,103.50,104.00,100.00,100.00,3.50,292,33344400
107/06/14,326000,101.50,101.50,98.30,99.00,1.00,281,32387300
107/06/15,257460,99.00,103.00,97.60,103.00,4.00,205,25827650
107/06/19,177000,102.00,103.50,99.50,99.50,3.50,157,17797900
107/06/20,145120,99.50,101.50,99.50,99.60,0.10,122,14558580
107/06/21,381300,100.50,107.00,100.00,105.50,5.90,311,39842100
107/06/22,223100,104.50,106.50,103.00,104.50,1.00,180,23341500
107/06/25,311100,103.50,105.50,99.60,99.80,4.70,212,31908050
107/06/26,259149,100.50,102.00,99.70,100.00,0.20,190,25992973
107/06/27,219250,101.00,101.00,98.00,99.10,0.90,176,21896950
107/06/28,146000,99.50,101.50,99.00,99.10,,134,14610000
107/06/29,210199,99.50,103.00,99.50,102.50,3.40,183,21303498
107/07/02,215205,102.00,103.00,100.00,100.00,2.50,190,21724875
107/07/03,125300,100.00,101.00,99.00,99.00,1.00,104,12478449
107/07/04,478300,98.00,98.50,93.00,93.00,6.00,368,45342700
107/07/05,210073,93.80,94.80,90.20,90.20,2.80,156,19382189
107/07/06,155500,90.50,92.00,90.20,91.00,0.80,126,14133249
107/07/09,337000,91.30,98.00,91.00,95.20,4.20,243,31907000
107/07/10,234400,94.00,94.70,92.20,92.60,X,163,21849960
107/07/11,57789,92.00,94.00,92.00,92.60,,59,5372761
107/07/12,74000,93.90,94.00,93.00,93.10,0.50,66,6927400
107/07/13,191293,94.00,97.50,93.50,95.70,2.60,132,18223628
107/07/16,113004,97.00,97.20,94.10,94.10,1.60,81,10787980
107/07/17,90100,94.10,94.10,92.50,93.00,1.10,78,8402170
107/07/18,161010,93.00,95.00,92.40,94.30,1.30,124,15065535
107/07/19,190000,93.70,93.90,91.30,91.50,2.80,142,17527400
107/07/20,114100,91.60,92.60,91.00,91.60,0.10,98,10434400
107/07/23,219171,92.70,92.70,88.90,89.00,2.60,181,19716329
107/07/24,469100,88.80,90.20,87.50,88.40,0.60,312,41334939
107/07/25,281171,88.40,89.80,87.80,88.70,0.30,208,24960904
107/07/26,1081800,92.80,96.00,90.40,91.00,2.30,828,100863400
107/07/27,527222,91.30,92.00,89.00,89.50,1.50,395,47376380
107/07/30,234050,88.20,89.00,88.10,88.60,0.90,187,20745500
107/07/31,154750,88.10,89.80,88.10,88.50,0.10,106,13719900
107/08/01,253000,89.00,90.50,88.50,88.50,,181,22571400
107/08/02,288384,89.00,89.20,87.80,87.80,0.70,189,25487960
107/08/03,175453,88.80,88.90,88.00,88.60,0.80,132,15508413
107/08/06,211682,88.80,88.80,87.90,88.00,0.60,169,18651942
107/08/07,170164,88.00,88.10,87.60,87.80,0.20,124,14958363
107/08/08,138500,88.00,88.50,87.50,87.50,0.30,119,12158900
107/08/09,161000,87.50,87.90,86.80,87.00,0.50,129,14034500
107/08/10,216000,87.00,87.30,86.10,86.20,0.80,164,18684800
107/08/13,555338,86.20,86.20,84.70,84.80,1.40,369,47370668
107/08/14,116204,85.00,85.80,84.80,85.00,0.20,85,9890658
107/08/15,401001,86.40,86.40,84.90,84.90,0.10,307,34246685
107/08/16,342050,85.50,85.50,83.00,84.40,0.50,269,28830395
107/08/17,420111,84.40,86.80,84.40,85.10,0.70,319,35982246
107/08/20,198000,85.10,85.30,84.00,84.50,0.60,137,16767100
107/08/21,336157,85.10,85.60,84.90,85.00,0.50,215,28625107
107/08/22,161100,85.00,85.50,84.90,85.00,,133,13706050
107/08/23,165363,85.00,85.40,84.50,84.60,0.40,137,14026955
107/08/24,1006700,88.00,88.70,85.60,85.90,1.30,767,87798357
107/08/27,412400,85.90,85.90,84.20,84.70,1.20,305,34968100
107/08/28,288200,84.70,85.20,84.30,84.40,0.30,224,24410800
107/08/29,501100,84.50,84.50,82.70,82.70,1.70,361,41725270
107/08/30,179831,83.50,85.00,83.10,84.50,1.80,156,15133118
107/08/31,99100,84.50,84.60,83.80,84.00,0.50,75,8331540
107/09/03,122700,84.60,84.60,82.80,83.00,1.00,107,10240900
107/09/04,189001,83.30,83.90,81.70,82.10,0.90,159,15592083
107/09/05,2624476,77.00,81.80,77.00,81.00,1.10,1336,208195732
107/09/06,597033,80.50,81.00,78.50,79.10,1.90,441,47455873
107/09/07,593402,78.50,79.40,77.20,77.40,1.70,414,46419979
107/09/10,767209,77.10,77.10,72.90,73.50,3.90,557,57240479
107/09/11,378536,75.00,77.20,74.70,75.80,2.30,299,28726754
107/09/12,209517,76.50,77.30,75.60,76.30,0.50,176,16043143
107/09/13,576016,76.30,81.50,76.30,79.50,3.20,467,45749640
107/09/14,308375,80.10,80.10,78.10,78.30,1.20,209,24273025
107/09/17,166000,78.30,79.20,77.30,77.40,0.90,114,12943000
107/09/18,115000,77.40,77.70,76.10,76.30,1.10,92,8844000
107/09/19,123540,76.60,77.30,76.00,76.30,,111,9445780
107/09/20,255460,77.30,78.20,76.30,76.90,0.60,207,19791620
107/09/21,190400,76.90,77.20,76.10,76.10,0.80,134,14579460
107/09/25,208121,76.30,76.30,74.60,74.80,1.30,155,15608362
107/09/26,112101,74.80,75.80,74.80,75.30,0.50,90,8440564
107/09/27,320249,75.30,76.20,75.30,76.00,0.70,283,24309324
107/09/28,416318,78.00,78.10,75.40,78.00,2.00,311,32081589
107/10/01,1738657,83.40,84.90,81.80,82.10,4.10,1266,144596100
107/10/02,1487332,83.10,84.60,81.00,81.00,1.10,1101,123660324
107/10/03,412329,81.20,81.60,78.70,78.70,2.30,357,33006019
107/10/04,1589399,78.70,82.90,78.20,78.30,0.40,1057,127179537
107/10/05,597724,78.50,79.40,76.10,76.80,1.50,467,46396826
107/10/08,325172,77.40,77.60,75.80,76.00,0.80,231,24821785
107/10/09,527707,76.00,76.20,72.00,73.00,3.00,389,39009522
107/10/11,1007164,66.00,68.70,65.70,65.70,7.30,623,66561252
107/10/12,690300,63.10,65.50,62.10,64.50,1.20,526,44044648
107/10/15,327487,65.00,67.00,64.60,65.00,0.50,281,21436390
107/10/16,434758,66.70,67.90,66.20,67.00,2.00,391,29106288
107/10/17,204584,67.50,68.40,67.00,67.00,,187,13825234
107/10/18,260900,67.50,67.80,64.80,65.00,2.00,209,17217859
107/10/19,335020,63.90,64.00,62.20,63.10,1.90,250,21093928
107/10/22,253000,62.50,64.80,61.80,64.80,1.70,178,16057800
107/10/23,175000,64.70,65.30,63.50,64.00,0.80,145,11230000
107/10/24,207457,63.60,64.30,62.70,62.90,1.10,180,13081848
107/10/25,655450,60.00,61.00,58.00,58.00,4.90,468,39031373
107/10/26,404023,60.00,60.50,56.00,56.00,2.00,347,23254096
107/10/29,844200,53.20,57.30,53.00,57.00,1.00,558,46048260
107/10/30,287265,56.10,56.50,54.60,55.00,2.00,240,15876665
107/10/31,243100,55.80,56.30,55.30,56.00,1.00,188,13584579
107/11/01,206400,56.00,58.70,56.00,57.50,1.50,174,11860718
107/11/02,156019,57.50,59.30,57.50,58.30,0.80,145,9116817
107/11/08,135386,57.40,58.10,56.60,56.60,0.20,122,7717102
107/11/09,135412,57.00,58.30,56.50,57.40,0.80,113,7764896
107/11/12,126499,57.30,57.30,56.30,56.30,1.10,107,7156543
107/11/16,78890,55.00,55.60,54.30,54.30,,74,4332293
107/11/19,121154,54.90,55.40,54.30,54.70,0.40,106,6640139
107/11/20,147000,54.70,56.00,54.50,55.10,0.40,118,8137000
107/11/21,405125,55.00,58.30,55.00,57.40,2.30,328,23187837
107/11/22,1459321,57.90,63.10,57.90,62.30,4.90,876,91122861
107/11/23,632135,62.50,65.00,60.20,60.40,1.90,497,39100787
107/11/26,141250,60.40,62.20,60.40,61.00,0.60,118,8645300
107/11/27,240290,61.80,62.20,60.50,61.30,0.30,184,14687935
107/11/28,196400,61.50,62.70,61.20,62.00,0.70,154,12131000
107/11/29,526600,63.60,65.40,63.20,64.20,2.20,380,33737520
107/11/30,477296,65.30,66.40,64.60,64.70,0.50,368,31160450
107/12/03,327092,65.80,66.50,65.00,65.90,1.20,216,21475372
107/12/04,294100,65.60,66.30,64.80,64.80,1.10,227,19184600
107/12/05,240280,63.30,64.00,62.40,62.40,2.40,199,15122372
107/12/06,327188,62.70,62.70,60.00,60.10,2.30,218,19929074
107/12/07,104500,60.80,61.40,60.80,61.00,0.90,86,6381200
107/12/10,124083,60.90,61.60,59.50,59.50,1.50,100,7463088
107/12/11,116312,59.50,61.50,59.50,61.00,1.50,94,7063225
107/12/12,74100,61.50,61.70,61.00,61.10,0.10,70,4538530
107/12/13,351500,61.10,64.50,61.10,64.00,2.90,291,22170800
107/12/14,275000,64.70,64.70,63.20,64.10,0.10,230,17608700
107/12/17,217015,64.00,64.70,63.50,64.30,0.20,195,13947872
107/12/18,181896,64.00,64.20,62.60,62.60,1.70,148,11517488
107/12/19,79818,63.10,63.10,61.80,62.80,0.20,75,4975468
107/12/20,132244,62.80,63.10,60.20,61.20,1.60,103,8138606
107/12/21,80300,60.60,61.80,60.60,61.20,,64,4915700
107/12/22,18000,60.60,61.20,60.60,60.90,0.30,17,1096900
107/12/24,48500,61.40,61.90,61.10,61.10,0.20,39,2978750
107/12/25,184672,60.30,60.30,59.20,60.00,1.10,143,11037720
107/12/26,106310,60.20,61.20,59.00,59.00,1.00,99,6361413
107/12/27,157000,60.10,61.60,60.00,60.30,1.30,119,9514000
107/12/28,453000,60.90,63.50,60.30,62.50,2.20,353,28167700
108/01/02,214062,62.90,62.90,61.50,61.80,0.70,172,13263893
108/01/03,295200,62.00,64.60,62.00,63.00,1.20,248,18787700
108/01/04,152113,63.80,63.80,62.10,63.10,0.10,140,9591943
108/01/07,144213,64.30,65.00,63.20,63.60,0.50,116,9190359
108/01/08,334350,63.60,65.80,63.60,64.60,1.00,292,21691000
108/01/09,222100,65.10,65.50,64.60,64.60,,173,14435080
108/01/10,992609,64.70,69.40,64.70,68.30,3.70,808,67219597
108/01/11,329295,68.00,68.30,67.00,68.00,0.30,317,22314835
108/01/14,291092,68.00,69.00,67.10,68.30,0.30,230,19816092
108/01/15,269883,69.50,70.90,68.50,68.70,0.40,234,18679107
108/01/16,311500,68.40,68.40,66.50,66.90,1.80,256,20919599
108/01/17,129000,67.30,67.50,66.30,66.50,0.40,105,8609500
108/01/18,97100,66.60,67.30,66.50,66.60,0.10,79,6485970
108/01/21,247500,66.70,68.40,66.50,68.00,1.40,209,16792650
108/01/22,94934,68.00,69.00,67.30,67.40,0.60,78,6484557
108/01/23,248650,67.10,69.70,67.10,68.50,1.10,209,17121360
108/01/28,115100,68.20,69.00,68.10,68.10,0.10,91,7871010
108/01/29,90179,68.50,68.50,68.00,68.50,0.40,78,6158361
108/01/30,82000,68.50,69.00,68.50,68.60,0.10,67,5634400
108/02/11,485200,69.00,73.00,69.00,70.40,1.80,376,34328200
108/02/12,547000,71.50,75.80,71.10,73.80,3.40,426,40454700
108/02/13,328200,75.80,75.80,73.80,73.80,,278,24488059
108/02/14,181669,74.80,75.30,73.90,73.90,0.10,160,13524938
108/02/15,238195,74.70,75.50,73.00,73.00,0.90,178,17639030
108/02/18,173517,74.00,74.00,73.00,73.30,0.30,112,12756646
108/02/19,414686,73.50,76.30,73.50,76.30,3.00,339,31245539
108/02/20,1055964,77.70,80.90,76.60,76.80,0.50,843,83173734
108/02/21,207000,77.00,78.40,75.50,76.80,,182,15907298
108/02/22,110175,76.70,77.60,76.00,76.40,0.40,95,8437475
108/02/25,256600,76.00,76.00,74.60,74.70,1.70,203,19260619
108/02/26,91000,75.00,75.70,74.60,75.70,1.00,77,6842400
108/02/27,356001,75.90,75.90,73.90,75.50,0.20,234,26526975
108/03/04,121000,76.50,76.50,75.20,76.00,0.50,103,9193000
108/03/05,84000,75.60,76.40,75.10,75.20,0.80,73,6345800
108/03/06,57200,75.20,75.60,75.00,75.10,0.10,51,4301100
108/03/07,306892,74.90,77.80,74.70,75.30,0.20,250,23358777
108/03/08,101000,75.50,75.90,74.90,75.30,,86,7613000
108/03/11,110284,75.50,76.40,75.50,75.80,0.50,87,8354925
108/03/12,112000,76.50,76.50,75.30,75.30,0.50,90,8485500
108/03/13,186250,75.90,76.70,75.30,75.70,0.40,146,14140425
108/03/14,57000,76.50,76.50,75.60,75.60,0.10,37,4317400
108/03/15,132929,75.60,75.60,74.40,75.10,0.50,108,9987767
108/03/18,249793,75.10,75.10,72.20,73.40,1.70,193,18405204
108/03/19,94210,73.80,73.80,72.30,72.30,1.10,76,6875935
108/03/20,170150,72.50,72.50,70.50,70.90,1.40,147,12117684
108/03/21,123000,72.10,72.70,71.80,72.50,1.60,87,8890300
108/03/22,77290,73.00,73.70,72.00,72.00,0.50,69,5607180
108/03/25,100871,72.00,72.40,70.80,71.00,1.00,84,7186937
108/03/26,129421,71.10,72.20,71.10,71.60,0.60,106,9294596
108/03/27,330749,71.70,74.90,71.70,74.30,2.70,259,24331700
108/03/28,236878,74.30,75.40,73.10,73.60,0.70,181,17602012
108/03/29,132276,73.70,74.40,73.40,73.90,0.30,106,9771677
