﻿易華電,	6552
日期,成交股數,開盤價,最高價,最低價,收盤價,漲跌價差,成交筆數,成交金額
107/06/01,357000,53.30,55.40,53.10,54.90,1.60,267,19410100
107/06/04,1476568,55.70,60.30,55.70,60.30,5.40,902,87538849
107/06/05,3031550,61.50,64.70,60.60,61.20,0.90,1930,191170629
107/06/06,823000,61.40,62.50,60.10,61.30,0.10,522,50347300
107/06/07,682100,61.90,62.00,59.50,59.60,1.70,465,41359060
107/06/08,561000,61.40,61.90,59.00,60.50,0.90,385,33959900
107/06/11,2377500,61.40,65.10,61.30,63.60,3.10,1516,151616500
107/06/12,838000,63.00,65.10,62.20,63.00,0.60,542,53471200
107/06/13,655500,63.60,65.10,62.30,62.50,0.50,419,41729200
107/06/14,332100,62.60,63.40,62.00,62.00,0.50,203,20697800
107/06/15,521100,62.00,62.50,59.80,59.80,2.20,344,31746179
107/06/19,499102,59.50,59.50,57.70,58.50,1.30,305,29111826
107/06/20,525000,58.10,58.50,56.80,57.10,1.40,346,30071000
107/06/21,283204,57.20,59.30,57.20,59.20,2.10,171,16586036
107/06/22,181500,58.60,58.70,57.60,58.00,1.20,125,10571450
107/06/25,664131,58.80,62.10,58.80,61.00,3.00,431,40353091
107/06/26,967119,61.00,62.70,60.40,60.60,0.40,613,59501846
107/06/27,892075,61.20,63.20,61.20,62.20,1.60,537,55660957
107/06/28,971000,62.20,64.10,62.00,62.20,,590,61300600
107/06/29,343100,62.10,63.70,61.90,61.90,0.30,246,21454990
107/07/02,333000,62.00,62.60,60.30,60.70,1.20,235,20404600
107/07/03,384131,60.90,61.70,58.40,58.70,2.00,262,22960837
107/07/04,101000,59.00,60.10,58.60,58.90,0.20,76,5984300
107/07/05,148000,59.80,59.90,58.40,58.40,0.50,114,8729500
107/07/06,283000,58.50,59.10,56.80,57.80,0.60,188,16329500
107/07/09,155500,58.20,60.50,57.80,60.00,2.20,125,9228000
107/07/10,199000,60.70,61.50,59.40,59.50,0.50,150,12001900
107/07/11,130000,59.50,60.30,59.10,60.00,0.50,113,7801300
107/07/12,385000,60.10,62.70,59.90,60.90,0.90,283,23635600
107/07/13,130000,61.00,61.40,60.30,60.70,0.20,100,7889500
107/07/16,53000,60.20,61.10,60.20,60.50,0.20,42,3218200
107/07/17,1983600,61.00,65.40,60.70,62.80,2.30,1386,126012838
107/07/18,3692366,63.50,67.40,63.00,66.50,3.70,2693,242838457
107/07/19,1580248,66.50,67.60,65.20,66.40,0.10,1141,104638565
107/07/20,2137000,66.40,68.10,61.00,61.80,4.60,1540,138109500
107/07/23,811300,62.40,62.40,59.50,60.00,1.80,578,48895080
107/07/24,303300,59.60,62.00,59.60,60.90,0.90,230,18539350
107/07/25,188000,62.00,62.00,60.60,61.00,0.10,131,11482300
107/07/26,684000,61.40,64.30,60.40,64.00,3.00,408,43120700
107/07/27,1143000,65.00,66.20,63.00,63.50,0.50,723,73831700
107/07/30,1341000,64.70,65.60,63.00,63.00,0.50,725,86427600
107/07/31,843001,64.50,65.40,63.80,65.10,2.10,555,54578865
107/08/01,532000,64.90,65.90,64.60,64.70,0.40,358,34592700
107/08/02,560000,65.00,65.00,63.60,63.70,1.00,293,35786000
107/08/03,572000,63.80,65.30,63.60,65.00,1.30,368,36731300
107/08/06,369000,65.40,65.40,64.40,64.40,0.60,269,23978200
107/08/07,372100,64.60,65.80,64.20,65.00,0.60,248,24236190
107/08/08,284000,65.10,65.80,64.60,65.10,0.10,182,18487400
107/08/09,1117000,65.80,66.50,61.50,62.50,2.60,680,71224900
107/08/10,336000,62.50,63.20,62.00,62.60,0.10,193,21095300
107/08/13,685220,62.20,62.20,59.60,60.30,2.30,391,41525410
107/08/14,335000,61.40,62.70,61.30,62.60,2.30,220,20739100
107/08/15,408000,62.60,63.80,61.00,62.90,0.30,264,25661600
107/08/16,645000,62.20,65.00,62.20,64.10,1.20,415,41582700
107/08/17,1287000,64.80,66.20,63.30,63.30,0.80,742,83899900
107/08/20,1466550,63.60,66.70,63.60,66.70,3.40,848,96013255
107/08/21,1499222,67.00,68.00,65.00,66.70,,1009,99979117
107/08/22,773021,67.00,67.00,64.40,66.00,X,483,50557886
107/08/23,7716050,67.40,72.60,66.60,72.60,6.60,3518,552317430
107/08/24,9501791,73.20,74.20,71.50,71.90,0.70,5499,692356169
107/08/27,4780138,73.80,75.90,70.50,71.00,0.90,3128,353078598
107/08/28,2801300,70.50,73.20,68.70,71.40,0.40,2129,197710430
107/08/29,4461917,71.40,77.70,71.40,77.20,5.80,3105,334019183
107/08/30,6314401,77.20,81.10,76.10,80.10,2.90,4347,501782636
107/08/31,6742747,79.20,88.00,79.10,85.90,5.80,5048,566146789
107/09/03,3601401,85.90,87.20,82.40,82.50,3.40,2655,304656380
107/09/04,3167326,84.90,86.60,82.60,86.00,3.50,2373,268471965
107/09/05,6392109,85.20,94.40,84.40,93.60,7.60,5048,582127595
107/09/06,3864363,93.00,94.50,89.90,91.10,2.50,2943,354218876
107/09/07,4127734,90.30,92.50,82.10,86.20,4.90,3160,359017466
107/09/10,3370026,87.10,88.70,79.00,80.20,6.00,2429,276930969
107/09/11,3096010,81.60,84.50,80.40,80.50,0.30,2409,255391605
107/09/12,2565600,81.50,83.90,79.50,83.80,3.30,1943,210609658
107/09/13,2249500,82.80,84.70,80.10,80.10,3.70,1727,185349700
107/09/14,1668050,80.90,83.10,80.90,81.90,1.80,1220,137064675
107/09/17,2592440,82.00,86.00,82.00,84.50,2.60,2005,219227204
107/09/18,1233560,83.10,83.50,81.40,81.50,3.00,941,101388671
107/09/19,1436250,82.40,84.80,82.10,83.60,2.10,1142,120106025
107/09/20,4104490,83.60,84.30,76.20,77.50,6.10,2666,326898776
107/09/21,4141300,77.00,80.00,72.80,80.00,2.50,3049,317285500
107/09/25,2360175,77.90,83.90,77.50,83.30,3.30,1761,191680776
107/09/26,1805001,82.70,85.60,82.00,82.00,1.30,1363,150743481
107/09/27,751181,81.60,82.80,80.30,81.00,1.00,612,61527861
107/09/28,488076,81.90,83.00,81.00,81.40,0.40,388,39931586
107/10/01,4525853,83.10,89.50,82.70,89.50,8.10,3201,396031443
107/10/02,5151060,90.40,91.30,85.20,85.50,4.00,3854,454645960
107/10/03,2316930,86.20,87.80,83.00,83.20,2.30,1743,196917126
107/10/04,1233030,83.90,85.60,82.50,85.00,1.80,977,103922650
107/10/05,1929134,83.50,84.50,78.00,84.50,0.50,1304,157542115
107/10/08,1252683,82.70,85.20,81.10,82.00,2.50,904,104096964
107/10/09,2026000,80.20,81.30,78.00,80.80,1.20,1397,161774600
107/10/11,1920181,73.00,75.20,72.80,73.80,7.00,1152,140826331
107/10/12,1657100,73.00,78.40,73.00,75.90,2.10,1225,126139510
107/10/15,968100,75.90,77.80,73.00,76.80,0.90,745,73274750
107/10/16,563200,76.00,78.90,76.00,77.10,0.30,460,43787160
107/10/17,2315700,79.80,83.80,79.00,81.40,4.30,1701,189425500
107/10/18,1092366,81.30,82.50,79.80,80.30,1.10,859,88341446
107/10/19,1174200,79.00,81.90,77.00,81.70,1.40,897,93983700
107/10/22,1229095,83.00,83.50,81.80,81.80,0.10,857,101432385
107/10/23,1153224,81.70,83.80,80.00,80.00,1.80,920,94621542
107/10/24,1380000,80.00,83.00,78.20,81.50,1.50,1053,111788100
107/10/25,1166130,78.80,80.50,77.50,79.00,2.50,828,92326366
107/10/26,834001,80.30,81.00,78.00,78.00,1.00,636,66089178
107/10/29,2045000,78.40,79.30,73.10,75.80,2.20,1494,153665500
107/10/30,2038560,76.80,76.80,69.30,70.80,5.00,1563,146871048
107/10/31,1465450,72.00,76.50,71.00,76.00,5.20,1162,108260009
107/11/01,2766250,76.00,82.50,76.00,81.50,5.50,1961,222207400
107/11/02,2919310,83.50,85.30,80.70,81.10,0.40,1993,242856541
107/11/08,9308340,90.00,93.80,88.00,88.00,0.80,6781,849366405
107/11/09,3563391,90.00,90.50,87.50,88.20,0.20,2579,317261579
107/11/12,1656130,88.00,88.90,87.10,88.00,0.20,1254,145741200
107/11/16,7873434,92.40,98.00,91.00,97.90,6.40,6005,749087843
107/11/19,4650000,102.00,102.00,97.30,101.00,3.10,3480,464188998
107/11/20,3297080,99.70,101.50,98.10,100.50,0.50,2421,328614200
107/11/21,5389270,98.80,102.00,95.50,96.20,4.30,3781,528989386
107/11/22,2385200,96.90,98.90,94.70,94.70,1.50,1798,230243039
107/11/23,1881270,95.70,95.90,91.20,92.00,2.70,1444,175275575
107/11/26,1787055,93.00,95.70,91.60,95.50,3.50,1434,167890713
107/11/27,1770000,95.50,96.80,94.50,96.30,0.80,1315,169638000
107/11/28,1024307,96.60,96.70,94.30,95.20,1.10,791,97733118
107/11/29,5935030,96.20,103.00,95.50,98.80,3.60,4502,592348157
107/11/30,1403210,98.80,101.00,98.00,98.50,0.30,1129,138985722
107/12/03,4409037,100.50,107.50,99.00,102.00,3.50,3190,455635259
107/12/04,2273936,103.00,105.50,100.00,102.50,0.50,1602,234691972
107/12/05,2598120,100.00,105.50,98.50,105.50,3.00,1957,266322720
107/12/06,4146010,102.50,107.50,99.50,100.00,5.50,3049,426153725
107/12/07,4289179,103.00,107.00,101.00,103.00,3.00,3047,446847690
107/12/10,3671098,102.50,108.00,101.00,108.00,5.00,2633,385283574
107/12/11,4646346,111.00,113.00,107.00,109.50,1.50,3470,507889499
107/12/12,3967101,112.00,117.00,110.00,116.00,6.50,2922,449706764
107/12/13,2406200,116.00,116.00,110.50,112.50,3.50,1891,273042100
107/12/14,2147475,113.00,116.00,110.00,110.00,2.50,1543,243807960
107/12/17,1216450,111.50,112.50,108.00,108.50,1.50,931,133435323
107/12/18,1957120,108.00,112.00,105.50,112.00,3.50,1476,213032160
107/12/19,1824186,112.00,114.50,111.00,114.50,2.50,1355,206104795
107/12/20,1443933,113.50,116.00,111.50,114.00,0.50,1177,164691261
107/12/21,5805306,114.50,122.50,114.50,116.00,2.00,4396,690798720
107/12/22,2399310,117.50,119.00,112.50,112.50,3.50,1909,278344305
107/12/24,2122512,113.50,114.00,107.50,108.00,4.50,1652,232709820
107/12/25,2874581,105.50,106.00,99.90,101.50,6.50,2151,293955669
107/12/26,1425068,103.00,104.00,98.80,99.00,2.50,1105,144328672
107/12/27,990160,103.00,104.00,101.50,102.50,3.50,817,101871220
107/12/28,1513152,102.00,109.00,102.00,109.00,6.50,1049,160012187
