﻿虹揚-KY,	6573
日期,成交股數,開盤價,最高價,最低價,收盤價,漲跌價差,成交筆數,成交金額
107/06/01,1467260,52.50,53.50,50.50,51.50,2.25,998,76690367
107/06/04,400000,52.80,53.00,50.50,50.50,1.00,301,20533600
107/06/05,379266,50.80,50.80,48.00,48.15,2.35,286,18594518
107/06/06,240000,49.20,49.20,48.40,49.00,0.85,165,11727050
107/06/07,147000,49.70,49.70,48.10,48.35,0.65,98,7116800
107/06/08,111500,48.50,48.90,47.10,47.75,0.60,89,5349750
107/06/11,179100,48.15,49.40,48.15,48.20,0.45,127,8704350
107/06/12,671315,49.95,53.00,49.60,51.50,3.30,516,34425322
107/06/13,266100,51.30,51.40,48.85,48.85,2.65,217,13257535
107/06/14,115115,49.30,49.50,48.50,48.55,0.30,96,5652004
107/06/15,104000,48.70,50.00,48.70,49.00,0.45,92,5144700
107/06/19,95000,48.75,48.80,48.00,48.55,0.45,80,4597250
107/06/20,1094019,50.50,52.50,49.10,49.10,0.55,802,55664537
107/06/21,210167,49.40,50.70,49.20,49.50,0.40,182,10450916
107/06/22,690000,50.80,52.10,50.00,50.00,0.50,516,35287700
107/06/25,164236,51.00,51.00,49.10,49.15,0.85,140,8154464
107/06/26,118100,49.00,49.50,48.20,48.55,0.60,110,5756869
107/06/27,90010,49.20,49.20,48.10,48.10,0.45,81,4360884
107/06/28,270100,47.50,47.50,46.15,46.25,1.85,218,12580145
107/06/29,72003,46.90,47.00,46.50,46.60,0.35,56,3365589
107/07/02,217034,47.35,48.90,47.30,48.05,1.45,162,10394729
107/07/03,191004,48.60,49.40,47.10,47.45,0.60,150,9266138
107/07/04,57000,47.45,47.45,46.70,46.70,0.75,52,2678350
107/07/05,90000,46.30,46.50,45.20,45.40,1.30,73,4115250
107/07/06,98033,46.00,46.70,44.50,45.60,0.20,83,4463304
107/07/09,26023,45.60,45.95,45.20,45.30,0.30,28,1180940
107/07/10,146004,45.50,47.50,45.50,45.80,0.50,115,6779882
107/07/11,210000,45.80,46.00,44.10,46.00,0.20,163,9496200
107/07/12,196000,45.80,47.00,45.65,47.00,1.00,103,9144350
107/07/13,458138,47.50,47.55,45.15,47.00,,277,21180899
107/07/16,181000,47.10,47.10,45.55,46.00,1.00,131,8321850
107/07/17,647006,46.00,49.00,45.95,48.25,2.25,221,30404736
107/07/18,384009,48.60,48.60,46.60,47.90,0.35,167,18361080
107/07/19,357005,47.90,47.95,46.00,47.80,0.10,224,16751839
107/07/20,94000,47.40,47.50,46.50,46.50,1.30,73,4397750
107/07/23,105060,46.50,46.50,45.60,46.10,0.40,59,4834591
107/07/24,90000,45.10,45.95,44.80,45.40,X,75,4065500
107/07/25,56000,45.85,45.85,45.00,45.10,0.30,41,2521550
107/07/26,54000,45.70,45.70,44.55,45.00,0.10,49,2432750
107/07/27,51000,45.45,45.65,45.00,45.15,0.15,45,2312000
107/07/30,105033,45.65,45.65,44.60,44.65,0.50,85,4726023
107/07/31,124000,45.00,45.00,44.45,44.75,0.10,46,5548050
107/08/01,276000,45.55,46.00,44.90,45.05,0.30,121,12535900
107/08/02,141117,45.50,45.60,44.50,45.00,0.05,78,6367792
107/08/03,136000,44.80,45.65,44.60,45.40,X,81,6133650
107/08/06,718230,45.60,49.65,45.60,48.10,2.70,466,34264793
107/08/07,555000,48.10,48.95,47.55,48.20,0.10,293,26764700
107/08/08,914205,48.20,51.00,48.00,50.00,1.80,484,45221408
107/08/09,884203,50.60,51.60,48.40,49.05,0.95,434,44005946
107/08/10,265003,49.05,49.05,47.00,47.50,1.55,221,12614942
107/08/13,216015,47.05,47.05,44.20,45.60,1.90,168,9831376
107/08/14,90039,45.60,46.00,45.10,45.10,0.50,59,4100898
107/08/15,95000,45.20,45.20,44.40,44.55,0.55,66,4241200
107/08/16,261000,45.30,46.00,44.40,46.00,1.45,145,11855350
107/08/17,73000,46.00,46.00,45.00,45.10,0.90,56,3314750
107/08/20,82116,45.10,45.50,44.70,45.20,0.10,54,3716928
107/08/21,31253,45.20,45.50,44.80,45.25,0.05,27,1409672
107/08/22,719063,45.25,49.10,45.10,46.65,1.40,414,33988161
107/08/23,191000,46.65,47.30,46.20,47.05,0.40,77,8947900
107/08/24,847030,47.10,49.20,46.55,48.00,0.95,352,40835690
107/08/27,240000,48.20,48.65,47.70,47.75,0.25,100,11578600
107/08/28,533000,47.75,48.50,46.50,46.95,0.80,172,25270450
107/08/29,779100,46.95,49.35,46.95,49.00,2.05,327,37678929
107/08/30,297071,50.00,50.00,47.80,48.05,0.95,150,14393015
107/08/31,48000,48.05,48.90,48.00,48.80,0.75,38,2319350
107/09/03,107000,49.00,49.00,47.50,47.50,1.30,64,5128450
107/09/04,273000,47.50,48.80,46.80,47.40,0.10,97,13084550
107/09/05,57058,47.40,47.95,47.40,47.45,0.05,30,2722981
107/09/06,110000,47.10,47.70,46.75,47.10,0.35,69,5184250
107/09/07,385000,47.10,47.65,44.80,45.85,1.25,145,17668950
107/09/10,219031,45.70,45.70,44.00,44.00,1.85,141,9747117
107/09/11,67400,44.95,44.95,43.10,43.55,0.45,62,2944660
107/09/12,68094,43.55,43.55,43.00,43.20,0.35,51,2944692
107/09/13,141000,43.20,43.95,43.00,43.20,,60,6141150
107/09/14,144000,43.25,43.65,43.20,43.20,,71,6246650
107/09/17,192473,43.60,44.35,42.75,43.15,0.05,60,8315667
107/09/18,160843,41.85,42.65,41.20,41.60,1.55,84,6753748
107/09/19,47000,40.80,42.25,40.80,41.30,0.30,47,1955550
107/09/20,204150,41.00,41.85,40.00,40.10,1.20,96,8389440
107/09/21,218915,40.15,41.40,40.15,40.55,0.45,160,8907246
107/09/25,107031,40.50,41.00,40.30,40.55,,63,4350017
107/09/26,96000,40.10,40.20,39.00,39.50,1.05,70,3824650
107/09/27,139843,39.50,40.20,39.50,39.50,,81,5578813
107/09/28,131280,40.00,40.10,39.45,39.45,0.05,81,5204988
107/10/01,205135,39.80,41.00,39.80,40.35,0.90,118,8354053
107/10/02,299000,40.45,42.20,40.45,41.20,0.85,196,12398100
107/10/03,70324,41.90,41.95,40.00,40.20,1.00,48,2868474
107/10/04,47000,40.35,40.35,39.60,39.85,0.35,40,1874100
107/10/05,119000,39.85,40.70,38.10,38.10,1.75,77,4609650
107/10/08,145334,38.10,38.10,37.00,38.00,0.10,98,5447225
107/10/09,88000,38.00,38.00,36.05,37.40,0.60,64,3271050
107/10/11,248063,35.00,36.95,33.70,36.95,0.45,137,8621405
107/10/12,205042,36.50,36.50,34.50,34.90,2.05,151,7175328
107/10/15,200157,33.00,33.00,32.00,32.90,2.00,145,6530131
107/10/16,93200,33.00,33.25,32.00,32.15,0.75,82,3038100
107/10/17,178294,32.50,32.85,31.65,32.85,0.70,109,5775657
107/10/18,43000,32.85,32.85,32.30,32.70,0.15,37,1402900
107/10/19,41006,32.50,32.50,31.70,32.00,0.70,36,1320595
107/10/22,57238,31.85,32.05,31.80,32.05,0.05,41,1828426
107/10/23,360000,32.05,32.05,28.85,28.85,3.20,169,10513146
107/10/24,260695,28.85,29.50,27.80,28.90,0.05,176,7450318
107/10/25,158010,28.65,28.65,27.15,27.80,1.10,106,4391167
107/10/26,118000,28.10,28.80,26.35,26.70,1.10,80,3183700
107/10/29,77000,26.45,27.80,26.45,26.65,0.05,60,2068350
107/10/30,270090,26.60,26.60,24.00,24.05,2.60,194,6595831
107/10/31,186235,24.50,24.95,24.20,24.55,0.50,131,4577630
107/11/01,138000,24.60,25.65,24.60,25.40,0.85,112,3496150
107/11/02,122505,25.40,26.40,24.80,26.05,0.65,102,3164580
107/11/08,20003,26.50,26.50,26.00,26.10,0.40,19,523678
107/11/09,14001,26.45,26.45,25.30,25.70,0.40,11,358975
107/11/12,16000,25.70,25.95,25.00,25.00,0.70,15,409800
107/11/16,151000,23.25,24.30,23.25,23.90,0.40,85,3610150
107/11/19,35000,23.30,24.15,23.30,23.95,0.05,32,837750
107/11/20,22290,23.90,24.30,23.75,24.10,0.15,23,532989
107/11/21,75009,24.20,25.30,24.20,24.60,0.50,54,1838871
107/11/22,79071,25.20,25.20,24.05,24.05,0.55,69,1938139
107/11/23,25300,24.00,24.05,23.90,23.90,0.15,21,607029
107/11/26,39327,24.00,24.45,24.00,24.30,0.40,29,949780
107/11/27,13016,24.05,24.35,24.05,24.25,0.05,14,315738
107/11/28,100000,26.40,26.40,24.60,25.55,1.30,76,2572450
107/11/29,194000,25.55,27.25,25.55,26.80,1.25,129,5186800
107/11/30,101000,26.80,26.85,26.00,26.80,,52,2669900
107/12/03,70000,26.85,27.60,26.85,27.60,0.80,51,1919900
107/12/04,69031,27.60,27.85,26.90,26.90,0.70,52,1887587
107/12/05,22659,26.70,26.70,26.25,26.50,0.40,22,599593
107/12/06,38000,26.50,26.65,25.20,25.20,1.30,33,975750
107/12/07,55000,25.00,25.45,24.80,24.80,0.40,37,1368250
107/12/10,51000,24.30,24.70,23.80,24.60,0.20,36,1231900
107/12/11,119000,24.50,24.50,23.50,23.70,0.90,71,2834250
107/12/12,75089,24.20,25.20,24.20,24.75,1.05,47,1861905
107/12/13,78052,25.20,25.50,24.30,24.35,0.40,50,1927965
107/12/14,33000,24.10,24.30,23.70,24.30,0.05,25,791800
107/12/17,70000,24.30,24.30,23.50,23.50,0.80,53,1655600
107/12/18,57000,23.35,23.55,23.00,23.45,0.05,35,1322600
107/12/19,29000,23.50,23.50,23.20,23.20,0.25,26,676200
107/12/20,124126,23.00,23.00,21.25,22.65,0.55,86,2772553
107/12/21,34000,22.50,22.55,22.00,22.50,0.15,29,755850
107/12/22,16090,22.50,22.70,22.50,22.50,,17,362924
107/12/24,21010,22.50,22.70,22.05,22.70,0.20,24,470325
107/12/25,15000,22.15,22.35,21.75,22.35,0.35,14,332050
107/12/26,35013,22.35,22.55,21.50,21.50,0.85,30,772268
107/12/27,47010,21.80,22.65,21.80,22.05,0.55,38,1048420
107/12/28,17000,22.05,22.10,21.90,22.10,0.05,14,374350
108/01/02,30000,22.10,22.70,21.55,21.65,0.45,27,654950
108/01/03,21000,21.50,22.00,21.20,21.65,,19,453450
108/01/04,74000,21.20,21.30,20.50,21.30,0.35,47,1539100
108/01/07,74017,21.30,21.30,20.70,21.00,0.30,62,1552896
108/01/08,28015,21.00,21.50,21.00,21.15,0.15,27,595646
108/01/09,70501,21.55,21.70,21.35,21.35,0.20,42,1523145
108/01/10,28877,21.35,21.35,21.25,21.30,0.05,24,614579
108/01/11,41000,21.00,21.20,20.85,21.00,0.30,28,860750
108/01/14,98013,20.80,21.65,20.80,21.35,0.35,53,2083000
108/01/15,164000,21.35,23.45,21.35,23.45,2.10,92,3745700
108/01/16,214004,25.00,25.75,25.00,25.75,2.30,119,5428803
108/01/17,841481,28.00,28.00,25.80,25.90,0.15,619,22684509
108/01/18,219427,26.40,26.90,25.60,26.05,0.15,144,5706494
108/01/21,109000,27.00,27.00,26.05,26.10,0.05,73,2881850
108/01/22,87046,26.10,26.95,25.60,26.40,0.30,67,2291355
108/01/23,343235,26.70,28.35,26.70,27.00,0.60,277,9427995
108/01/28,66033,26.05,27.00,26.05,26.25,0.20,52,1751569
108/01/29,75004,26.05,27.15,26.05,26.25,,59,2001606
108/01/30,32031,26.25,26.40,26.10,26.15,0.10,28,839444
108/02/11,36031,26.80,26.80,26.20,26.30,0.15,33,955406
108/02/12,57164,26.30,26.50,26.00,26.30,,44,1499811
108/02/13,61047,26.30,26.50,26.00,26.05,0.25,48,1599745
108/02/14,41000,26.10,26.50,26.05,26.40,0.35,29,1073600
108/02/15,39000,26.55,26.55,26.00,26.30,0.10,26,1019550
108/02/18,233000,26.30,27.30,26.30,26.80,0.50,152,6241250
108/02/19,102000,27.30,27.50,26.70,26.75,0.05,66,2765300
108/02/20,40010,26.50,26.90,26.35,26.90,0.15,36,1063130
108/02/21,42157,26.90,26.90,26.70,26.75,0.15,37,1129560
108/02/22,44351,26.75,26.95,26.00,26.40,0.35,36,1168141
108/02/25,94000,26.40,26.60,26.30,26.30,0.10,41,2481900
108/02/26,55000,26.40,26.45,25.80,25.90,0.40,32,1434400
108/02/27,194000,25.90,26.50,24.40,25.15,0.75,96,4898950
108/03/04,243000,25.20,25.50,24.00,24.00,1.15,158,5935950
108/03/05,924271,23.90,25.00,23.90,24.40,0.40,243,22705825
108/03/06,77000,24.15,24.50,24.10,24.10,0.30,62,1869750
108/03/07,72001,24.15,24.70,24.15,24.40,0.30,48,1755424
108/03/08,64001,24.35,24.50,23.90,24.30,0.10,40,1551524
108/03/11,63002,24.30,24.30,24.00,24.00,0.30,41,1517248
108/03/12,89000,24.10,24.10,23.50,23.80,0.20,53,2125700
108/03/13,26000,23.80,23.95,23.65,23.95,0.15,20,618100
108/03/14,31030,24.00,24.10,23.90,23.90,0.05,22,745570
108/03/15,107000,23.40,24.00,23.40,23.70,0.20,45,2534200
108/03/18,35400,23.70,23.70,23.45,23.45,0.25,35,831900
108/03/19,73051,23.25,23.35,23.20,23.20,0.25,57,1697648
108/03/20,36157,23.30,23.85,23.30,23.85,0.65,32,852004
108/03/21,55537,23.85,23.90,23.75,23.90,0.05,34,1322011
108/03/22,51001,24.40,24.65,24.10,24.20,0.30,44,1247974
108/03/25,35000,24.60,24.60,23.90,24.00,0.20,30,842500
108/03/26,17000,24.05,24.25,24.05,24.25,0.25,14,411850
108/03/27,248313,24.50,26.65,24.50,26.65,2.40,159,6544591
108/03/28,1046790,27.20,29.00,26.90,27.15,0.50,737,29225680
108/03/29,108400,27.00,27.10,26.50,26.50,0.65,83,2898469
108/04/01,93011,26.50,26.70,25.60,25.60,0.90,77,2430032
108/04/02,52000,26.30,26.30,25.30,25.40,0.20,45,1332000
108/04/03,93505,25.00,26.20,25.00,25.50,0.10,77,2389877
108/04/08,60131,25.50,25.60,25.30,25.30,0.20,37,1529197
108/04/09,166305,25.40,27.50,25.30,25.90,0.60,123,4352980
108/04/10,81131,26.40,26.50,25.55,26.00,0.10,60,2108832
108/04/11,266000,26.00,28.00,26.00,27.20,1.20,203,7197350
108/04/12,316028,28.00,28.65,26.90,26.90,0.30,210,8756471
108/04/15,157000,27.30,28.30,26.90,27.00,0.10,122,4323650
108/04/16,152000,27.95,28.00,27.40,27.70,0.70,102,4222100
108/04/17,91053,28.00,28.20,27.30,27.30,0.40,71,2516723
108/04/18,301320,27.30,29.00,27.00,29.00,1.70,200,8494050
108/04/19,1114085,30.50,31.90,30.00,31.90,2.90,559,35152660
108/04/22,1519000,32.75,33.70,30.05,30.05,1.85,967,48837450
108/04/23,361000,30.05,30.45,29.10,29.10,0.95,229,10665900
108/04/24,169094,29.65,29.65,28.55,28.75,0.35,103,4912466
108/04/25,49050,28.75,29.00,28.45,28.80,0.05,42,1405040
108/04/26,92101,28.80,28.80,28.05,28.20,0.60,67,2601348
108/04/29,82143,28.25,28.25,27.30,27.40,0.80,55,2278711
108/04/30,43000,27.40,28.00,27.40,27.90,0.50,29,1188250
108/05/02,187200,28.10,29.75,28.00,28.50,0.60,134,5331959
108/05/03,195000,28.80,29.70,28.80,29.35,0.85,122,5722850
108/05/06,41120,27.90,29.25,27.90,28.45,0.90,38,1173340
108/05/07,79346,28.45,29.10,28.45,29.10,0.65,54,2289802
108/05/08,61100,28.60,28.95,28.45,28.95,0.15,42,1752870
108/05/09,82100,28.60,28.60,27.25,27.25,1.70,65,2285124
108/05/10,68000,27.60,27.70,27.25,27.30,0.05,56,1863100
108/05/13,73400,27.35,27.50,26.30,26.30,1.00,55,1970490
108/05/14,50000,26.00,26.10,25.40,25.90,0.40,38,1293800
108/05/15,10063,26.00,26.50,26.00,26.15,0.25,11,264250
108/05/16,51000,26.25,26.25,25.50,25.55,0.60,42,1319050
108/05/17,44000,26.10,26.10,24.50,24.50,1.05,29,1087800
108/05/20,80000,24.50,24.60,23.50,23.50,1.00,52,1906250
108/05/21,26000,23.60,24.10,23.60,24.05,0.55,19,617400
108/05/22,65000,24.25,25.00,24.25,24.35,0.30,44,1585300
108/05/23,13000,24.00,24.45,23.80,24.00,0.35,11,312400
108/05/24,17000,23.80,23.90,23.70,23.70,0.30,13,403950
108/05/27,141000,23.20,23.60,22.65,22.65,1.05,76,3236300
108/05/28,249000,23.00,23.00,21.70,22.60,0.05,118,5573250
108/05/29,55001,22.60,22.60,22.25,22.60,,8,1225222
108/05/30,20000,22.65,23.00,22.65,22.95,0.35,15,454400
108/05/31,50063,22.95,23.00,22.55,22.95,,21,1135983
108/06/03,77063,22.95,22.95,22.65,22.75,0.20,16,1747682
108/06/04,119000,22.05,22.75,22.05,22.75,,56,2649850
108/06/05,163000,22.75,23.90,22.70,23.90,1.15,41,3772500
108/06/06,148000,24.15,24.30,23.55,24.00,0.10,54,3533300
108/06/10,24000,24.05,24.70,24.05,24.10,0.10,9,582150
108/06/11,98410,23.05,24.05,23.05,23.90,0.20,24,2299648
108/06/12,10000,23.90,24.00,23.90,23.90,,9,239500
108/06/13,26000,24.00,24.70,23.50,23.75,0.15,22,624050
108/06/14,94000,24.30,24.40,23.75,23.80,0.05,35,2245200
108/06/17,61000,23.75,23.75,23.60,23.65,0.15,16,1445150
108/06/18,70000,23.55,23.90,23.05,23.35,0.30,41,1631650
108/06/19,125000,23.50,24.00,23.45,23.55,0.20,36,2946850
108/06/20,52000,23.60,23.95,23.40,23.70,0.15,30,1226950
108/06/21,23000,23.95,23.95,23.45,23.50,0.20,17,541450
108/06/24,24000,22.90,23.55,22.90,23.55,0.05,20,556400
108/06/25,10000,23.55,23.60,23.55,23.55,,8,235550
108/06/26,29000,23.55,23.55,23.20,23.40,0.15,14,674550
108/06/27,26000,23.40,23.85,23.40,23.70,0.30,22,610800
108/06/28,27000,23.75,23.85,23.60,23.60,0.10,12,641850
108/07/01,31000,24.00,24.00,23.60,23.60,,29,735350
108/07/02,50157,23.65,23.90,23.60,23.90,0.30,26,1184120
108/07/03,24091,24.00,24.00,23.55,23.55,0.35,25,570992
108/07/04,21001,23.55,23.75,23.50,23.75,0.20,16,495023
108/07/05,125001,23.70,25.00,23.70,24.10,0.35,76,3011523
108/07/08,77064,24.30,24.30,23.95,24.00,0.10,37,1856595
108/07/09,38030,24.00,24.10,24.00,24.00,,29,913473
108/07/10,13000,23.95,24.05,23.95,24.00,,13,311950
108/07/11,58000,23.95,24.00,23.50,23.60,0.40,49,1372150
108/07/12,97059,23.60,23.75,23.30,23.40,0.20,37,2277718
108/07/15,29000,23.55,23.60,23.50,23.55,0.15,19,683650
108/07/16,48236,23.50,23.75,23.50,23.55,,21,1140207
108/07/17,180080,23.60,24.85,23.50,24.50,0.95,127,4331710
108/07/18,403789,24.80,26.95,24.80,26.95,2.45,257,10763263
108/07/19,1262890,27.40,28.90,26.90,27.30,0.35,845,35183968
108/07/22,203460,27.30,27.90,26.60,26.65,0.65,149,5476106
108/07/23,75000,27.00,27.00,26.30,26.50,0.15,64,1992450
108/07/24,134100,26.60,26.85,26.00,26.25,0.25,111,3544403
108/07/25,96485,25.45,25.60,24.95,25.00,X,80,2433375
108/07/26,61016,24.90,25.30,24.50,25.00,,46,1515990
108/07/29,15031,25.30,25.30,24.90,25.15,0.15,14,376075
108/07/30,42100,25.30,25.30,24.70,24.90,0.25,28,1051470
108/07/31,6000,24.75,24.85,24.75,24.85,0.05,6,148800
