﻿羅麗芬-KY,	6666
日期,成交股數,開盤價,最高價,最低價,收盤價,漲跌價差,成交筆數,成交金額
107/11/19,3355290,118.00,141.50,116.50,138.50,X,2446,414240600
107/11/20,2109380,131.00,149.00,128.50,144.00,5.50,1683,294535840
107/11/21,1124342,137.50,144.00,136.50,140.00,4.00,978,157217222
107/11/22,676070,140.00,142.50,137.00,137.00,3.00,578,94361834
107/11/23,679029,137.50,139.50,135.00,136.00,1.00,551,92957060
107/11/26,885110,137.50,149.50,137.00,149.50,13.50,617,129749445
107/11/27,1612402,156.00,164.00,156.00,164.00,14.50,1262,258776928
107/11/28,1504140,168.00,180.00,166.00,180.00,16.00,1244,262043700
107/11/29,1290471,185.00,192.00,174.00,178.00,2.00,1130,234592758
107/11/30,728200,175.50,185.00,175.50,179.00,1.00,640,131349000
107/12/03,887230,182.00,186.50,175.00,182.00,3.00,737,160548203
107/12/04,613460,179.50,181.00,176.00,176.00,6.00,510,108907260
107/12/05,903400,172.00,186.00,172.00,185.00,9.00,777,163989599
107/12/06,726103,181.00,182.00,174.00,176.50,8.50,615,129065055
107/12/07,345590,178.50,181.00,173.00,177.50,1.00,317,61443200
107/12/10,274013,180.00,180.00,175.00,176.00,1.50,237,48661320
107/12/11,1167482,181.00,193.50,178.00,193.50,17.50,979,216967266
107/12/12,1238912,190.00,203.50,187.00,193.50,,1084,239846340
107/12/13,769970,192.50,208.00,191.50,203.00,9.50,720,153999350
107/12/14,444040,201.00,205.50,198.00,202.50,0.50,410,89530700
107/12/17,258042,202.50,204.50,199.50,203.00,0.50,241,52126610
107/12/18,1159648,200.50,201.00,183.00,185.00,18.00,1013,219547676
107/12/19,818521,185.50,188.50,171.00,182.00,3.00,764,146721343
107/12/20,500205,176.00,179.00,170.00,171.00,11.00,480,87000153
107/12/21,381692,168.00,177.50,168.00,175.50,4.50,366,66312136
107/12/22,159000,172.50,177.00,172.50,173.50,2.00,149,27704000
107/12/24,474744,174.00,184.50,172.00,182.00,8.50,445,85559908
107/12/25,315150,177.50,183.00,176.00,177.50,4.50,293,56469774
107/12/26,235125,179.00,182.00,173.00,175.50,2.00,212,41937500
107/12/27,185339,180.00,181.50,176.50,176.50,1.00,181,33150003
107/12/28,181410,178.00,182.00,177.00,178.00,1.50,181,32518980
108/01/02,147136,179.00,180.50,177.50,177.50,0.50,127,26270844
108/01/03,200100,178.00,179.00,173.00,173.00,4.50,185,35010850
108/01/04,250370,172.00,172.00,167.50,170.50,2.50,225,42484083
108/01/07,225503,173.00,179.00,171.50,178.50,8.00,197,39263040
108/01/08,315230,180.00,183.50,177.00,180.50,2.00,288,57023400
108/01/09,210405,181.00,183.00,178.00,181.50,1.00,186,37930911
108/01/10,157353,181.50,181.50,175.50,175.50,6.00,143,28134596
108/01/11,182341,178.50,179.00,174.00,175.00,0.50,185,32204843
108/01/14,174419,175.00,175.00,170.00,170.50,4.50,152,29915357
108/01/15,121300,171.50,172.50,170.50,171.00,0.50,109,20771100
108/01/16,136656,172.50,172.50,169.00,169.00,2.00,117,23180364
108/01/17,155092,170.00,174.50,170.00,172.50,3.50,141,26729600
108/01/18,155500,173.00,173.00,168.00,169.50,3.00,132,26451500
108/01/21,121800,170.50,171.50,169.00,169.50,,121,20759099
108/01/22,175450,169.50,170.50,163.00,165.50,4.00,177,29032750
108/01/23,238474,165.00,165.00,160.00,162.00,3.50,219,38509788
108/01/28,177400,170.50,172.00,168.50,170.00,2.00,153,30237100
108/01/29,93000,172.00,172.00,167.50,168.50,1.50,74,15706000
108/01/30,68150,168.50,169.50,168.00,168.50,,63,11506275
108/02/11,272395,172.00,181.50,170.00,178.00,9.50,259,47768520
108/02/12,217630,178.00,179.50,176.00,177.00,1.00,188,38642195
108/02/13,232534,177.00,182.00,177.00,179.00,2.00,205,41638285
108/02/14,214760,180.50,180.50,176.50,177.00,2.00,189,38183260
108/02/15,324455,172.00,174.50,171.00,171.00,6.00,304,55925030
108/02/18,152301,175.00,175.00,171.00,171.50,0.50,121,26243922
108/02/19,156535,172.00,172.00,168.50,169.50,2.00,146,26585450
108/02/20,109553,169.50,171.00,168.50,169.00,0.50,97,18563733
108/02/21,68250,171.50,171.50,169.50,170.00,1.00,71,11617000
108/02/22,111020,170.00,172.00,169.50,171.00,1.00,84,18921920
108/02/25,152318,171.50,172.00,168.00,168.00,3.00,140,25922393
108/02/26,81500,169.00,170.50,168.50,168.50,0.50,69,13827750
108/02/27,116540,170.00,172.50,169.00,172.00,3.50,115,19960380
108/03/04,116000,172.50,172.50,169.50,170.00,2.00,95,19820500
108/03/05,100000,170.00,170.00,168.00,168.50,1.50,87,16851000
108/03/06,52030,170.00,170.00,168.00,168.50,,49,8775130
108/03/07,98500,168.50,169.50,166.00,166.00,2.50,87,16485750
108/03/08,47255,166.00,169.00,166.00,168.00,2.00,48,7950585
108/03/11,57044,168.50,170.50,168.50,169.00,1.00,50,9655436
108/03/12,93000,169.50,169.50,168.50,169.00,,50,15711000
108/03/13,93040,169.00,169.00,167.50,167.50,1.50,76,15663800
108/03/14,151158,168.00,168.00,165.50,165.50,2.00,118,25168728
108/03/15,248179,166.00,172.50,165.00,170.50,5.00,218,41945198
108/03/18,683193,176.00,185.00,174.50,184.00,13.50,593,124086705
108/03/19,280486,183.50,183.50,179.00,180.00,4.00,258,50690966
108/03/20,251400,180.00,181.00,176.00,178.00,2.00,209,44664100
108/03/21,437050,179.50,184.00,179.50,183.00,5.00,349,79656700
108/03/22,204990,184.00,184.00,178.00,179.50,3.50,188,37072720
108/03/25,170456,178.00,180.50,177.50,179.00,0.50,163,30517580
108/03/26,1081035,181.00,196.50,181.00,196.50,17.50,834,206654877
108/03/27,1637492,196.50,215.00,193.00,204.00,7.50,1323,333981852
108/03/28,642095,200.00,204.00,193.00,198.50,5.50,574,127271545
108/03/29,356305,200.00,203.50,196.50,200.50,2.00,324,71455610
108/04/01,359281,201.50,202.50,196.00,196.00,4.50,305,71166857
108/04/02,199191,198.00,200.50,196.00,199.00,3.00,191,39524200
108/04/03,150055,201.50,201.50,198.00,199.50,0.50,144,29882526
108/04/08,206197,200.00,201.50,196.50,197.00,2.50,193,40909006
108/04/09,516645,199.00,207.50,197.50,202.00,5.00,456,105235790
108/04/10,235110,202.50,207.50,199.50,203.50,1.50,211,47784660
108/04/11,568280,206.50,210.00,193.00,196.00,7.50,537,113800340
108/04/12,475436,196.50,198.50,188.50,189.00,7.00,450,91434276
108/04/15,173705,193.50,194.00,190.50,192.00,3.00,152,33365211
108/04/16,144100,193.00,195.00,191.00,191.50,0.50,137,27778450
108/04/17,109001,192.50,194.00,191.50,193.00,1.50,102,20957195
108/04/18,222520,192.50,193.00,186.00,187.00,6.00,225,42014800
108/04/19,107000,188.00,190.50,187.50,189.50,2.50,100,20230000
108/04/22,104381,190.00,191.50,187.50,187.50,2.00,102,19722009
108/04/23,87019,187.00,187.50,186.00,186.50,1.00,78,16255580
108/04/24,83000,186.50,189.50,186.50,187.00,0.50,80,15630500
108/04/25,119035,187.00,187.00,183.00,184.00,3.00,117,21935045
108/04/26,65750,184.00,185.00,182.00,183.00,1.00,72,12046250
108/04/29,187015,185.00,185.00,176.00,176.50,6.50,169,33479700
108/04/30,98190,176.50,180.50,176.50,178.50,2.00,99,17554985
108/05/02,138050,178.50,186.50,178.50,186.50,8.00,127,25340000
108/05/03,108030,185.50,185.50,182.50,183.50,3.00,107,19886410
108/05/06,109030,182.00,182.00,178.00,178.00,5.50,105,19500490
108/05/07,90000,178.00,183.00,177.50,180.50,2.50,81,16335000
108/05/08,160330,179.50,186.50,179.00,184.00,3.50,158,29431554
108/05/09,331010,187.00,189.00,179.00,179.00,5.00,295,61000810
108/05/10,152000,180.00,182.00,176.50,178.00,1.00,126,27226500
108/05/13,109200,177.50,180.50,177.50,179.00,1.00,92,19566500
108/05/14,153045,176.50,178.00,172.50,178.00,1.00,137,26956167
108/05/15,89593,182.00,182.00,179.00,179.00,1.00,91,16119942
108/05/16,93427,181.00,181.00,177.50,179.00,,98,16743360
108/05/17,80200,180.00,181.00,176.00,176.00,3.00,74,14265400
108/05/20,52300,178.50,178.50,175.00,175.00,1.00,52,9224200
108/05/21,175158,175.00,183.00,175.00,183.00,8.00,173,31655649
108/05/22,143220,185.00,185.00,180.00,180.00,3.00,137,26133820
108/05/23,92115,180.00,183.00,178.00,179.50,0.50,90,16609142
108/05/24,71050,179.50,180.50,178.00,178.00,1.50,70,12709600
108/05/27,105176,179.00,183.50,179.00,182.00,4.00,102,19067708
108/05/28,621100,186.50,191.00,183.50,184.50,2.50,570,116400700
108/05/29,118090,184.50,184.50,181.00,182.00,2.50,118,21580105
108/05/30,48100,184.00,184.00,182.00,183.00,1.00,46,8784849
108/05/31,60045,183.00,183.00,181.50,182.00,1.00,60,10938212
108/06/03,78006,182.00,182.00,178.50,179.00,3.00,74,14015592
108/06/04,85350,179.00,181.00,178.50,178.50,0.50,78,15299150
108/06/05,109035,180.00,182.50,179.00,180.00,1.50,96,19698010
108/06/06,69012,181.50,181.50,179.00,180.00,,51,12412684
108/06/10,64100,182.50,182.50,180.50,182.00,2.00,40,11613350
108/06/11,90220,183.00,183.00,181.50,182.00,,90,16441040
108/06/12,34000,182.00,182.50,181.00,182.50,0.50,34,6180000
108/06/13,211257,183.50,187.50,183.50,184.50,2.00,186,39212031
108/06/14,43003,184.50,185.00,182.50,183.00,1.50,42,7919053
108/06/17,123824,184.50,187.50,184.00,187.00,4.00,115,22999912
108/06/18,89254,188.50,188.50,184.00,184.00,3.00,89,16592617
108/06/19,87030,186.50,187.00,184.50,185.50,1.50,72,16144200
108/06/20,99005,186.00,186.50,184.50,185.00,0.50,81,18329440
108/06/21,82005,186.00,187.00,184.00,184.00,1.00,72,15194430
108/06/24,62041,184.00,184.00,182.50,182.50,1.50,61,11334544
108/06/25,62000,184.00,184.00,181.50,182.50,,56,11292000
108/06/26,36005,183.00,183.50,182.50,183.50,1.00,35,6590925
108/06/27,89030,184.00,185.50,184.00,185.00,1.50,77,16454080
108/06/28,1188180,188.00,197.50,187.00,194.00,9.00,1031,230290048
108/07/01,476440,198.50,198.50,195.00,196.00,2.00,416,93791958
108/07/02,741651,195.50,204.50,194.00,202.00,6.00,672,149848804
108/07/03,740305,203.50,209.00,200.50,202.50,0.50,670,151544067
108/07/04,233100,203.00,205.00,201.50,203.00,0.50,210,47346000
108/07/05,224015,205.00,207.50,203.00,203.50,0.50,212,45897612
108/07/08,1472319,207.00,222.00,204.50,221.50,18.00,1289,313781291
108/07/09,1327764,220.00,232.50,219.00,222.00,0.50,1201,299636636
108/07/10,954887,227.50,227.50,217.50,227.00,5.00,808,213097510
108/07/11,1299052,204.00,208.00,197.00,198.00,X,1148,261952796
108/07/12,361050,197.50,202.00,196.50,197.50,0.50,343,71796900
108/07/15,304416,200.00,200.00,196.00,198.00,0.50,277,60271491
108/07/16,191665,199.50,199.50,196.50,197.00,1.00,184,37829501
108/07/17,702187,197.00,204.50,196.50,200.00,3.00,588,140938087
108/07/18,1039963,203.50,210.00,201.00,210.00,10.00,944,214514656
108/07/19,884598,212.00,216.00,208.00,212.50,2.50,813,187599570
108/07/22,779800,213.00,216.00,206.00,208.00,4.50,686,163224600
108/07/23,409053,211.00,211.00,202.50,204.00,4.00,379,84204077
108/07/24,298347,206.00,206.50,201.00,203.00,1.00,277,60591614
108/07/25,459630,203.50,203.50,197.00,198.00,5.00,424,91615000
108/07/26,308022,199.00,204.00,198.00,199.00,1.00,288,61758444
108/07/29,122500,199.00,199.50,196.50,196.50,2.50,116,24203500
108/07/30,431190,197.50,198.50,187.00,190.50,6.00,397,82451550
108/07/31,164630,191.50,194.00,188.50,193.50,3.00,151,31605220
108/08/01,148050,190.00,193.50,189.50,191.00,2.50,118,28307850
108/08/02,152348,189.50,190.50,187.00,187.50,3.50,142,28713512
108/08/05,121200,187.50,189.50,184.50,185.00,2.50,110,22579400
108/08/06,135882,180.00,183.50,177.00,183.00,2.00,125,24560228
108/08/07,256012,188.00,188.00,181.50,181.50,1.50,222,47271220
108/08/08,92100,182.00,185.00,182.00,183.50,2.00,87,16926100
108/08/12,231052,182.00,183.00,179.00,179.50,4.00,300,41693256
108/08/13,133516,179.50,183.00,179.00,180.00,0.50,154,24133096
108/08/14,156282,182.50,183.50,178.50,178.50,1.50,169,28253327
108/08/15,159400,176.00,176.00,173.50,175.50,3.00,180,27898000
108/08/16,76885,175.50,179.50,175.50,178.00,2.50,94,13652530
108/08/19,80682,180.50,180.50,177.50,179.00,1.00,103,14419896
108/08/20,95149,180.00,180.00,178.00,179.50,0.50,109,17016090
108/08/21,70462,180.50,180.50,178.00,178.00,1.50,98,12581236
108/08/22,61865,179.00,179.50,178.00,178.00,,99,11059970
108/08/23,191585,179.00,179.00,173.00,174.50,3.50,213,33562290
108/08/26,132701,174.50,175.00,170.00,171.50,3.00,134,22753717
108/08/27,77799,172.00,174.00,172.00,174.00,2.50,78,13483826
108/08/28,47303,174.00,174.50,173.00,173.00,1.00,72,8217419
108/08/29,48409,173.50,173.50,172.50,173.50,0.50,62,8377957
108/08/30,61546,175.00,177.00,174.50,176.50,3.00,70,10833820
108/09/02,421463,176.50,185.50,176.00,184.00,7.50,419,76921456
108/09/03,176900,186.00,186.00,179.50,180.00,4.00,168,32062100
108/09/04,90699,181.00,181.00,178.00,179.00,1.00,102,16202621
108/09/05,90157,180.00,180.50,177.50,177.50,1.50,101,16098946
108/09/06,113358,177.50,179.50,176.50,176.50,1.00,115,20129687
108/09/09,73750,179.50,179.50,175.00,176.00,0.50,72,13002250
108/09/10,84577,176.00,177.50,174.00,176.50,0.50,85,14862129
108/09/11,116000,179.50,181.00,178.50,179.00,2.50,116,20801500
108/09/12,107550,181.00,182.00,179.00,179.50,0.50,106,19406400
108/09/16,72533,179.50,180.00,177.00,177.50,2.00,73,12972107
108/09/17,34677,179.50,179.50,177.00,179.50,2.00,38,6192683
108/09/18,237950,180.00,184.00,180.00,183.50,4.00,229,43427374
108/09/19,115700,184.00,184.00,181.00,181.50,2.00,111,21066200
108/09/20,102400,182.00,182.00,179.50,179.50,2.00,94,18433400
108/09/23,81002,179.50,182.00,179.00,180.50,1.00,71,14624360
108/09/24,207955,181.00,184.50,181.00,182.00,1.50,205,38173332
108/09/25,84700,183.00,184.00,180.50,180.50,1.50,91,15433500
108/09/26,72700,183.00,184.00,180.50,180.50,,74,13231000
108/09/27,132434,182.00,182.00,177.50,178.00,2.50,129,23628252
108/10/01,50561,179.50,179.50,177.00,178.50,0.50,51,9003358
108/10/02,694276,180.00,188.00,180.00,187.00,8.50,645,128739836
108/10/03,608930,184.50,192.50,184.00,189.00,2.00,583,115456840
108/10/04,330894,189.00,191.50,187.00,190.00,1.00,312,62658966
108/10/07,172470,191.50,191.50,186.50,188.00,2.00,172,32421860
108/10/08,150757,188.50,190.00,187.00,188.50,0.50,147,28351059
108/10/09,411610,190.00,193.50,187.50,188.00,0.50,396,78506570
108/10/14,246155,188.50,188.50,183.00,183.50,4.50,243,45366937
108/10/15,79558,185.50,186.00,183.00,186.00,2.50,85,14681730
108/10/16,97200,186.00,186.00,183.50,183.50,2.50,101,17922198
108/10/17,63260,184.50,185.50,183.50,184.00,0.50,63,11684710
108/10/18,49711,185.50,185.50,184.00,185.00,1.00,57,9168324
108/10/21,51221,186.00,186.00,184.00,184.50,0.50,54,9448664
108/10/22,71330,185.50,186.50,184.00,184.00,0.50,72,13220890
108/10/23,548800,184.50,192.50,184.50,191.50,7.50,510,104145397
108/10/24,810810,194.00,197.50,190.00,191.00,0.50,744,157659210
108/10/25,270048,193.00,193.00,188.00,188.00,3.00,237,51208024
108/10/28,133507,190.00,190.00,186.50,186.50,1.50,134,25042552
108/10/29,198168,188.50,191.00,187.00,189.00,2.50,198,37482252
108/10/30,298900,190.00,194.50,189.00,191.00,2.00,284,57500950
108/10/31,148653,192.00,192.00,187.50,188.00,3.00,153,28090764
108/11/01,96420,189.00,191.00,188.50,191.00,3.00,103,18312800
108/11/04,92560,191.00,191.50,189.00,189.00,2.00,89,17581780
108/11/05,175400,190.50,191.00,187.50,188.50,0.50,155,33166200
108/11/06,167109,188.50,191.50,188.00,188.00,0.50,155,31630437
108/11/07,137822,188.50,189.50,185.00,185.00,3.00,143,25707570
108/11/08,86668,185.00,186.50,184.50,184.50,0.50,89,16037745
108/11/11,477717,175.50,176.50,172.00,174.00,10.50,422,83266475
108/11/12,183539,174.50,177.00,173.50,177.00,3.00,178,32181403
108/11/13,75605,176.00,178.00,176.00,178.00,1.00,76,13401690
108/11/14,136832,178.50,181.00,178.00,181.00,3.00,135,24539175
108/11/15,88700,181.00,181.00,176.50,178.00,3.00,88,15768950
108/11/18,42600,178.00,179.00,177.00,177.00,1.00,44,7586300
108/11/19,48139,177.00,179.00,176.00,177.50,0.50,49,8530742
108/11/20,29336,178.00,178.00,177.00,177.00,0.50,31,5205972
108/11/21,58500,177.50,177.50,175.00,176.00,1.00,55,10284749
108/11/22,62280,175.50,179.50,175.50,179.50,3.50,69,11072259
108/11/25,32350,180.00,180.00,177.50,177.50,2.00,35,5758623
108/11/26,55425,177.50,179.00,177.00,178.50,1.00,55,9850225
108/11/27,36570,177.50,178.00,177.00,177.00,1.50,37,6482390
108/11/28,56000,178.00,178.00,176.00,177.00,,46,9901500
108/11/29,32400,177.00,177.00,176.50,176.50,0.50,31,5725500
