﻿三能-KY,	6671
日期,成交股數,開盤價,最高價,最低價,收盤價,漲跌價差,成交筆數,成交金額
107/12/11,1698000,53.00,53.00,51.10,51.50,X,1494,88480800
107/12/12,923000,51.00,51.00,45.00,46.00,5.50,690,43430600
107/12/13,455000,46.00,46.00,44.20,44.90,1.10,339,20436850
107/12/14,373000,44.85,44.85,43.10,43.95,0.95,278,16332400
107/12/17,472000,43.50,46.30,43.00,45.80,1.85,358,21324600
107/12/18,195000,44.35,44.70,43.50,44.00,1.80,162,8602250
107/12/19,134000,44.10,44.40,43.20,43.40,0.60,104,5831850
107/12/20,191000,43.40,43.40,42.55,42.80,0.60,117,8190750
107/12/21,136000,42.80,43.50,42.15,43.05,0.25,89,5815250
107/12/22,78000,42.95,43.95,42.30,43.60,0.55,61,3353300
107/12/24,70000,43.60,43.80,43.20,43.40,0.20,63,3042050
107/12/25,95000,42.80,42.90,42.15,42.80,0.60,74,4034650
107/12/26,55000,42.90,43.05,42.35,42.70,0.10,44,2347800
107/12/27,68000,42.80,43.05,42.45,43.00,0.30,62,2910150
107/12/28,117000,43.05,43.50,42.85,43.50,0.50,93,5058300
108/01/02,61000,43.50,44.20,43.05,43.85,0.35,50,2672100
108/01/03,47000,43.70,43.80,43.35,43.50,0.35,30,2045750
108/01/04,46060,43.00,43.20,42.60,42.95,0.55,37,1974054
108/01/07,30000,43.00,43.30,42.80,43.20,0.25,25,1289950
108/01/08,26000,42.80,43.20,42.80,43.20,,23,1118700
108/01/09,47000,42.80,43.35,42.80,43.30,0.10,35,2027050
108/01/10,47000,43.15,43.20,42.90,43.05,0.25,28,2024500
108/01/11,24000,43.00,43.50,42.90,43.20,0.15,20,1035750
108/01/14,68000,43.50,44.10,43.20,43.80,0.60,56,2971550
108/01/15,35000,43.80,44.10,43.65,43.90,0.10,26,1535450
108/01/16,24000,43.90,43.90,43.60,43.60,0.30,20,1049550
108/01/17,227040,43.60,46.10,43.60,46.00,2.40,174,10311432
108/01/18,75000,45.75,45.75,45.05,45.50,0.50,58,3398350
108/01/21,83000,45.50,46.10,45.50,45.75,0.25,57,3813200
108/01/22,41000,45.75,46.40,45.75,46.05,0.30,34,1888250
108/01/23,21000,46.05,46.10,46.00,46.10,0.05,20,966950
108/01/28,90000,46.25,46.30,46.00,46.00,0.25,34,4151950
108/01/29,38000,46.00,46.20,45.90,46.10,0.10,16,1748900
108/01/30,39000,46.15,46.15,45.95,46.10,,26,1795600
108/02/11,119000,46.50,46.50,45.80,46.20,0.10,51,5481950
108/02/12,64000,46.40,46.70,46.15,46.50,0.30,34,2965650
108/02/13,28000,46.45,46.45,46.10,46.20,0.30,18,1295450
108/02/14,42000,46.10,46.40,46.00,46.40,0.20,22,1936500
108/02/15,35000,46.70,46.70,46.00,46.00,0.40,20,1614500
108/02/18,48008,46.00,46.35,45.90,46.20,0.20,25,2210554
108/02/19,30000,46.00,46.30,46.00,46.30,0.10,20,1384900
108/02/20,110000,46.30,48.10,46.30,47.50,1.20,70,5150600
108/02/21,104000,48.40,49.00,47.50,47.50,,74,5009650
108/02/22,40000,47.60,47.60,46.85,47.30,0.20,25,1890150
108/02/25,29000,47.30,47.35,47.30,47.35,0.05,17,1372950
108/02/26,18000,47.90,47.90,47.45,47.50,0.15,11,855250
108/02/27,20000,47.50,47.50,47.20,47.40,0.10,19,947500
108/03/04,18000,47.40,48.00,47.40,47.40,,15,856650
108/03/05,6000,47.00,47.35,47.00,47.00,0.40,5,282500
108/03/06,74000,47.00,47.00,46.50,46.65,0.35,35,3457650
108/03/07,70000,47.00,48.05,46.75,47.50,0.85,32,3343650
108/03/08,27000,47.10,47.60,47.10,47.40,0.10,21,1281200
108/03/11,18000,47.40,47.80,47.40,47.80,0.40,15,853650
108/03/12,39000,47.80,48.15,47.80,48.00,0.20,25,1871150
108/03/13,5000,48.25,48.25,48.00,48.00,,4,240250
108/03/14,70000,48.40,49.50,48.40,49.00,1.00,47,3410850
108/03/15,137000,49.00,50.60,49.00,50.40,1.40,88,6868400
108/03/18,103000,51.50,51.50,49.30,49.70,0.70,57,5184200
108/03/19,14000,49.90,50.00,49.70,49.70,,11,697000
108/03/20,15000,49.70,50.00,49.60,50.00,0.30,11,746000
108/03/21,18000,50.00,50.00,49.70,49.80,0.20,15,896450
108/03/22,36000,50.00,50.00,49.60,49.70,0.10,24,1793800
108/03/25,3000,49.20,49.20,49.10,49.10,0.60,3,147500
108/03/26,11000,49.50,49.50,49.10,49.10,,8,540500
108/03/27,8000,49.00,49.00,48.90,48.90,0.20,3,391700
108/03/28,20000,48.90,48.90,48.70,48.70,0.20,10,976000
108/03/29,17000,49.80,49.80,48.60,48.90,0.20,13,827700
108/04/01,31000,48.95,49.00,48.90,49.00,0.10,18,1518000
108/04/02,24000,49.30,49.30,49.10,49.20,0.20,10,1180450
108/04/03,49000,49.40,49.60,49.00,49.50,0.30,30,2422200
108/04/08,44000,49.60,50.00,49.60,50.00,0.50,30,2197200
108/04/09,24000,50.00,50.00,49.65,49.90,0.10,17,1196450
108/04/10,21000,49.65,49.85,49.50,49.85,0.05,13,1042750
108/04/11,39000,49.90,49.95,49.60,49.90,0.05,21,1945050
108/04/12,35000,50.00,50.00,49.90,49.90,,20,1748200
108/04/15,96000,49.60,50.10,49.60,49.95,0.05,41,4792100
108/04/16,25000,49.95,50.00,49.85,49.95,,18,1248250
108/04/17,29000,50.00,50.00,49.90,49.95,,22,1448750
108/04/18,28000,49.95,50.00,49.00,49.35,0.60,17,1386500
108/04/19,15000,49.35,49.35,49.10,49.15,0.20,11,738000
108/04/22,5000,49.00,49.00,49.00,49.00,0.15,4,245000
108/04/23,63000,49.90,50.00,49.90,49.90,0.90,29,3149400
108/04/24,5000,49.90,49.90,49.25,49.25,0.65,5,247600
108/04/25,4000,49.40,49.55,49.40,49.55,0.30,4,197900
108/04/26,20000,49.70,49.70,49.55,49.65,0.10,9,991950
108/04/29,7000,50.00,50.00,49.65,49.65,,6,348400
108/04/30,6000,49.65,49.65,49.45,49.45,0.20,5,297100
108/05/02,10000,49.40,49.60,49.20,49.60,0.15,8,493900
108/05/03,29000,49.40,50.00,49.00,50.00,0.40,24,1437200
108/05/06,34018,49.10,49.10,48.80,48.80,1.20,19,1665186
108/05/07,23000,48.85,49.05,48.45,49.00,0.20,15,1123250
108/05/08,30000,48.20,48.50,48.00,48.00,1.00,21,1444350
108/05/09,62010,47.80,48.80,47.00,47.50,0.50,27,2938281
108/05/10,45000,47.00,47.20,46.70,46.80,0.70,21,2110800
108/05/13,10000,47.30,48.00,46.25,47.40,0.60,10,470600
108/05/14,6000,47.40,47.40,47.40,47.40,,3,284400
108/05/15,1000,47.20,47.20,47.20,47.20,0.20,1,47200
108/05/16,11000,47.00,48.00,47.00,47.40,0.20,5,523400
108/05/17,4000,47.20,47.20,47.00,47.00,0.40,4,188200
108/05/20,6000,47.00,47.00,46.70,46.70,0.30,3,281700
108/05/21,48000,46.00,46.45,45.90,45.90,0.80,21,2210050
108/05/22,13000,46.00,47.40,46.00,46.40,0.50,9,601250
108/05/23,6000,46.05,46.05,46.00,46.00,0.40,3,276200
108/05/24,9000,46.00,46.80,45.90,46.80,0.80,5,414500
108/05/27,16000,45.55,48.20,45.55,48.20,1.40,11,731600
108/05/28,16000,46.00,46.50,46.00,46.40,1.80,13,739300
108/05/29,24000,46.40,46.40,45.80,45.80,0.60,17,1101750
108/05/30,10000,46.00,46.10,45.60,46.00,0.20,8,459800
108/05/31,25000,46.00,46.00,45.10,45.95,0.05,17,1141100
108/06/03,0,--,--,--,--,,0,0
108/06/04,51000,45.10,45.65,45.00,45.00,X,29,2300800
108/06/05,24000,45.00,45.00,45.00,45.00,,12,1080000
108/06/06,1000,45.10,45.10,45.10,45.10,0.10,1,45100
108/06/10,0,--,--,--,--,,0,0
108/06/11,6000,45.00,45.50,45.00,45.50,X,4,270500
108/06/12,10000,45.20,45.50,45.20,45.50,,3,452300
108/06/13,5000,46.90,46.90,46.10,46.10,0.60,5,231650
108/06/14,4000,46.10,46.10,46.10,46.10,,4,184400
108/06/17,11000,46.90,47.00,46.80,46.90,0.80,10,516600
108/06/18,14000,47.80,48.00,46.90,47.70,0.80,13,668250
108/06/19,5000,47.80,47.80,47.80,47.80,0.10,5,239000
108/06/20,21000,47.80,48.30,47.80,48.30,0.50,13,1013500
108/06/21,19000,48.70,49.00,48.10,48.50,0.20,15,920250
108/06/24,18000,48.70,48.70,48.65,48.70,0.20,17,876500
108/06/25,5000,48.70,48.75,48.00,48.00,0.70,5,242550
108/06/26,6000,48.45,48.50,48.20,48.20,0.20,6,290400
108/06/27,9000,48.20,48.30,48.00,48.20,,8,433500
108/06/28,6000,48.20,48.30,48.10,48.10,0.10,5,289000
108/07/01,6000,48.00,48.20,48.00,48.20,0.10,3,289000
108/07/02,15030,48.00,48.10,47.95,48.00,0.20,12,722097
108/07/03,6000,48.30,48.30,47.50,48.10,0.10,4,288600
108/07/04,12000,48.10,48.10,47.80,48.00,0.10,9,575250
108/07/05,4000,48.00,48.00,47.90,47.90,0.10,4,191900
108/07/08,6000,47.90,47.90,47.50,47.80,0.10,6,286600
108/07/09,23000,47.80,47.80,47.45,47.45,0.35,21,1096250
108/07/10,86000,44.45,45.90,44.45,44.95,X,68,3863250
108/07/11,129000,45.00,45.05,43.50,43.80,1.15,100,5683350
108/07/12,55000,44.00,44.00,43.40,43.50,0.30,34,2402300
108/07/15,10000,43.90,44.05,43.60,44.05,0.55,10,438300
108/07/16,18000,44.25,44.35,43.95,44.25,0.20,13,793700
108/07/17,109000,44.30,45.00,44.30,45.00,0.75,27,4899900
108/07/18,13000,45.50,45.50,45.00,45.00,,12,586950
108/07/19,16000,45.00,45.00,44.95,45.00,,6,719950
108/07/22,10000,45.00,45.80,45.00,45.05,0.05,8,452850
108/07/23,12000,45.20,45.20,44.20,44.65,0.40,12,535800
108/07/24,112000,44.00,44.00,42.90,43.95,0.70,80,4860250
108/07/25,95000,43.95,43.95,42.40,42.40,1.55,67,4069900
108/07/26,3000,42.80,42.85,42.80,42.85,0.45,3,128500
108/07/29,102000,42.55,43.45,41.50,41.60,1.25,67,4278650
108/07/30,41000,41.70,41.70,41.50,41.50,0.10,28,1704350
108/07/31,90000,42.20,44.60,40.75,41.50,,77,3737850
108/08/01,502000,41.50,42.40,37.35,38.00,3.50,304,19418050
108/08/02,90000,38.00,38.65,37.80,38.65,0.65,68,3446650
108/08/05,35000,38.65,39.30,38.50,39.00,0.35,27,1356500
108/08/06,30000,39.00,39.85,38.00,39.85,0.85,20,1170000
108/08/07,56001,40.40,40.90,39.80,40.85,1.00,38,2259793
108/08/08,28000,41.00,41.20,40.85,41.20,0.35,25,1146850
108/08/12,20000,41.55,41.85,41.00,41.35,0.15,18,827850
108/08/13,7000,41.70,41.75,40.90,40.95,0.40,7,288250
108/08/14,4000,41.30,41.30,40.55,40.95,,4,164100
108/08/15,19000,41.20,41.50,40.60,40.60,0.35,16,779400
108/08/16,32000,41.25,41.25,40.50,41.00,0.40,24,1305050
108/08/19,7000,41.70,41.70,41.20,41.20,0.20,7,289550
108/08/20,55000,41.20,41.20,40.30,41.20,,23,2253700
108/08/21,47000,41.20,41.65,40.90,41.65,0.45,22,1945300
108/08/22,12000,41.15,41.15,41.00,41.00,0.65,8,492950
108/08/23,13000,41.00,41.70,41.00,41.45,0.45,10,537200
108/08/26,8000,40.65,41.10,40.55,40.55,0.90,8,325350
108/08/27,9000,40.95,41.00,40.55,41.00,0.45,8,366000
108/08/28,13000,41.00,41.10,40.85,40.90,0.10,5,532550
108/08/29,8000,40.50,40.80,40.30,40.80,0.10,7,323900
108/08/30,21000,40.80,41.20,40.70,41.00,0.20,11,860300
108/09/02,10000,40.60,41.00,40.60,41.00,,6,406950
108/09/03,6000,41.20,41.20,41.05,41.05,0.05,3,246450
108/09/04,4000,40.60,40.95,40.60,40.95,0.10,4,163100
108/09/05,8000,41.00,41.00,40.65,40.95,,8,327150
108/09/06,621000,40.45,41.00,40.45,41.00,0.05,22,25458650
108/09/09,560000,41.00,41.00,40.60,41.00,,16,22958400
108/09/10,93060,41.95,42.00,41.00,41.10,0.10,20,3835330
108/09/11,31000,41.00,41.20,40.90,40.90,0.20,17,1273450
108/09/12,7000,40.95,40.95,40.80,40.80,0.10,6,285950
108/09/16,20000,41.15,41.20,41.15,41.15,0.35,9,823850
108/09/17,57000,41.15,41.25,41.00,41.15,,29,2338850
108/09/18,14000,41.15,41.15,40.75,40.75,0.40,11,575000
108/09/19,19000,40.60,41.00,40.50,40.55,0.20,15,772350
108/09/20,600000,41.00,41.00,40.50,40.50,0.05,4,24181250
108/09/23,41000,40.10,40.10,39.90,39.90,0.60,15,1639700
108/09/24,13000,39.90,39.90,39.60,39.70,0.20,6,515800
108/09/25,41030,39.55,39.55,39.05,39.30,0.40,24,1617629
108/09/26,42000,39.20,39.20,39.10,39.10,0.20,24,1645050
108/09/27,36000,39.10,39.35,39.10,39.25,0.15,17,1408650
108/10/01,7000,38.80,39.20,38.80,39.10,0.15,5,273300
108/10/02,26000,39.10,39.20,39.00,39.10,,15,1016850
108/10/03,6000,39.20,39.25,39.20,39.25,0.15,5,235250
108/10/04,21000,38.95,39.05,38.95,39.00,0.25,12,818850
108/10/07,33000,41.00,41.00,39.60,40.00,1.00,25,1326800
108/10/08,33000,40.00,41.00,39.70,39.80,0.20,24,1324250
108/10/09,10000,39.60,39.60,39.00,39.10,0.70,8,391000
108/10/14,11000,39.80,40.00,39.75,40.00,0.90,10,438200
108/10/15,9000,39.90,39.95,39.25,39.90,0.10,9,358250
108/10/16,7000,39.90,39.90,39.80,39.90,,7,278950
108/10/17,4000,39.10,39.10,39.00,39.00,0.90,4,156150
108/10/18,4000,39.00,39.05,39.00,39.05,0.05,4,156050
108/10/21,7000,39.00,39.05,39.00,39.00,0.05,5,273100
108/10/22,20000,38.80,38.80,38.75,38.80,0.20,11,775400
108/10/23,11000,38.80,38.90,38.80,38.90,0.10,6,427100
108/10/24,14000,38.60,38.75,38.60,38.70,0.20,10,541200
108/10/25,32000,38.70,38.70,38.55,38.65,0.05,23,1235850
108/10/28,10000,38.95,39.00,38.50,38.70,0.05,8,388100
108/10/29,8000,39.35,39.35,39.00,39.20,0.50,7,313300
108/10/30,3000,39.80,39.80,38.90,39.15,0.05,3,117850
108/10/31,22000,39.15,39.80,39.15,39.50,0.35,17,867150
108/11/01,12000,38.85,39.00,38.85,38.85,0.65,12,466600
108/11/04,84000,38.70,38.70,38.05,38.30,0.55,49,3207750
108/11/05,17000,38.70,38.85,38.20,38.40,0.10,10,653350
108/11/06,5000,38.20,38.35,38.20,38.20,0.20,5,191150
108/11/07,35000,38.10,38.20,37.80,38.00,0.20,21,1328850
108/11/08,47000,38.50,38.50,37.80,37.85,0.15,28,1783050
108/11/11,24000,37.80,37.80,37.35,37.60,0.25,20,902100
108/11/12,47000,37.55,37.95,37.35,37.60,,30,1766450
108/11/13,23000,37.50,37.50,37.40,37.45,0.15,10,860500
108/11/14,106000,37.00,37.00,36.40,36.50,0.95,59,3888100
108/11/15,36000,36.45,36.55,36.45,36.50,,21,1315100
108/11/18,42000,37.00,37.00,36.35,36.50,,28,1536300
108/11/19,25000,36.70,36.70,36.50,36.50,,13,913850
108/11/20,64000,36.95,36.95,36.35,36.60,0.10,24,2339000
108/11/21,7000,36.60,36.60,36.40,36.40,0.20,6,255400
108/11/22,10000,36.60,36.60,36.40,36.50,0.10,10,365000
108/11/25,18000,36.60,36.60,36.40,36.40,0.10,14,656950
108/11/26,10000,36.50,36.60,36.20,36.40,,9,363650
108/11/27,29000,36.05,36.30,36.00,36.25,0.15,20,1046650
108/11/28,17000,36.15,36.15,36.10,36.10,0.15,10,614100
108/11/29,32000,36.20,36.30,36.10,36.10,,19,1156650
108/12/02,33000,36.10,36.10,35.80,35.80,0.30,20,1184400
108/12/03,31000,35.25,35.70,35.25,35.60,0.20,23,1102250
108/12/04,7000,35.80,35.80,35.60,35.80,0.20,7,250200
108/12/05,72000,35.50,36.15,35.40,35.80,,41,2562150
108/12/06,28000,35.80,36.00,35.60,35.80,,18,1004050
108/12/09,47000,36.00,36.50,36.00,36.00,0.20,25,1697750
108/12/10,30000,35.80,36.50,35.80,36.40,0.40,20,1087050
108/12/11,107000,36.50,37.95,36.40,37.00,0.60,77,3959250
108/12/12,125000,37.10,38.10,37.00,37.95,0.95,67,4700450
108/12/13,90000,37.95,38.30,37.00,37.00,0.95,63,3376300
108/12/16,37000,37.20,37.25,37.00,37.25,0.25,22,1375200
108/12/17,67000,37.30,37.55,37.30,37.40,0.15,40,2505000
108/12/18,27000,37.50,37.50,37.35,37.35,0.05,6,1009650
108/12/19,17000,37.35,37.35,37.10,37.15,0.20,10,632250
108/12/20,33000,37.15,37.20,37.10,37.10,0.05,19,1225250
108/12/23,21000,37.15,37.20,36.90,36.95,0.15,14,777850
108/12/24,21000,37.00,37.00,36.80,36.90,0.05,14,774800
108/12/25,50000,36.90,37.10,36.80,37.00,0.10,28,1845400
108/12/26,30000,37.00,37.20,37.00,37.15,0.15,19,1113050
108/12/27,24000,37.10,37.10,36.75,36.75,0.40,19,883800
108/12/30,45000,36.90,37.00,36.70,37.00,0.25,26,1658650
108/12/31,24000,37.00,37.15,36.60,36.60,0.40,20,885600
109/01/02,47000,36.60,37.35,36.60,37.00,0.40,30,1737800
109/01/03,60000,37.00,37.45,37.00,37.05,0.05,33,2223400
109/01/06,27000,37.05,37.45,37.05,37.40,0.35,18,1006500
109/01/07,26000,37.40,37.40,37.00,37.00,0.40,21,967450
109/01/08,5000,36.90,37.00,36.90,37.00,,3,184900
109/01/09,61000,37.00,37.50,37.00,37.15,0.15,49,2273050
109/01/10,111000,37.15,38.50,37.15,38.05,0.90,74,4200800
109/01/13,36000,38.00,38.05,37.60,37.70,0.35,29,1358450
109/01/14,13000,37.35,37.95,37.35,37.65,0.05,10,490950
109/01/15,32000,37.55,37.85,37.55,37.70,0.05,27,1206150
109/01/16,34000,37.75,37.75,37.15,37.30,0.40,27,1271350
109/01/17,14000,37.55,37.55,37.40,37.50,0.20,10,524950
109/01/20,47000,37.55,38.60,37.50,37.60,0.10,37,1771800
109/01/30,116000,37.00,37.00,35.35,36.05,1.55,60,4158450
109/01/31,59000,34.80,36.50,34.80,36.05,,41,2113500
