﻿鋐寶科技,	6674
日期,成交股數,開盤價,最高價,最低價,收盤價,漲跌價差,成交筆數,成交金額
107/11/28,4781592,31.95,39.95,31.30,39.00,X,2282,161195530
107/11/29,4259222,37.50,41.00,37.50,39.10,0.10,2316,165371172
107/11/30,3611160,39.00,42.80,38.55,42.80,3.70,1922,145283878
107/12/03,4077780,45.10,52.00,43.45,50.60,7.80,2432,184685087
107/12/04,2121492,47.80,49.95,45.90,46.00,4.60,1641,101469252
107/12/05,1024051,44.25,46.60,43.25,45.40,0.60,742,46138415
107/12/06,1130325,44.90,45.30,40.90,41.10,4.30,809,47918890
107/12/07,1683000,41.00,45.20,41.00,45.20,4.10,1013,74357500
107/12/10,1472200,42.20,42.90,41.10,41.55,3.65,943,61552760
107/12/11,819874,41.40,41.50,39.10,39.65,1.90,583,33193560
107/12/12,660034,40.00,41.65,40.00,41.15,1.50,467,27094311
107/12/13,1331540,41.10,44.90,39.50,44.50,3.35,962,56547829
107/12/14,3014765,45.15,48.85,44.70,47.05,2.55,2008,140767040
107/12/17,1092100,47.00,47.05,45.00,45.20,1.85,727,50168330
107/12/18,650100,44.00,46.25,42.10,43.30,1.90,509,28608400
107/12/19,451100,43.80,44.40,41.80,42.00,1.30,357,19256310
107/12/20,339750,42.20,42.20,40.80,41.30,0.70,261,14083936
107/12/21,358020,40.80,43.00,40.50,42.95,1.65,281,15052711
107/12/22,160000,41.70,42.30,41.50,41.60,1.35,144,6672500
107/12/24,310190,42.00,43.60,41.00,42.50,0.90,211,13165875
107/12/25,266030,41.20,42.00,41.00,41.20,1.30,197,10979795
107/12/26,298130,41.50,42.00,40.55,41.20,,237,12228225
107/12/27,712000,43.00,43.20,42.10,43.15,1.95,495,30430750
107/12/28,1664048,44.15,47.35,43.75,45.90,2.75,1171,75764908
108/01/02,627000,44.95,45.00,43.60,43.85,2.05,501,27718100
108/01/03,327643,43.40,44.50,43.30,43.30,0.55,255,14309613
108/01/04,325500,43.00,43.00,41.50,42.10,1.20,248,13669424
108/01/07,272150,43.00,43.20,42.20,42.20,0.10,215,11608087
108/01/08,216030,42.90,42.95,41.70,41.85,0.35,166,9068575
108/01/09,212000,42.00,42.90,41.80,42.00,0.15,164,8931550
108/01/10,326000,42.00,42.05,41.20,41.20,0.80,182,13533000
108/01/11,349000,41.50,41.70,40.00,40.25,0.95,250,14246800
108/01/14,109200,41.20,41.20,40.15,40.30,0.05,93,4414390
108/01/15,140200,40.70,40.70,40.15,40.50,0.20,99,5662920
108/01/16,250245,40.20,40.40,39.60,39.80,0.70,186,9988875
108/01/17,240000,40.10,40.35,39.00,39.05,0.75,183,9454150
108/01/18,240002,39.10,39.15,38.00,38.30,0.75,188,9194733
108/01/21,259000,38.90,38.90,37.05,37.30,1.00,206,9700850
108/01/22,457200,37.05,40.05,37.05,39.20,1.90,371,17915460
108/01/23,212000,39.00,39.00,37.30,38.30,0.90,170,8115950
108/01/28,146000,39.30,39.55,38.60,38.60,0.30,110,5704250
108/01/29,81000,38.75,38.85,38.05,38.20,0.40,68,3099000
108/01/30,114310,38.20,38.40,38.10,38.20,,68,4369311
108/02/11,56333,38.20,38.45,38.20,38.40,0.20,37,2155670
108/02/12,88000,38.45,38.95,38.10,38.10,0.30,75,3390800
108/02/13,107100,38.60,38.85,38.45,38.80,0.70,84,4142125
108/02/14,666500,38.40,41.80,38.20,41.65,2.85,502,27074750
108/02/15,734010,42.00,42.00,40.50,40.80,0.85,501,30370998
108/02/18,137010,41.00,41.00,40.00,40.15,0.65,114,5532098
108/02/19,93000,40.50,40.70,40.10,40.15,,80,3750750
108/02/20,164000,40.20,40.80,40.20,40.45,0.30,129,6618100
108/02/21,135000,40.45,40.45,39.90,40.00,0.45,101,5402250
108/02/22,246010,40.00,40.00,39.10,39.20,0.80,153,9679342
108/02/25,237435,39.40,40.55,39.40,40.55,1.35,201,9535017
108/02/26,128202,40.50,40.50,39.60,39.70,0.85,104,5106219
108/02/27,159000,39.45,39.45,38.50,38.90,0.80,116,6195300
108/03/04,197000,39.00,39.70,37.80,38.40,0.50,145,7543150
108/03/05,48000,38.10,38.45,38.10,38.30,0.10,41,1841700
108/03/06,78000,38.25,38.55,38.20,38.40,0.10,57,2986550
108/03/07,127000,38.55,38.55,37.30,37.40,1.00,104,4801300
108/03/08,57415,37.95,37.95,37.10,37.90,0.50,52,2156927
108/03/11,58000,37.80,38.20,37.50,37.80,0.10,44,2191250
108/03/12,71020,38.00,38.00,37.55,37.70,0.10,64,2678010
108/03/13,64000,37.30,37.60,37.30,37.50,0.20,45,2394400
108/03/14,61020,37.50,37.70,37.50,37.60,0.10,40,2293651
108/03/15,66600,38.00,38.00,37.55,37.65,0.05,61,2512009
108/03/18,39133,37.70,37.70,37.50,37.60,0.05,34,1470270
108/03/19,180000,37.60,38.80,37.60,38.60,1.00,122,6896050
108/03/20,84000,38.80,38.80,37.85,38.10,0.50,66,3206300
108/03/21,107167,37.90,38.00,37.65,37.80,0.30,75,4046229
108/03/22,111078,37.75,37.75,37.40,37.40,0.40,80,4167388
108/03/25,88000,37.00,37.00,36.10,36.30,1.10,73,3211950
108/03/26,40064,36.30,36.60,36.30,36.45,0.15,41,1459768
108/03/27,34215,36.50,36.70,36.45,36.45,,31,1250686
108/03/28,81128,36.30,36.40,35.30,35.60,0.85,71,2923626
108/03/29,81000,36.10,36.10,35.00,35.70,0.10,68,2857200
108/04/01,92000,35.90,37.50,35.90,35.90,0.20,74,3345300
108/04/02,42030,35.65,36.45,35.65,35.90,,26,1509927
108/04/03,84000,35.90,36.30,35.75,36.20,0.30,53,3020750
108/04/08,70200,36.20,36.60,36.20,36.60,0.40,56,2561000
108/04/09,67000,36.55,36.95,36.20,36.80,0.20,56,2445050
108/04/10,51100,36.80,36.80,36.10,36.55,0.25,37,1856495
108/04/11,89000,36.30,36.90,36.10,36.90,0.35,62,3244000
108/04/12,72000,36.30,37.00,36.20,36.85,0.05,56,2638100
108/04/15,423681,37.45,39.40,36.75,39.40,2.55,285,16104196
108/04/16,918230,39.70,41.10,39.40,40.50,1.10,670,37067203
108/04/17,298000,39.65,40.25,39.10,39.20,1.30,234,11762250
108/04/18,252000,39.05,39.05,37.60,37.70,1.50,163,9686300
108/04/19,93000,37.90,38.55,37.75,38.00,0.30,72,3538250
108/04/22,88029,38.00,38.40,37.90,38.00,,65,3350252
108/04/23,102180,38.50,38.65,37.50,37.50,0.50,79,3868291
108/04/24,34000,37.50,37.60,37.05,37.50,,29,1271550
108/04/25,68100,37.60,38.05,37.60,37.65,0.15,58,2583910
108/04/26,44000,37.65,37.65,37.05,37.25,0.40,39,1634200
108/04/29,78000,37.25,37.25,36.00,36.65,0.60,62,2844650
108/04/30,42000,36.20,36.50,36.15,36.45,0.20,26,1527150
108/05/02,55000,36.20,36.50,36.20,36.30,0.15,30,1993950
108/05/03,68000,36.50,37.70,36.50,37.10,0.80,51,2526000
108/05/06,71000,37.10,37.20,36.30,36.40,0.70,51,2612000
108/05/07,49000,36.40,36.60,36.35,36.35,0.05,27,1785100
108/05/08,89000,35.80,36.05,35.45,35.70,0.65,69,3169900
108/05/09,112000,35.50,35.50,34.05,34.10,1.60,84,3892000
108/05/10,56000,34.10,35.00,33.20,33.70,0.40,48,1911350
108/05/13,116053,32.75,33.45,31.40,31.40,2.30,77,3725864
108/05/14,83000,32.10,32.10,31.40,32.00,0.60,47,2645200
108/05/15,68010,32.00,32.50,31.80,32.05,0.05,43,2186122
108/05/16,33100,32.60,32.60,31.80,31.80,0.25,31,1064445
108/05/17,29000,31.90,31.90,30.60,31.40,0.40,27,906800
108/05/20,46000,30.15,31.85,30.15,30.50,0.90,39,1407150
108/05/21,74000,30.00,30.80,30.00,30.30,0.20,62,2236450
108/05/22,52000,29.40,30.80,29.40,30.00,0.30,38,1575200
108/05/23,13000,30.30,30.30,29.65,29.65,0.35,12,388500
108/05/24,45000,29.90,30.00,29.60,29.60,0.05,33,1341050
108/05/27,10010,29.70,29.70,29.50,29.60,,11,296445
108/05/28,29000,29.10,30.25,29.10,29.60,,22,866450
108/05/29,30000,29.60,29.60,29.35,29.40,0.20,24,883100
108/05/30,30000,29.95,29.95,29.40,29.45,0.05,27,890850
108/05/31,36000,29.50,30.10,29.50,30.00,0.55,29,1076950
108/06/03,26000,29.50,29.75,29.50,29.50,0.50,14,767750
108/06/04,20000,29.70,29.70,29.35,29.40,0.10,16,588350
108/06/05,62000,30.10,30.30,29.90,29.95,0.55,50,1867050
108/06/06,34000,30.10,30.45,29.60,29.65,0.30,27,1024350
108/06/10,10000,30.35,30.35,29.70,29.75,0.10,9,298200
108/06/11,29000,29.80,30.50,29.80,29.90,0.15,26,870750
108/06/12,41000,31.20,31.20,29.90,30.00,0.10,38,1240200
108/06/13,17000,30.85,30.85,30.05,30.05,0.05,13,512350
108/06/14,25045,30.20,30.50,30.00,30.00,0.05,20,754329
108/06/17,15000,29.95,29.95,29.60,29.60,0.40,15,445550
108/06/18,27000,29.80,29.80,29.35,29.35,0.25,18,798300
108/06/19,31000,29.35,30.00,29.35,29.55,0.20,26,919450
108/06/20,37000,29.45,29.75,29.40,29.70,0.15,30,1094350
108/06/21,55000,29.95,30.40,29.90,29.90,0.20,50,1655850
108/06/24,37000,30.15,30.30,30.10,30.10,0.20,29,1117250
108/06/25,28046,30.00,30.05,29.65,29.75,0.35,25,838407
108/06/26,15000,29.70,29.80,29.70,29.80,0.05,12,446300
108/06/27,21000,29.80,30.00,29.80,30.00,0.20,16,628050
108/06/28,32000,29.90,29.95,29.55,29.95,0.05,20,952500
108/07/01,43000,30.30,30.50,30.10,30.10,0.15,37,1302950
108/07/02,33046,30.10,30.45,30.05,30.45,0.35,30,999366
108/07/03,18000,30.30,30.45,30.05,30.10,0.35,13,543300
108/07/04,38000,30.25,30.45,30.10,30.45,0.35,24,1148400
108/07/05,60000,30.45,30.50,30.05,30.50,0.05,39,1819150
108/07/08,46000,31.00,31.10,30.30,30.70,0.20,38,1418600
108/07/09,20000,30.70,30.70,30.20,30.20,0.50,16,606800
108/07/10,66000,30.20,31.00,30.10,31.00,0.80,46,2010050
108/07/11,73000,31.10,31.10,30.40,30.85,0.15,45,2238500
108/07/12,23000,30.60,30.80,30.50,30.65,0.20,19,704100
108/07/15,45000,30.65,30.65,30.30,30.30,0.35,28,1368000
108/07/16,30000,30.40,30.55,30.25,30.55,0.25,22,911300
108/07/17,36000,30.75,30.80,30.30,30.80,0.25,26,1099050
108/07/18,34000,30.80,30.80,30.50,30.70,0.10,28,1042350
108/07/19,52000,30.80,30.95,30.80,30.95,0.25,39,1605650
108/07/22,472000,31.20,34.00,31.20,33.10,2.15,315,15917250
108/07/23,282100,32.65,32.95,31.70,32.00,1.10,211,9145655
108/07/24,215050,32.00,33.75,32.00,33.35,1.35,175,7153717
108/07/25,204000,33.80,34.90,33.70,34.50,1.15,165,7031450
108/07/26,399000,35.90,37.00,35.90,36.20,1.70,318,14514000
108/07/29,204200,37.00,37.00,33.75,35.10,1.10,156,7269760
108/07/30,104000,35.20,35.50,33.85,34.05,1.05,79,3551350
108/07/31,231090,34.15,36.10,34.05,34.70,0.65,171,8073118
108/08/01,32000,34.70,35.00,34.60,34.70,,30,1113600
108/08/02,172000,32.30,34.60,32.30,34.15,0.55,95,5657150
108/08/05,52000,33.30,34.10,32.60,33.25,0.90,47,1726000
108/08/06,42000,32.30,32.80,32.20,32.50,0.75,31,1362100
108/08/07,58050,32.70,32.80,32.50,32.50,,40,1893772
108/08/08,38000,33.00,33.20,32.55,32.65,0.15,25,1250000
108/08/12,35050,32.50,33.60,32.50,33.50,0.85,29,1168375
108/08/13,38000,33.50,33.50,32.10,32.80,0.70,30,1238600
108/08/14,27000,33.70,33.90,32.70,32.70,0.10,25,891500
108/08/15,23000,33.80,33.80,32.35,32.50,0.20,21,752550
108/08/16,31000,32.40,32.50,32.15,32.25,0.25,26,999500
108/08/19,77000,32.20,32.20,31.55,31.70,0.55,58,2451450
108/08/20,47000,31.80,31.80,31.30,31.30,0.40,40,1483300
108/08/21,71000,31.20,32.50,31.20,32.30,1.00,62,2259250
108/08/22,46000,32.50,33.00,32.00,32.60,0.30,38,1497500
108/08/23,13000,32.90,32.90,32.50,32.85,0.25,12,426450
108/08/26,19000,31.80,32.50,31.80,32.00,0.85,18,607850
108/08/27,76050,32.10,32.30,31.85,32.00,,53,2436610
108/08/28,34000,30.30,30.50,30.25,30.30,X,26,1031450
108/08/29,46000,30.00,30.20,29.95,29.95,0.35,33,1381950
108/08/30,69000,30.00,30.50,30.00,30.00,0.05,50,2080750
108/09/02,34000,30.05,30.25,30.00,30.20,0.20,23,1022250
108/09/03,33100,30.00,30.25,30.00,30.25,0.05,33,995700
108/09/04,36300,30.25,30.25,30.00,30.05,0.20,25,1092765
108/09/05,57000,30.20,30.50,30.00,30.40,0.35,38,1717800
108/09/06,17000,30.40,30.40,30.20,30.40,,15,515200
108/09/09,47000,30.20,30.25,29.80,30.25,0.15,36,1411400
108/09/10,27000,30.05,30.05,29.90,29.90,0.35,20,809550
108/09/11,34000,30.05,30.05,29.75,29.85,0.05,28,1014550
108/09/12,27000,29.85,29.85,29.60,29.65,0.20,21,800150
108/09/16,33000,29.65,29.95,29.60,29.90,0.25,21,978900
108/09/17,75000,29.50,29.50,29.00,29.25,0.65,53,2191100
108/09/18,29495,29.20,29.30,29.15,29.30,0.05,29,862303
108/09/19,18300,29.30,29.30,29.10,29.30,,19,533290
108/09/20,18005,29.05,29.40,29.00,29.20,0.10,16,525146
108/09/23,11000,29.20,29.70,29.20,29.50,0.30,11,324600
108/09/24,62000,29.60,30.20,29.60,30.20,0.70,48,1861650
108/09/25,17000,30.30,30.30,29.65,29.65,0.55,16,508600
108/09/26,42165,29.65,29.65,29.40,29.65,,27,1246392
108/09/27,37000,29.40,29.45,29.05,29.30,0.35,36,1079000
108/10/01,16100,29.65,29.65,29.05,29.45,0.15,16,472175
108/10/02,10000,29.40,29.40,29.10,29.20,0.25,10,292000
108/10/03,14000,29.20,29.20,29.00,29.10,0.10,14,406900
108/10/04,23000,29.10,29.10,29.05,29.05,0.05,21,668650
108/10/07,42300,29.20,29.30,29.00,29.20,0.15,32,1235500
108/10/08,23000,29.20,29.20,29.00,29.00,0.20,16,667900
108/10/09,5500,28.90,29.00,28.90,29.00,,5,159150
108/10/14,134650,29.00,29.00,27.05,27.40,1.60,105,3722390
108/10/15,22000,27.40,27.40,27.10,27.15,0.25,22,597900
108/10/16,31000,27.15,27.30,27.10,27.30,0.15,25,841200
108/10/17,27005,27.30,27.35,27.20,27.20,0.10,19,736086
108/10/18,75000,27.20,29.00,27.10,28.40,1.20,61,2088750
108/10/21,242505,31.20,31.20,31.20,31.20,2.80,127,7566154
108/10/22,987335,33.90,34.00,32.40,32.55,1.35,670,32820437
108/10/23,281250,32.55,33.00,31.30,32.30,0.25,219,9000962
108/10/24,151000,32.50,32.50,31.50,31.60,0.70,105,4790450
108/10/25,139000,31.55,31.55,30.80,31.10,0.50,99,4311400
108/10/28,91000,31.00,31.00,30.05,30.25,0.85,72,2776550
108/10/29,42080,30.25,30.75,30.10,30.40,0.15,37,1275382
108/10/30,30000,30.45,30.80,30.10,30.30,0.10,26,911250
108/10/31,33000,30.15,30.20,29.60,29.60,0.70,32,982500
108/11/01,29000,29.70,30.10,29.60,29.65,0.05,23,862200
108/11/04,42300,29.95,30.10,29.65,30.00,0.35,35,1265590
108/11/05,48000,30.40,30.40,29.90,30.15,0.15,31,1443450
108/11/06,72000,29.85,30.10,29.80,29.80,0.35,33,2155500
108/11/07,45420,29.85,29.90,29.70,29.90,0.10,18,1353374
108/11/08,29000,30.30,30.30,29.95,30.10,0.20,23,871250
108/11/11,40000,30.00,30.00,29.40,29.50,0.60,31,1184600
108/11/12,35000,29.40,29.80,29.15,29.45,0.05,27,1031050
108/11/13,38030,29.45,29.65,29.45,29.65,0.20,27,1121633
108/11/14,22000,29.85,29.85,29.05,29.40,0.25,17,643700
108/11/15,14000,28.90,29.10,28.90,29.10,0.30,11,405800
108/11/18,23000,29.00,29.20,28.90,29.00,0.10,18,666600
108/11/19,20000,29.00,29.20,29.00,29.20,0.20,13,580300
108/11/20,12000,29.25,29.50,29.20,29.45,0.25,12,351950
108/11/21,44000,29.50,30.35,29.50,29.90,0.45,42,1316450
108/11/22,16000,29.90,29.95,29.25,29.90,,11,476100
108/11/25,27000,30.10,30.10,29.25,29.85,0.05,22,796100
108/11/26,13000,29.90,29.90,29.30,29.30,0.55,12,383450
108/11/27,39000,29.20,29.20,29.00,29.00,0.30,35,1135600
108/11/28,31000,29.70,29.70,29.10,29.10,0.10,20,910000
108/11/29,20000,29.10,29.50,29.10,29.10,,19,583650
