﻿匯僑設計,	6754
日期,成交股數,開盤價,最高價,最低價,收盤價,漲跌價差,成交筆數,成交金額
109/08/25,1262507,60.90,60.90,54.00,56.50,X,965,72637345
109/08/26,838960,56.60,56.80,51.20,51.70,4.80,613,44820083
109/08/27,384500,51.70,52.50,50.10,51.40,0.30,295,19677399
109/08/28,271500,51.10,51.50,50.40,51.50,0.10,177,13865850
109/08/31,205130,51.50,51.90,51.30,51.60,0.10,132,10588921
109/09/01,273156,51.40,51.80,51.00,51.50,0.10,131,14007348
109/09/02,196567,51.50,51.50,50.60,51.00,0.50,108,9999646
109/09/03,203402,51.20,51.30,50.90,51.00,0.00,106,10381242
109/09/04,191280,49.50,50.50,49.00,50.50,0.50,104,9548456
109/09/07,201100,50.30,50.60,50.00,50.60,0.10,98,10104760
109/09/08,87070,50.50,51.40,50.50,51.40,0.80,58,4442798
109/09/09,192120,51.50,54.50,51.50,53.20,1.80,155,10110683
109/09/10,150030,53.70,53.70,52.70,53.00,0.20,100,7948090
109/09/11,142010,52.80,52.90,52.00,52.40,0.60,86,7467424
109/09/14,153200,52.00,52.50,51.70,52.50,0.10,66,7972460
109/09/15,59100,52.90,53.20,52.80,52.80,0.30,36,3128760
109/09/16,109100,53.40,53.40,52.00,52.00,0.80,54,5713200
109/09/17,82000,52.00,52.40,51.40,51.50,0.50,39,4237900
109/09/18,132030,51.40,51.70,51.30,51.30,0.20,58,6803645
109/09/21,128700,51.30,51.50,49.60,49.75,1.55,72,6558530
109/09/22,150387,49.10,49.10,47.30,47.30,2.45,119,7179782
109/09/23,124151,47.30,47.30,45.65,45.95,1.35,104,5721946
109/09/24,193000,45.90,45.90,44.30,44.65,1.30,132,8659300
109/09/25,89110,44.65,45.75,44.00,44.55,0.10,77,4009692
109/09/28,79000,44.60,44.65,43.05,43.95,0.60,72,3442500
109/09/29,53000,43.90,44.10,42.85,42.85,1.10,48,2299550
109/09/30,65000,42.85,43.00,42.35,42.55,0.30,57,2767000
109/10/05,92000,42.80,42.80,41.50,41.65,0.90,80,3836800
109/10/06,68170,41.85,43.80,41.85,43.80,2.15,68,2934696
109/10/07,73450,43.75,43.75,43.00,43.35,0.45,64,3177357
109/10/08,37003,43.10,43.35,42.85,43.10,0.25,37,1593138
109/10/12,97380,42.95,42.95,40.85,40.90,2.20,81,4029430
109/10/13,44000,41.00,41.05,40.70,40.90,0.00,34,1797250
109/10/14,20000,41.00,41.65,41.00,41.45,0.55,14,828950
109/10/15,21000,41.50,41.65,41.15,41.15,0.30,20,867950
109/10/16,35000,41.15,41.25,40.60,40.60,0.55,25,1432050
109/10/19,66000,40.60,41.05,40.55,41.00,0.40,36,2686000
109/10/20,39000,41.00,41.75,41.00,41.25,0.25,29,1611850
109/10/21,24000,41.35,41.75,41.30,41.50,0.25,20,994700
109/10/22,46000,41.60,41.65,41.40,41.50,0.00,38,1909900
109/10/23,20000,41.50,41.85,41.45,41.60,0.10,19,831250
109/10/26,45200,41.65,41.70,41.50,41.50,0.10,32,1881470
109/10/27,57415,40.30,41.50,40.30,41.25,0.25,48,2355917
109/10/28,82000,41.10,41.40,40.65,40.80,0.45,43,3367150
109/10/29,33000,40.40,40.80,40.40,40.80,0.00,27,1342000
109/10/30,40000,40.40,40.90,40.40,40.55,0.25,29,1629300
109/11/02,30000,40.45,40.60,40.40,40.40,0.15,25,1214800
109/11/03,18239,40.80,41.00,40.50,40.50,0.10,16,741455
109/11/04,33030,40.55,40.70,40.45,40.65,0.15,25,1337822
109/11/05,14111,41.20,41.20,40.70,40.70,0.05,18,576300
109/11/06,15235,40.75,40.85,40.70,40.70,0.00,14,621649
109/11/09,53000,41.00,42.15,41.00,41.30,0.60,45,2204300
109/11/10,40000,41.90,41.90,41.00,41.00,0.30,31,1656950
109/11/11,25000,40.95,41.00,40.60,40.80,0.20,20,1020500
109/11/12,117000,41.00,41.05,40.70,40.80,0.00,41,4776500
109/11/13,140000,40.90,41.80,40.80,41.40,0.60,57,5748800
109/11/16,85000,41.35,41.40,41.20,41.40,0.00,44,3510600
109/11/17,114000,42.65,42.65,41.60,41.65,0.25,59,4753050
109/11/18,260900,41.75,42.20,41.75,42.05,0.40,105,10947930
109/11/19,185325,42.30,43.00,42.30,42.70,0.65,105,7913812
109/11/20,174075,43.10,45.15,43.10,44.55,1.85,139,7699137
109/11/23,163507,44.95,44.95,43.50,43.60,0.95,127,7223705
109/11/24,98100,43.55,44.15,43.55,43.90,0.30,89,4313550
109/11/25,74003,44.10,44.10,43.75,43.75,0.15,57,3248685
109/11/26,74319,43.75,43.95,43.75,43.90,0.15,62,3262322
109/11/27,252000,43.85,44.80,43.85,44.50,0.60,135,11145450
109/11/30,131029,45.10,45.10,44.20,44.30,0.20,127,5854189
109/12/01,136235,44.90,44.90,43.80,44.30,0.00,133,6043640
109/12/02,103002,44.50,44.50,43.85,43.85,0.45,97,4555087
109/12/03,110101,44.00,44.00,43.40,43.60,0.25,55,4806123
109/12/04,155423,43.70,43.70,41.95,43.00,0.60,117,6590406
109/12/07,99202,43.00,43.00,42.10,42.15,0.85,50,4221883
109/12/08,119390,42.45,42.45,41.80,42.30,0.15,49,5019430
109/12/09,70002,42.35,42.50,42.15,42.25,0.05,27,2967984
109/12/10,135000,42.90,42.90,41.80,42.30,0.05,47,5683600
109/12/11,44200,42.25,42.25,41.55,42.05,0.25,35,1846744
109/12/14,253001,41.55,42.10,41.50,41.80,0.25,64,10597641
109/12/15,38060,41.75,41.75,41.40,41.40,0.40,30,1579528
109/12/16,328235,41.50,42.00,41.45,41.95,0.55,64,13632195
109/12/17,21000,42.45,42.45,41.80,42.00,0.05,18,882250
109/12/18,20001,42.25,42.25,41.60,41.60,0.40,21,834741
109/12/21,20201,41.85,41.85,41.00,41.60,0.00,20,833051
109/12/22,30341,41.60,41.60,40.80,40.80,0.80,26,1243760
109/12/23,32030,41.20,41.25,40.10,41.25,0.45,29,1294187
109/12/24,43000,41.45,41.60,40.70,41.60,0.35,34,1773900
109/12/25,16001,41.70,41.70,41.00,41.05,0.55,12,659391
109/12/28,41010,41.35,41.35,40.85,41.15,0.10,33,1679861
109/12/29,85068,41.10,41.10,40.70,40.95,0.20,44,3470283
109/12/30,14110,41.10,41.10,40.70,40.85,0.10,15,575487
109/12/31,24000,41.35,41.35,40.85,41.25,0.40,19,985850
110/01/04,74070,41.20,41.20,40.80,40.80,0.45,36,3033384
110/01/05,27030,40.80,40.80,40.65,40.70,0.10,24,1101330
110/01/06,41050,41.25,41.25,40.65,40.65,0.05,27,1673450
110/01/07,22040,40.65,40.70,40.40,40.70,0.05,19,893879
110/01/08,39051,41.05,41.05,40.50,40.50,0.20,27,1585475
110/01/11,90000,40.30,40.30,39.50,39.70,0.80,60,3583600
110/01/12,80025,39.65,39.85,39.30,39.45,0.25,45,3161587
110/01/13,45000,39.45,40.60,39.45,40.60,1.15,35,1788000
110/01/14,23000,39.95,39.95,39.85,39.90,0.70,14,917550
110/01/15,23000,39.90,40.00,39.60,40.00,0.10,17,916600
110/01/18,6078,39.60,39.60,39.60,39.60,0.40,6,240610
110/01/19,41325,39.50,39.55,39.40,39.40,0.20,21,1631408
110/01/20,90236,39.35,39.35,38.20,38.50,0.90,61,3472464
110/01/21,31030,38.50,38.50,38.35,38.45,0.05,25,1191852
110/01/22,57000,38.40,38.50,38.25,38.50,0.05,33,2192150
110/01/25,41000,38.70,38.85,38.60,38.85,0.35,39,1587150
110/01/26,61000,38.85,39.50,38.70,38.85,0.00,58,2379750
110/01/27,51000,39.00,39.45,39.00,39.30,0.45,48,2004550
110/01/28,43000,39.30,39.30,38.80,39.00,0.30,38,1682100
110/01/29,108000,38.95,39.65,38.95,39.00,0.00,84,4242200
110/02/01,36000,39.35,39.40,38.80,39.15,0.15,34,1408050
110/02/02,21000,39.25,39.50,39.25,39.35,0.20,20,826750
110/02/03,48000,39.25,39.90,39.25,39.80,0.45,37,1908650
110/02/04,52000,39.60,40.10,39.60,39.90,0.10,49,2077350
110/02/05,148000,40.55,40.80,40.00,40.70,0.80,115,5991300
110/02/17,71000,40.70,41.20,40.70,41.10,0.40,62,2907350
110/02/18,60001,41.00,42.20,41.00,42.10,1.00,56,2499492
110/02/19,83100,42.00,42.15,41.50,42.15,0.05,82,3477710
110/02/22,63510,42.15,42.45,42.15,42.40,0.25,54,2684871
110/02/23,135071,42.30,42.65,42.30,42.65,0.25,118,5736946
110/02/24,105000,42.50,42.65,42.40,42.65,0.00,103,4464950
110/02/25,90000,42.70,43.10,42.70,42.90,0.25,87,3862950
110/02/26,85000,42.85,42.85,42.30,42.35,0.55,82,3617850
110/03/02,167380,42.35,42.65,42.35,42.60,0.25,140,7117465
110/03/03,88000,42.55,42.75,42.40,42.75,0.15,61,3744150
110/03/04,77000,42.55,42.65,42.45,42.55,0.20,66,3277050
110/03/05,78000,42.65,42.65,42.40,42.60,0.05,67,3319200
110/03/08,632100,42.70,43.55,42.55,43.00,0.40,117,26997150
110/03/09,59000,42.80,43.00,42.70,42.90,0.10,46,2531400
110/03/10,75164,42.70,43.05,42.70,43.00,0.10,57,3230537
110/03/11,167006,43.00,43.75,43.00,43.65,0.65,127,7257508
110/03/12,181773,43.70,44.60,43.70,44.40,0.75,127,8027375
110/03/15,106070,44.45,44.80,44.20,44.80,0.40,101,4738636
110/03/16,332047,44.80,44.90,44.50,44.60,0.20,93,14858146
110/03/17,194531,44.50,44.65,43.80,44.00,0.60,134,8616464
110/03/18,102035,44.00,44.30,44.00,44.20,0.20,57,4507224
110/03/19,139123,44.25,44.25,43.60,44.00,0.20,87,6126582
110/03/22,81000,44.20,44.25,43.70,44.15,0.15,64,3569450
110/03/23,67000,44.30,44.30,43.70,44.15,0.00,56,2953550
110/03/24,118061,44.20,44.20,43.40,44.15,0.00,88,5167843
110/03/25,69000,44.15,44.20,43.75,43.90,0.25,55,3035000
110/03/26,112000,44.20,44.40,44.10,44.35,0.45,63,4959550
110/03/29,118001,44.50,44.60,44.25,44.50,0.15,72,5242894
110/03/30,182636,45.00,45.90,44.90,45.85,1.35,163,8299385
110/03/31,95050,45.85,46.10,45.85,46.10,0.25,79,4364242
110/04/01,117001,46.20,47.00,46.20,47.00,0.90,97,5446795
110/04/06,130236,47.20,47.60,46.60,47.20,0.20,111,6145220
110/04/07,103004,47.20,47.30,46.65,47.20,0.00,82,4839493
110/04/08,106004,47.20,47.20,46.75,47.20,0.00,70,4982838
110/04/09,93002,47.50,47.85,47.15,47.25,0.05,79,4418444
110/04/12,114820,47.60,48.00,47.30,47.75,0.50,80,5474180
110/04/13,108000,47.80,48.00,47.60,47.80,0.05,72,5170300
110/04/14,145000,47.80,48.00,46.00,47.00,0.80,97,6835550
110/04/15,118001,47.00,47.50,46.60,47.30,0.30,94,5567101
110/04/16,111102,47.50,47.70,47.15,47.70,0.40,87,5279546
110/04/19,119236,47.70,47.80,47.35,47.70,0.00,97,5683235
110/04/20,95134,47.70,47.90,47.65,47.80,0.10,64,4547161
110/04/21,113063,47.85,47.90,47.35,47.35,0.45,89,5393537
110/04/22,161066,47.75,48.00,46.80,47.30,0.05,133,7673117
110/04/23,81056,47.50,47.50,47.00,47.30,0.00,70,3830754
110/04/26,99001,47.75,47.90,47.45,47.50,0.20,72,4723597
110/04/27,128001,47.75,47.85,47.50,47.65,0.15,94,6101747
110/04/28,171001,47.75,47.80,47.45,47.55,0.10,111,8152947
110/04/29,150100,47.75,48.35,47.55,48.35,0.80,105,7204704
