﻿美吉吉-KY,	8466
日期,成交股數,開盤價,最高價,最低價,收盤價,漲跌價差,成交筆數,成交金額
107/06/01,95000,68.40,69.20,68.30,69.20,0.30,55,6510400
107/06/04,57000,69.30,69.30,68.70,69.30,0.10,32,3929300
107/06/05,188025,69.80,73.00,69.80,72.10,2.80,127,13421397
107/06/06,225450,73.00,76.80,73.00,75.80,3.70,154,16945385
107/06/07,50210,76.50,77.00,75.20,75.20,0.60,41,3818329
107/06/08,40265,75.10,75.10,73.60,74.10,1.10,37,3001530
107/06/11,8043000,76.00,76.00,74.60,75.50,1.40,50,554430100
107/06/12,258450,76.90,78.00,76.50,76.90,1.40,192,19912950
107/06/13,71000,77.00,77.70,76.70,77.00,0.10,50,5463700
107/06/14,38000,77.00,77.00,75.50,75.50,1.50,36,2894000
107/06/15,24000,75.10,75.50,75.10,75.20,0.30,23,1805200
107/06/19,12000,75.00,75.00,74.10,74.10,1.10,12,892200
107/06/20,54000,73.60,73.60,71.50,73.40,0.70,37,3930600
107/06/21,1025,72.60,72.60,72.60,72.60,0.80,2,74425
107/06/22,33000,72.10,72.30,71.50,72.10,0.50,23,2374700
107/06/25,8000,72.20,72.40,72.20,72.40,0.30,7,578000
107/06/26,12000,72.00,72.00,72.00,72.00,0.40,11,864000
107/06/27,15033,72.00,72.00,71.70,72.00,,14,1081574
107/06/28,28000,71.80,73.20,71.60,73.20,1.20,25,2040900
107/06/29,10000,74.10,74.10,73.40,73.40,0.20,7,739600
107/07/02,10000,72.50,73.50,72.50,73.50,0.10,10,729100
107/07/03,18010,71.00,72.00,71.00,71.60,1.90,13,1293734
107/07/04,11000,71.60,72.90,71.50,72.50,0.90,10,791600
107/07/05,26000,71.60,72.40,71.00,72.00,0.50,19,1859200
107/07/06,22000,71.50,71.80,70.60,70.60,1.40,21,1564900
107/07/09,25042,70.60,71.00,70.10,70.10,0.50,24,1768582
107/07/10,44000,70.50,70.50,68.80,69.30,0.80,33,3064000
107/07/11,114000,69.10,69.10,67.50,67.60,1.70,95,7764700
107/07/12,115000,67.60,67.60,65.50,65.50,2.10,98,7614900
107/07/13,50000,65.50,66.30,65.30,65.80,0.30,38,3289700
107/07/16,30050,68.00,68.00,66.00,66.40,0.60,30,2002350
107/07/17,20000,66.60,68.00,66.60,67.90,1.50,19,1352000
107/07/18,17000,67.30,67.90,66.80,67.80,0.10,17,1144000
107/07/19,15000,67.10,67.50,67.10,67.40,0.40,15,1008900
107/07/20,15010,67.20,67.40,67.10,67.10,0.30,17,1008572
107/07/23,32000,67.10,68.00,67.10,67.60,0.50,25,2161200
107/07/24,42065,67.10,67.30,66.90,66.90,0.70,32,2822655
107/07/25,29005,66.90,67.00,66.50,66.60,0.30,26,1935950
107/07/26,35016,68.00,68.00,66.20,67.10,0.50,34,2331904
107/07/27,28322,67.10,67.10,66.70,67.00,0.10,29,1890974
107/07/30,39000,67.00,67.00,66.40,66.40,0.60,35,2599300
107/07/31,69000,66.10,66.40,65.90,66.10,0.30,32,4559700
107/08/01,55125,66.00,66.50,66.00,66.30,0.20,47,3651100
107/08/02,99440,66.30,68.00,66.30,67.70,1.40,93,6693982
107/08/03,65250,63.90,63.90,61.00,61.10,X,61,4031150
107/08/06,52000,61.10,61.10,58.90,59.10,2.00,48,3080800
107/08/07,25000,59.20,60.20,58.50,58.50,0.60,25,1472000
107/08/08,16000,59.00,59.00,58.60,58.60,0.10,14,943600
107/08/09,118066,58.60,58.60,56.00,56.40,2.20,79,6744495
107/08/10,158106,56.90,56.90,53.20,54.20,2.20,131,8708330
107/08/13,231001,53.20,54.20,50.80,53.10,1.10,161,11959559
107/08/14,95000,56.50,56.50,52.80,54.80,1.70,72,5186800
107/08/15,29000,54.80,55.20,54.40,54.50,0.30,27,1587900
107/08/16,29000,53.20,54.50,53.20,54.50,,24,1566200
107/08/17,29668,54.00,55.00,54.00,55.00,0.50,31,1617072
107/08/20,50000,55.40,55.50,54.60,55.20,0.20,44,2748900
107/08/21,35000,55.00,55.10,54.80,55.10,0.10,32,1922700
107/08/22,40000,55.00,55.00,54.70,54.70,0.40,26,2191100
107/08/23,41000,54.70,55.10,54.70,54.90,0.20,28,2248400
107/08/24,37000,54.50,55.30,54.50,55.20,0.30,31,2035600
107/08/27,84000,55.40,55.40,54.70,54.80,0.40,59,4617400
107/08/28,45000,54.70,55.00,53.80,55.00,0.20,33,2466400
107/08/29,29001,54.50,55.30,54.50,55.00,,21,1594560
107/08/30,25002,55.00,55.20,54.90,55.00,,22,1376612
107/08/31,38000,54.90,56.00,54.90,55.00,,30,2105200
107/09/03,62000,54.90,55.10,54.50,55.00,,40,3405000
107/09/04,217000,54.60,56.00,54.60,56.00,1.00,67,11946700
107/09/05,36000,55.90,56.30,55.50,56.00,,28,2016200
107/09/06,47000,56.00,57.00,56.00,56.70,0.70,43,2654300
107/09/07,82000,56.10,56.60,56.00,56.10,0.60,50,4614100
107/09/10,51000,57.40,57.40,53.10,55.50,0.60,41,2798900
107/09/11,35000,55.00,55.90,55.00,55.90,0.40,20,1943400
107/09/12,13030,56.20,56.20,56.00,56.20,0.30,12,731186
107/09/13,18000,55.90,56.20,55.70,56.20,,13,1006500
107/09/14,16000,56.30,57.00,56.20,57.00,0.80,13,907000
107/09/17,6000,56.60,57.00,56.60,56.70,0.30,5,340600
107/09/18,13000,56.90,57.30,56.60,56.90,0.20,9,738800
107/09/19,25000,57.00,58.00,57.00,57.20,0.30,21,1440200
107/09/20,16000,57.20,57.30,57.00,57.00,0.20,11,913600
107/09/21,60006,57.00,57.40,57.00,57.30,0.30,36,3433248
107/09/25,5000,57.40,57.60,57.40,57.60,0.30,5,287800
107/09/26,4000,57.60,57.90,57.50,57.50,0.10,4,230800
107/09/27,6000,57.60,57.80,57.50,57.50,,6,345600
107/09/28,36000,57.50,58.00,57.30,57.30,0.20,23,2075700
107/10/01,27000,57.30,58.20,57.00,58.20,0.90,19,1555500
107/10/02,28000,58.10,59.20,58.10,59.20,1.00,26,1648100
107/10/03,67000,59.30,60.90,59.30,60.30,1.10,51,4022800
107/10/04,64312,60.70,62.00,60.40,62.00,1.70,57,3943968
107/10/05,90301,64.00,64.10,60.00,62.80,0.80,70,5638621
107/10/08,34250,62.80,64.00,62.80,63.80,1.00,31,2178700
107/10/09,75590,64.00,64.10,63.40,63.60,0.20,60,4820388
107/10/11,144020,62.40,62.40,58.00,61.90,1.70,99,8890248
107/10/12,47000,58.50,62.40,58.50,62.40,0.50,46,2864900
107/10/15,32032,62.40,63.50,62.40,63.50,1.10,28,2021851
107/10/16,42000,64.00,64.20,63.70,63.90,0.40,32,2686000
107/10/17,32000,63.90,64.80,63.90,64.20,0.30,28,2061000
107/10/18,30300,64.20,64.20,63.40,64.00,0.20,22,1936300
107/10/19,53000,64.00,64.00,63.50,63.70,0.30,27,3378100
107/10/22,15000,63.70,64.00,63.70,63.80,0.10,14,957900
107/10/23,39032,63.50,63.50,62.40,62.40,1.40,21,2452177
107/10/24,78000,61.60,62.70,61.50,62.50,0.10,54,4855100
107/10/25,27150,59.80,62.20,59.10,61.00,1.50,27,1661840
107/10/26,31000,60.70,60.80,59.70,60.80,0.20,20,1869300
107/10/29,9000,60.80,60.80,60.10,60.10,0.70,8,542400
107/10/30,56209,60.20,60.20,57.10,57.10,3.00,51,3316822
107/10/31,6060,57.20,57.80,57.20,57.60,0.50,7,348286
107/11/01,24000,57.60,58.00,56.90,57.30,0.30,16,1377300
107/11/02,15000,58.10,58.10,57.50,57.50,0.20,11,864700
107/11/08,2000,57.90,57.90,57.90,57.90,0.50,2,115800
107/11/09,16001,57.00,57.00,56.00,56.10,1.80,16,903257
107/11/12,14000,55.70,55.80,55.30,55.60,0.50,14,777400
107/11/16,18000,55.30,55.40,54.10,54.10,0.90,17,984100
107/11/19,13000,53.50,55.20,53.50,55.20,1.10,13,706400
107/11/20,14000,54.10,54.20,54.10,54.10,1.10,14,758100
107/11/21,6000,54.10,54.90,54.00,54.50,0.40,6,326800
107/11/22,11000,54.60,54.70,54.10,54.60,0.10,10,599000
107/11/23,2000,54.30,54.30,54.30,54.30,0.30,2,108600
107/11/26,13000,55.60,55.60,54.30,55.20,0.90,13,716500
107/11/27,4007,55.20,55.20,55.20,55.20,,5,221182
107/11/28,30000,55.60,55.60,55.10,55.10,0.10,20,1661500
107/11/29,16000,55.40,55.50,55.00,55.00,0.10,16,885000
107/11/30,25000,54.10,55.50,54.10,54.70,0.30,24,1373200
107/12/03,33000,54.60,55.60,54.20,54.30,0.40,27,1801900
107/12/04,47000,54.30,54.40,53.50,53.80,0.50,36,2541600
107/12/05,47250,53.50,55.60,53.50,55.60,1.80,40,2563650
107/12/06,50000,55.60,55.60,54.00,55.00,0.60,33,2736200
107/12/07,25000,55.20,55.20,55.00,55.10,0.10,14,1376800
107/12/10,0,--,--,--,--,,0,0
107/12/11,14000,55.00,55.40,55.00,55.00,X,8,770400
107/12/12,28091,54.80,55.00,54.00,55.00,,13,1536250
107/12/13,44000,55.00,55.30,54.30,54.30,0.70,14,2418500
107/12/14,20040,54.30,54.30,54.10,54.10,0.20,10,1084684
107/12/17,7000,54.00,54.10,54.00,54.10,,7,378200
107/12/18,2000,54.40,54.40,54.30,54.30,0.20,2,108700
107/12/19,52000,54.30,54.30,53.40,53.50,0.80,23,2804100
107/12/20,45060,53.40,54.00,53.40,54.00,0.50,20,2411870
107/12/21,27000,53.40,53.80,52.40,53.80,0.20,10,1437400
107/12/22,26000,53.80,54.20,53.70,53.80,,7,1397300
107/12/24,7000,53.80,54.00,53.10,54.00,0.20,7,376000
107/12/25,16000,53.90,53.90,53.90,53.90,0.10,8,862400
107/12/26,9000,54.10,54.10,53.80,53.80,0.10,5,485500
107/12/27,3000,54.40,54.40,54.20,54.40,0.60,3,163000
107/12/28,48000,55.90,55.90,53.80,53.80,0.60,20,2603500
108/01/02,15000,53.80,53.80,53.20,53.20,0.60,6,805200
108/01/03,9000,53.30,53.30,53.20,53.20,,5,479000
108/01/04,46200,53.20,53.40,52.90,53.00,0.20,22,2457300
108/01/07,28000,53.60,54.80,53.30,54.00,1.00,25,1511200
108/01/08,16000,54.50,54.80,54.40,54.80,0.80,15,872500
108/01/09,9000,55.50,55.50,55.00,55.10,0.30,9,495800
108/01/10,6000,55.00,55.00,54.90,54.90,0.20,6,329800
108/01/11,8000,54.70,55.00,54.70,54.80,0.10,7,439000
108/01/14,13000,54.80,54.80,54.70,54.80,,12,712000
108/01/15,36000,54.80,57.80,54.80,56.50,1.70,29,2016100
108/01/16,37000,56.90,58.00,56.50,56.60,0.10,34,2106000
108/01/17,5000,56.50,56.50,56.40,56.40,0.20,5,282400
108/01/18,26000,56.20,56.40,56.00,56.00,0.40,7,1463000
108/01/21,20100,56.00,57.80,55.50,57.00,1.00,19,1131150
108/01/22,4000,57.10,57.20,57.10,57.10,0.10,4,228600
108/01/23,17000,55.80,57.00,55.80,57.00,0.10,13,964200
108/01/28,5000,57.80,58.00,57.10,57.10,0.60,5,287100
108/01/29,3000,57.10,57.10,57.00,57.00,0.10,2,171100
108/01/30,8000,57.70,57.80,56.40,56.40,0.60,6,459300
108/02/11,8170,56.50,57.00,56.10,56.10,0.30,9,460320
108/02/12,31030,58.00,58.00,57.00,57.00,0.90,27,1777210
108/02/13,41000,57.50,57.50,56.00,56.00,1.00,24,2309900
108/02/14,105000,56.00,57.00,55.70,57.00,1.00,41,5892500
108/02/15,16000,57.00,57.30,57.00,57.00,,12,913100
108/02/18,32000,57.00,57.00,56.50,56.50,0.50,13,1814600
108/02/19,72000,56.30,57.50,56.00,57.30,0.80,26,4106300
108/02/20,18000,57.30,57.30,56.60,56.60,0.70,14,1024600
108/02/21,33080,57.00,57.00,56.40,56.60,,28,1872968
108/02/22,22010,56.50,56.90,56.20,56.20,0.40,22,1244567
108/02/25,20000,56.20,57.00,56.10,57.00,0.80,12,1135300
108/02/26,8010,56.60,56.90,56.50,56.90,0.10,8,453574
108/02/27,8000,56.60,56.70,56.60,56.70,0.20,6,452900
108/03/04,29000,56.90,56.90,56.60,56.70,,11,1643400
108/03/05,119024,57.00,58.30,56.90,57.60,0.90,80,6864294
108/03/06,92000,57.90,62.00,57.90,60.00,2.40,77,5537500
108/03/07,30100,60.00,60.00,59.00,59.10,0.90,27,1786109
108/03/08,9030,59.10,59.10,59.00,59.00,0.10,8,533173
108/03/11,107127,62.50,62.50,59.40,59.60,0.60,73,6466994
108/03/12,15100,60.60,61.00,59.80,60.10,0.50,15,916600
108/03/13,8000,60.40,61.00,60.20,60.40,0.30,8,483000
108/03/14,26000,60.40,61.00,60.40,60.40,,20,1573100
108/03/15,29000,60.50,60.70,60.40,60.40,,23,1756200
108/03/18,17000,60.50,60.50,60.20,60.20,0.20,13,1025900
108/03/19,15000,60.40,61.00,60.20,60.20,,14,907800
108/03/20,12005,60.40,60.60,60.00,60.60,0.40,12,723100
108/03/21,20000,60.00,60.10,59.50,60.00,0.60,15,1199400
108/03/22,30010,60.10,60.10,59.70,60.00,,15,1796900
108/03/25,76000,60.50,60.50,59.50,60.00,,18,4563100
108/03/26,68050,59.50,63.00,59.50,63.00,3.00,49,4189540
108/03/27,93000,63.00,63.90,63.00,63.30,0.30,39,5908900
108/03/28,111138,63.30,65.00,63.30,64.70,1.40,69,7147708
108/03/29,28047,65.00,65.70,64.80,64.80,0.10,23,1831616
108/04/01,93100,65.50,66.00,65.50,66.00,1.20,44,6118510
108/04/02,96000,65.80,68.10,65.60,68.00,2.00,58,6421100
108/04/03,173099,68.50,71.40,68.50,69.70,1.70,109,12122468
108/04/08,106312,70.00,71.00,68.50,68.50,1.20,56,7370747
108/04/09,135005,69.80,69.80,66.80,66.80,1.70,79,9205343
108/04/10,66004,67.10,67.10,65.80,66.10,0.70,31,4382170
108/04/11,38000,66.30,66.80,66.10,66.80,0.70,21,2526000
108/04/12,10000,66.70,66.80,66.70,66.70,0.10,6,667400
108/04/15,33020,68.00,68.00,66.80,66.90,0.20,16,2214638
108/04/16,23100,67.00,68.00,67.00,67.70,0.80,16,1554720
108/04/17,29044,68.00,69.20,68.00,69.20,1.50,27,1997440
108/04/18,48009,69.20,70.40,69.00,70.20,1.00,44,3343230
108/04/19,49010,70.60,70.60,69.60,69.90,0.30,38,3431298
108/04/22,15030,70.20,70.20,70.00,70.00,0.10,13,1053491
108/04/23,34000,69.80,69.90,67.60,69.00,1.00,21,2335400
108/04/24,28000,69.00,69.30,69.00,69.20,0.20,11,1939500
108/04/25,36000,69.50,69.50,68.00,69.00,0.20,26,2472000
108/04/26,23000,69.00,69.30,69.00,69.00,,19,1588600
108/04/29,28099,69.10,69.10,68.00,68.00,1.00,17,1932692
108/04/30,31000,67.20,69.00,67.00,69.00,1.00,28,2096200
108/05/02,130000,69.00,69.00,68.60,69.00,,97,8965800
108/05/03,151000,69.00,69.00,68.60,68.80,0.20,35,10394500
108/05/06,144004,68.80,68.80,67.50,67.80,1.00,42,9799874
108/05/07,61047,69.70,69.70,68.60,68.70,0.90,38,4204666
108/05/08,19003,68.50,68.50,68.20,68.30,0.40,16,1298307
108/05/09,66148,68.30,68.30,66.50,67.00,1.30,45,4447349
108/05/10,45000,68.70,70.00,68.00,68.30,1.30,40,3112300
108/05/13,59020,68.30,70.30,68.00,70.30,2.00,50,4094206
108/05/14,33000,70.40,70.40,69.00,69.90,0.40,27,2307100
108/05/15,36000,69.90,70.10,69.90,70.00,0.10,29,2519700
108/05/16,23000,70.00,70.20,69.90,70.10,0.10,19,1611000
108/05/17,52140,70.50,70.80,69.00,70.00,0.10,32,3648200
108/05/20,39000,68.00,69.60,66.90,68.30,1.70,37,2646400
108/05/21,38000,67.20,68.80,67.20,68.80,0.50,33,2581000
108/05/22,27000,68.10,68.90,68.00,68.90,0.10,18,1848300
108/05/23,11000,68.90,68.90,67.50,68.90,,11,751600
108/05/24,28030,68.00,68.00,67.30,68.00,0.90,27,1895040
108/05/27,47020,68.10,68.10,66.00,67.30,0.70,23,3159932
108/05/28,37000,67.30,67.50,66.00,66.50,0.80,35,2466600
108/05/29,39000,66.50,67.00,66.10,66.20,0.30,33,2594200
108/05/30,19227,66.20,67.20,66.20,67.20,1.00,18,1280217
108/05/31,39000,67.50,69.30,67.20,68.90,1.70,34,2659300
108/06/03,23000,68.00,68.50,67.70,68.00,0.90,21,1565000
108/06/04,11090,68.00,68.00,67.40,67.40,0.60,13,750966
108/06/05,39000,68.20,68.90,68.00,68.60,1.20,33,2664100
108/06/06,20078,68.90,69.10,68.70,69.10,0.50,21,1383521
108/06/10,53274,70.00,70.10,69.20,69.90,0.80,40,3716525
108/06/11,52000,70.80,71.00,69.90,70.50,0.60,37,3651200
108/06/12,23000,70.50,71.20,70.50,71.00,0.50,18,1629900
108/06/13,31000,71.10,71.30,71.00,71.20,0.20,17,2205200
108/06/14,110203,71.30,72.20,71.20,72.10,0.90,85,7900876
108/06/17,81016,72.50,73.00,72.10,72.10,,53,5881349
108/06/18,13041,72.30,72.50,72.30,72.30,0.20,17,943663
108/06/19,39003,72.30,73.00,72.30,72.50,0.20,36,2833416
108/06/20,34085,72.50,72.60,72.50,72.60,0.10,15,2472279
108/06/21,48000,72.60,72.80,71.90,72.70,0.10,30,3472400
108/06/24,58000,72.70,73.10,72.50,73.00,0.30,45,4221100
108/06/25,40112,73.00,73.30,72.50,72.80,0.20,28,2918352
108/06/26,15085,69.50,71.00,69.50,71.00,X,17,1066035
108/06/27,19000,71.00,71.40,71.00,71.40,0.40,16,1351000
108/06/28,10045,71.50,71.50,71.30,71.30,0.10,8,716986
