﻿政伸,	8481
日期,成交股數,開盤價,最高價,最低價,收盤價,漲跌價差,成交筆數,成交金額
107/06/01,11000,45.00,45.00,44.40,44.40,1.30,9,491100
107/06/04,8000,44.55,44.85,44.30,44.85,0.45,7,356250
107/06/05,3000,44.80,45.45,44.80,45.45,0.60,3,135700
107/06/06,2000,45.00,45.00,45.00,45.00,0.45,2,90000
107/06/07,15000,45.00,45.00,44.50,44.80,0.20,5,671900
107/06/08,7000,44.70,44.70,44.20,44.20,0.60,6,309900
107/06/11,21000,42.80,44.75,42.80,44.00,0.20,13,915650
107/06/12,23000,43.70,45.00,43.70,44.10,0.10,9,1013900
107/06/13,4000,44.10,44.10,44.00,44.00,0.10,3,176300
107/06/14,38020,45.40,45.40,44.50,44.50,0.50,8,1720440
107/06/15,9000,44.10,44.10,44.00,44.00,0.50,4,396100
107/06/19,3000,43.30,44.95,43.30,44.95,0.95,3,132250
107/06/20,7000,44.00,44.55,44.00,44.50,0.45,7,310200
107/06/21,1051,44.50,44.50,44.50,44.50,,3,46769
107/06/22,8000,44.50,44.50,44.30,44.30,0.20,4,355400
107/06/25,11068,44.30,44.30,44.00,44.00,0.30,7,489319
107/06/26,15000,44.30,46.70,44.30,46.70,2.70,13,689000
107/06/27,11055,45.55,46.20,45.50,46.20,0.50,8,504515
107/06/28,14000,46.20,46.90,45.30,46.00,0.20,12,644000
107/06/29,22000,46.00,46.50,46.00,46.00,,17,1015500
107/07/02,22000,46.00,46.00,45.95,45.95,0.05,14,1011850
107/07/03,4000,45.85,45.85,45.50,45.50,0.45,3,182350
107/07/04,6000,44.50,45.70,44.50,45.70,0.20,5,268200
107/07/05,7000,45.50,45.75,45.00,45.75,0.05,5,316750
107/07/06,24000,45.75,45.75,45.00,45.65,0.10,12,1084150
107/07/09,3000,45.65,45.75,45.65,45.75,0.10,3,137100
107/07/10,16000,46.00,46.00,45.20,45.20,0.55,8,728150
107/07/11,5000,45.30,45.30,45.00,45.00,0.20,3,225300
107/07/12,13000,44.80,45.00,44.80,45.00,,10,584800
107/07/13,54000,45.00,45.50,44.50,45.00,,35,2434900
107/07/16,28000,42.10,42.30,41.20,42.00,X,25,1167900
107/07/17,12000,42.30,42.30,42.00,42.00,,10,506150
107/07/18,14000,42.00,44.50,42.00,44.50,2.50,13,597100
107/07/19,4000,43.20,43.90,43.20,43.90,0.60,3,173800
107/07/20,4000,44.00,44.00,42.75,42.75,1.15,4,172250
107/07/23,8000,42.30,42.80,42.20,42.80,0.05,4,340700
107/07/24,4000,42.85,43.00,42.85,43.00,0.20,4,171550
107/07/25,11000,43.00,43.00,42.00,43.00,,7,467100
107/07/26,0,--,--,--,--,,0,0
107/07/27,2000,42.35,42.50,42.35,42.50,X,2,84850
107/07/30,22000,42.30,43.00,42.00,42.60,0.10,10,934400
107/07/31,8000,43.00,43.50,43.00,43.50,0.90,6,345000
107/08/01,7100,43.50,43.55,43.50,43.50,,4,308900
107/08/02,17000,43.50,43.50,43.10,43.20,0.30,10,736500
107/08/03,1000,43.20,43.20,43.20,43.20,,1,43200
107/08/06,8000,43.50,43.50,43.20,43.20,,7,347450
107/08/07,4100,43.20,43.50,42.80,42.80,0.40,4,177020
107/08/08,7000,42.80,43.50,42.80,43.50,0.70,4,301700
107/08/09,1077,43.50,43.50,43.50,43.50,,2,46818
107/08/10,69000,43.65,43.75,42.40,43.65,0.15,43,2973900
107/08/13,22000,43.65,43.65,42.50,42.50,1.15,10,946300
107/08/14,3000,42.50,42.50,42.50,42.50,,3,127500
107/08/15,20000,43.60,43.60,42.35,43.35,0.85,17,866500
107/08/16,5000,43.00,43.20,42.70,43.20,0.15,4,215100
107/08/17,5000,43.00,43.00,43.00,43.00,0.20,3,215000
107/08/20,17000,42.55,43.45,42.55,43.45,0.45,13,733550
107/08/21,9000,43.50,43.50,42.80,42.80,0.65,8,387950
107/08/22,4000,42.55,42.75,42.50,42.75,0.05,3,170300
107/08/23,1000,42.80,42.80,42.80,42.80,0.05,1,42800
107/08/24,1000,43.30,43.30,43.30,43.30,0.50,1,43300
107/08/27,3013,43.00,43.00,43.00,43.00,0.30,3,129564
107/08/28,20000,43.20,43.40,42.70,42.75,0.25,13,860300
107/08/29,10000,42.75,43.00,42.75,43.00,0.25,4,429700
107/08/30,18000,43.15,43.15,43.05,43.10,0.10,11,775550
107/08/31,12000,43.10,43.20,43.00,43.20,0.10,10,517600
107/09/03,9000,43.20,43.20,43.20,43.20,,4,388800
107/09/04,42000,43.35,43.90,43.35,43.90,0.70,29,1830000
107/09/05,62000,43.90,45.05,43.90,45.05,1.15,58,2748150
107/09/06,934101,44.95,49.55,44.95,47.00,1.95,325,45897697
107/09/07,295000,46.50,48.10,45.75,47.10,0.10,189,13850400
107/09/10,123001,47.20,47.60,47.00,47.00,0.10,62,5811246
107/09/11,35100,47.00,47.45,47.00,47.15,0.15,30,1657060
107/09/12,113000,48.20,49.00,47.50,48.15,1.00,77,5463100
107/09/13,104255,48.45,49.55,48.40,49.55,1.40,88,5113646
107/09/14,55239,50.00,50.00,49.00,49.00,0.55,45,2744525
107/09/17,64350,48.90,49.50,48.75,49.30,0.30,38,3161370
107/09/18,33000,49.30,49.60,49.30,49.50,0.20,22,1633450
107/09/19,64300,50.00,50.40,49.50,50.00,0.50,46,3219650
107/09/20,56000,49.00,50.80,48.85,49.20,0.80,22,2812950
107/09/21,14050,49.90,50.50,49.25,49.50,0.30,14,700425
107/09/25,104100,50.20,50.60,49.85,50.60,1.10,47,5237990
107/09/26,7001,51.00,51.00,49.65,50.20,0.40,8,352949
107/09/27,60050,49.20,50.80,49.20,50.80,0.60,22,3028325
107/09/28,10000,50.00,50.40,49.80,49.80,1.00,10,499500
107/10/01,45000,48.80,50.40,48.80,50.40,0.60,29,2257050
107/10/02,73100,50.40,51.30,50.40,50.80,0.40,41,3717430
107/10/03,19100,51.20,51.80,50.50,50.60,0.20,14,980450
107/10/04,29000,50.60,51.00,50.10,50.40,0.20,16,1464300
107/10/05,107050,50.40,51.00,49.05,50.60,0.20,61,5387270
107/10/08,58100,49.60,50.60,49.05,49.95,0.65,34,2894565
107/10/09,6000,49.80,49.80,49.65,49.80,0.15,6,298650
107/10/11,269871,49.00,49.75,48.00,48.05,1.75,78,13203115
107/10/12,135055,48.05,48.05,46.00,47.25,0.80,67,6347312
107/10/15,35000,47.25,49.00,45.80,49.00,1.75,28,1664800
107/10/16,5000,49.50,49.50,48.25,48.30,0.70,4,245050
107/10/17,3000,49.20,49.50,49.20,49.50,1.20,3,148150
107/10/18,59200,49.05,50.00,49.00,50.00,0.50,32,2950750
107/10/19,34000,49.90,50.00,49.90,49.95,0.05,9,1697950
107/10/22,3000,49.95,50.00,49.95,50.00,0.05,2,149950
107/10/23,13000,49.05,50.00,49.05,50.00,,5,647000
107/10/24,11000,50.00,50.00,50.00,50.00,,6,550000
107/10/25,32000,48.95,49.90,48.20,48.25,1.75,20,1570250
107/10/26,18000,48.25,48.25,47.00,47.55,0.70,12,858650
107/10/29,16000,48.45,49.00,48.45,49.00,1.45,6,782350
107/10/30,48000,45.80,49.50,45.80,47.70,1.30,25,2336950
107/10/31,47000,48.70,49.50,48.70,49.20,1.50,20,2317000
107/11/01,12050,48.40,48.40,47.55,47.55,1.65,8,580782
107/11/02,7050,49.40,49.50,49.40,49.50,1.95,4,348650
107/11/08,9000,49.05,50.00,49.00,49.30,0.90,8,443500
107/11/09,0,--,--,--,--,,0,0
107/11/12,26000,49.90,50.10,48.80,49.90,X,12,1298600
107/11/16,1000,50.00,50.00,50.00,50.00,,1,50000
107/11/19,61000,50.00,50.00,50.00,50.00,,4,3050000
107/11/20,33000,50.00,50.40,49.95,50.20,0.20,15,1655150
107/11/21,1001,49.15,49.15,49.15,49.15,1.05,2,49199
107/11/22,1000,49.95,49.95,49.95,49.95,0.80,1,49950
107/11/23,39000,50.00,50.50,48.20,48.20,1.75,25,1927450
107/11/26,26000,49.00,50.30,48.90,50.00,1.80,21,1295250
107/11/27,4000,50.00,50.00,49.05,49.05,0.95,3,198100
107/11/28,33099,48.80,48.90,48.10,48.20,0.85,22,1605431
107/11/29,37000,49.90,49.95,49.00,49.95,1.75,27,1834400
107/11/30,3000,49.10,49.25,48.70,48.70,1.25,3,147050
107/12/03,69000,48.75,48.90,47.85,48.20,0.50,49,3334850
107/12/04,3000,48.20,48.20,48.20,48.20,,3,144600
107/12/05,1000,48.90,48.90,48.90,48.90,0.70,1,48900
107/12/06,30000,48.60,48.90,47.55,47.55,1.35,18,1446750
107/12/07,2000,48.45,48.45,47.65,47.65,0.10,2,96100
107/12/10,3000,47.75,47.75,47.50,47.60,0.05,3,142850
107/12/11,12000,47.60,48.00,47.60,48.00,0.40,4,575600
107/12/12,6000,47.10,48.45,47.10,48.45,0.45,6,288400
107/12/13,9000,49.85,49.85,48.00,48.05,0.40,7,438350
107/12/14,0,--,--,--,--,,0,0
107/12/17,14000,48.05,48.50,48.05,48.50,X,5,677650
107/12/18,0,--,--,--,--,,0,0
107/12/19,1333,47.80,47.80,47.80,47.80,X,2,63717
107/12/20,25000,48.00,48.00,47.50,47.50,0.30,6,1198500
107/12/21,2000,47.50,48.00,47.50,48.00,0.50,2,95500
107/12/22,1000,48.00,48.00,48.00,48.00,,1,48000
107/12/24,33333,48.00,49.00,48.00,49.00,1.00,12,1622800
107/12/25,0,--,--,--,--,,0,0
107/12/26,19000,47.25,49.00,47.15,49.00,X,10,925500
107/12/27,22000,49.00,49.85,49.00,49.25,0.25,11,1084300
107/12/28,0,--,--,--,--,,0,0
108/01/02,32000,49.40,49.50,49.25,49.40,X,16,1580500
108/01/03,30000,49.40,50.00,49.00,50.00,0.60,20,1494450
108/01/04,19000,49.20,50.00,49.20,49.60,0.40,9,948700
108/01/07,2000,49.70,49.70,49.70,49.70,0.10,2,99400
108/01/08,5000,49.70,49.80,49.50,49.50,0.20,5,248200
108/01/09,25000,49.60,50.00,49.60,49.60,0.10,13,1248400
108/01/10,4000,49.50,49.50,49.15,49.20,0.40,4,197350
108/01/11,3000,49.20,49.20,49.20,49.20,,3,147600
108/01/14,3000,48.35,48.35,48.30,48.30,0.90,3,145000
108/01/15,4000,48.50,48.50,48.50,48.50,0.20,4,194000
108/01/16,5000,48.70,48.90,48.70,48.90,0.40,5,244300
108/01/17,350588,53.70,53.70,53.70,53.70,4.80,168,18826575
108/01/18,548889,59.00,59.00,52.30,53.10,0.60,355,31376360
108/01/21,52000,52.70,52.90,51.60,51.60,1.50,47,2710800
108/01/22,52000,51.60,52.80,51.30,51.30,0.30,34,2695400
108/01/23,21000,51.00,51.00,50.40,50.60,0.70,17,1063400
108/01/28,13000,52.00,52.40,51.60,51.60,0.20,9,674700
108/01/29,14026,51.60,52.00,50.90,52.00,0.40,13,719339
108/01/30,5000,52.10,52.10,52.10,52.10,0.10,2,260500
108/02/11,25003,52.00,52.50,50.60,51.80,0.30,23,1298356
108/02/12,10000,51.00,51.90,51.00,51.80,,8,516500
108/02/13,5000,52.20,52.20,51.40,51.40,0.40,3,260200
108/02/14,7060,51.40,51.40,51.00,51.00,0.40,7,361290
108/02/15,10,--,--,--,--,,1,527
108/02/18,12000,50.60,52.00,50.60,51.30,X,12,615500
108/02/19,2010,50.80,50.80,50.70,50.70,0.60,3,102010
108/02/20,9000,50.90,51.00,50.50,51.00,0.30,9,457100
108/02/21,36000,51.20,52.30,50.70,52.20,1.20,31,1868800
108/02/22,1000,51.80,51.80,51.80,51.80,0.40,1,51800
108/02/25,30050,52.00,53.70,52.00,53.10,1.30,22,1594230
108/02/26,26000,53.20,53.50,52.50,53.20,0.10,12,1381700
108/02/27,28000,52.00,52.50,51.80,52.30,0.90,18,1456400
