﻿商億-KY,	8482
日期,成交股數,開盤價,最高價,最低價,收盤價,漲跌價差,成交筆數,成交金額
107/08/15,4736200,116.00,117.50,114.50,114.50,X,2109,548205900
107/08/16,1066318,114.50,115.50,113.50,115.50,1.00,468,121980229
107/08/17,505000,116.00,116.00,114.50,114.50,1.00,165,58051500
107/08/20,795282,114.50,115.50,101.00,114.50,,345,90167789
107/08/21,238000,108.50,113.00,106.50,111.00,3.50,187,26175500
107/08/22,264021,107.00,111.00,103.00,103.00,8.00,175,27938789
107/08/23,229000,102.00,103.00,100.00,101.00,2.00,168,23283000
107/08/24,298800,101.00,101.00,99.00,99.00,2.00,177,29832600
107/08/27,240000,99.20,107.00,99.00,106.00,7.00,134,24547100
107/08/28,153000,106.00,106.00,103.50,104.00,2.00,80,15981500
107/08/29,69000,104.00,104.00,103.00,103.50,0.50,41,7144000
107/08/30,59000,103.50,103.50,102.50,102.50,1.00,41,6074000
107/08/31,89000,102.50,103.00,101.00,103.00,0.50,51,9088500
107/09/03,74000,103.50,104.00,103.00,104.00,1.00,52,7684500
107/09/04,54080,103.50,104.00,102.00,102.00,2.00,38,5546660
107/09/05,31110,102.00,102.50,101.50,102.50,0.50,24,3176275
107/09/06,270000,102.00,104.00,99.80,104.00,1.50,98,27452300
107/09/07,148421,104.00,104.00,100.50,100.50,3.50,61,15113310
107/09/10,96170,100.50,100.50,93.10,95.00,5.50,65,9423750
107/09/11,121000,95.00,95.50,94.60,94.70,0.30,43,11474600
107/09/12,149000,95.10,97.00,94.40,97.00,2.30,70,14145800
107/09/13,54002,97.00,97.10,96.50,96.50,0.50,30,5226592
107/09/14,24207,96.50,97.00,96.40,96.60,0.10,23,2337975
107/09/17,29000,96.60,96.90,96.40,96.60,,14,2799700
107/09/18,22000,96.50,96.50,96.40,96.40,0.20,15,2122600
107/09/19,39000,96.60,97.00,96.50,96.80,0.40,25,3770600
107/09/20,47000,96.80,97.00,96.30,96.30,0.50,20,4534400
107/09/21,35000,96.50,96.70,96.30,96.70,0.40,17,3372800
107/09/25,51000,96.60,98.80,96.60,98.20,1.50,42,4981800
107/09/26,41000,98.00,98.00,97.20,97.80,0.40,27,4000100
107/09/27,27000,97.80,97.80,97.40,97.70,0.10,19,2635300
107/09/28,83000,97.60,97.80,96.70,97.80,0.10,46,8079500
107/10/01,30000,97.70,97.70,97.30,97.70,0.10,14,2924700
107/10/02,33021,97.90,98.50,97.20,97.50,0.20,24,3224437
107/10/03,38000,97.40,98.00,97.10,97.30,0.20,19,3698500
107/10/04,34066,97.30,97.30,97.10,97.10,0.20,23,3311402
107/10/05,116000,97.50,97.50,95.40,96.60,0.50,76,11190400
107/10/08,139000,96.70,97.50,96.30,97.50,0.90,46,13470000
107/10/09,29000,97.50,98.70,97.50,98.00,0.50,23,2837000
107/10/11,167000,97.60,97.80,95.50,97.80,0.20,93,16135000
107/10/12,53000,97.80,97.80,97.10,97.40,0.40,43,5165900
107/10/15,21000,97.40,97.40,97.10,97.40,,10,2043000
107/10/16,30004,97.80,101.00,97.80,98.40,1.00,29,2973596
107/10/17,22002,99.70,99.70,98.40,99.30,0.90,21,2172000
107/10/18,11000,100.00,100.00,99.40,99.80,0.50,11,1097700
107/10/19,49000,99.80,99.80,99.20,99.60,0.20,33,4875200
107/10/22,14000,100.00,100.00,99.70,100.00,0.40,12,1399300
107/10/23,43008,100.00,100.00,99.60,99.90,0.10,28,4293799
107/10/24,30000,100.00,100.00,99.70,99.90,,12,2994500
107/10/25,100000,99.90,99.90,98.80,98.80,1.10,51,9937100
107/10/26,50050,99.00,99.50,98.30,99.50,0.70,26,4938325
107/10/29,12000,99.40,99.90,98.50,98.50,1.00,11,1186000
107/10/30,65014,98.40,98.40,94.30,96.80,1.70,50,6291041
107/10/31,31000,96.80,96.80,95.00,95.00,1.80,25,2961600
107/11/01,17000,95.50,97.30,95.50,97.00,2.00,15,1643600
107/11/02,40000,97.00,97.70,96.60,97.00,,26,3875700
107/11/08,2000,98.30,98.30,98.00,98.00,0.90,2,196300
107/11/09,32000,98.00,98.20,97.20,97.90,0.10,26,3124200
107/11/12,89000,98.70,99.10,98.40,99.10,1.20,58,8791700
107/11/16,359112,103.50,108.00,103.50,108.00,4.50,147,38053708
107/11/19,249000,108.00,110.00,107.50,109.00,1.00,84,27165500
107/11/20,110092,110.00,110.50,109.00,110.50,1.50,52,12091620
107/11/21,115000,110.00,110.00,108.50,110.00,0.50,43,12596500
107/11/22,154000,110.00,111.50,110.00,110.00,,65,17020000
107/11/23,98000,109.50,109.50,108.00,109.00,1.00,36,10678000
107/11/26,114000,109.00,109.50,108.50,109.00,,41,12425500
107/11/27,132000,109.00,111.00,108.00,111.00,2.00,48,14445500
107/11/28,121000,111.00,111.50,109.00,111.00,,62,13380500
107/11/29,234130,110.50,113.50,110.00,113.00,2.00,108,26127190
107/11/30,165022,113.00,113.00,111.00,112.00,1.00,58,18504964
107/12/03,222000,112.00,113.00,112.00,112.00,,73,25003000
107/12/04,250141,112.00,112.50,110.00,111.50,0.50,61,27776580
107/12/05,177040,111.50,113.00,111.50,113.00,1.50,61,19861500
107/12/06,123000,113.00,113.50,111.00,111.00,2.00,38,13846000
107/12/07,170022,111.00,113.50,110.50,113.50,2.50,52,19031497
107/12/10,157000,113.00,114.00,112.00,112.50,1.00,53,17726000
107/12/11,157000,112.50,113.00,111.50,112.00,0.50,33,17591500
107/12/12,157000,112.00,113.00,112.00,112.50,0.50,43,17601500
107/12/13,194100,112.50,113.50,112.50,113.50,1.00,64,21949850
107/12/14,148000,113.50,114.00,113.00,114.00,0.50,83,16831000
107/12/17,337000,113.50,116.00,113.00,116.00,2.00,144,38653500
107/12/18,285049,116.00,117.00,115.50,116.00,,141,33136708
107/12/19,163000,116.00,116.00,114.50,114.50,1.50,68,18791500
107/12/20,183000,114.50,114.50,113.00,114.00,0.50,70,20796500
107/12/21,168000,114.00,115.50,114.00,115.50,1.50,56,19259500
107/12/22,135000,115.00,116.50,115.00,116.50,1.00,75,15635000
107/12/24,372020,116.00,118.50,116.00,118.00,1.50,186,43622370
107/12/25,276112,117.50,119.50,117.00,119.50,1.50,133,32657440
107/12/26,400039,123.50,123.50,118.00,120.00,0.50,168,48683199
107/12/27,329030,120.00,121.50,120.00,121.50,1.50,144,39673660
107/12/28,231092,121.00,122.00,120.00,121.50,,120,28049132
108/01/02,232000,121.00,123.00,121.00,122.00,0.50,102,28294500
108/01/03,275000,121.50,123.00,121.00,122.00,,108,33547000
108/01/04,211000,121.50,122.50,120.50,122.00,,92,25675000
108/01/07,315000,122.00,123.50,122.00,123.50,1.50,129,38681000
108/01/08,329000,123.00,124.00,122.50,124.00,0.50,148,40531500
108/01/09,325000,123.50,124.50,123.50,124.00,,131,40271500
108/01/10,302000,123.50,124.50,123.00,124.00,,127,37321000
108/01/11,410000,124.00,125.00,124.00,125.00,1.00,143,51090000
108/01/14,403000,125.00,125.50,124.50,125.00,,140,50444000
108/01/15,464000,125.00,126.50,124.50,126.00,1.00,158,58242000
108/01/16,349000,125.00,125.00,123.50,124.00,2.00,191,43414000
108/01/17,400000,123.00,125.00,123.00,125.00,1.00,166,49508000
108/01/18,588001,124.00,127.50,124.00,127.50,2.50,247,74014630
108/01/21,401001,126.50,127.00,126.50,126.50,1.00,176,50864137
108/01/22,345000,125.50,126.50,125.50,126.50,,105,43474500
108/01/23,412101,126.00,128.50,126.00,128.50,2.00,152,52445478
108/01/28,475000,132.00,135.00,131.50,134.50,2.50,204,63397500
108/01/29,434000,134.00,136.00,134.00,136.00,1.50,208,58668000
108/01/30,570000,135.50,138.00,135.50,138.00,2.00,291,77892000
108/02/11,333000,140.00,141.00,138.50,140.00,2.00,198,46557000
108/02/12,361070,141.00,142.00,140.50,142.00,2.00,279,50998280
108/02/13,379109,142.50,142.50,134.00,139.50,2.50,256,52942087
108/02/14,255002,139.50,139.50,135.00,137.00,2.50,184,35056780
108/02/15,194059,137.00,138.50,135.50,138.50,1.50,124,26520319
108/02/18,201102,138.50,139.50,137.00,137.50,1.00,113,27828576
108/02/19,263043,137.50,138.00,135.00,138.00,0.50,192,35961493
108/02/20,172024,138.00,139.00,137.50,138.50,0.50,128,23750860
108/02/21,169050,138.50,138.50,135.00,135.00,3.50,150,23014750
108/02/22,159903,135.00,137.00,134.50,137.00,2.00,118,21684308
108/02/25,324007,137.00,138.50,136.00,136.00,1.00,167,44480459
108/02/26,154050,136.00,137.50,135.00,137.50,1.50,122,20980800
108/02/27,136019,137.00,137.00,134.00,135.50,2.00,109,18487584
108/03/04,124027,136.00,137.00,135.50,137.00,1.50,90,16880226
108/03/05,81074,137.00,137.50,135.00,135.00,2.00,131,11059564
108/03/06,100020,136.50,136.50,135.00,136.00,1.00,87,13602740
108/03/07,119020,136.00,136.00,135.00,135.50,0.50,61,16156190
108/03/08,64009,135.50,136.00,135.00,135.50,,53,8682206
108/03/11,89066,135.50,136.00,135.00,136.00,0.50,80,12059410
108/03/12,75017,136.00,137.50,136.00,137.00,1.00,59,10251312
108/03/13,118015,137.00,138.00,136.00,138.00,1.00,91,16160555
108/03/14,132046,138.00,139.50,137.50,139.50,1.50,116,18280910
108/03/15,155007,139.00,140.00,138.50,139.50,,98,21571980
108/03/18,140004,139.00,141.00,139.00,140.00,0.50,94,19565560
108/03/19,152027,140.00,141.00,138.00,141.00,1.00,127,21243280
108/03/20,102000,141.00,141.00,140.00,141.00,,68,14354500
108/03/21,176028,140.00,140.00,136.00,136.00,5.00,84,24456280
108/03/22,270008,136.50,137.50,132.00,137.50,1.50,179,36424108
108/03/25,136000,137.50,138.00,134.50,136.50,1.00,101,18504500
108/03/26,127007,137.00,138.00,136.50,138.00,1.50,73,17455459
108/03/27,176000,138.00,139.00,138.00,139.00,1.00,81,24413000
108/03/28,110000,139.00,140.00,138.00,139.00,,73,15280000
108/03/29,186100,139.00,141.00,139.00,141.00,2.00,118,26028000
108/04/01,262005,141.50,144.00,141.00,141.50,0.50,170,37287200
108/04/02,147007,142.00,143.50,142.00,142.50,1.00,86,20962489
108/04/03,166000,143.00,143.00,142.00,142.50,,89,23670500
108/04/08,103100,142.50,143.50,142.50,142.50,,51,14750849
108/04/09,117142,143.00,143.00,141.50,141.50,1.00,80,16708234
108/04/10,99125,142.00,143.00,141.00,142.00,0.50,62,14064875
108/04/11,86000,142.00,142.50,141.00,142.00,,61,12202000
108/04/12,110012,142.00,143.00,142.00,143.00,1.00,85,15673704
108/04/15,70002,143.00,143.50,141.50,143.50,0.50,62,9999784
108/04/16,108000,143.50,143.50,141.50,142.50,1.00,52,15424000
108/04/17,109060,142.00,142.50,140.50,142.50,,135,15422960
108/04/18,78008,142.00,142.00,140.50,140.50,2.00,60,11032624
108/04/19,108000,140.50,141.00,139.50,139.50,1.00,61,15157000
108/04/22,106000,139.50,140.00,139.00,139.00,0.50,68,14795000
108/04/23,62001,139.50,140.50,139.00,139.00,,44,8667639
108/04/24,236300,139.50,140.50,139.00,140.00,1.00,63,33110700
108/04/25,168110,140.50,141.00,139.00,140.00,,46,23639900
108/04/26,144030,140.00,141.00,138.00,139.00,1.00,45,20099640
108/04/29,87001,139.50,141.00,138.50,141.00,2.00,46,12172141
108/04/30,170000,140.50,141.50,139.50,140.00,1.00,63,23935500
108/05/02,141000,141.00,142.00,141.00,141.00,1.00,41,19952500
108/05/03,95000,142.00,142.00,141.00,142.00,1.00,54,13469500
108/05/06,160000,141.50,142.50,141.50,142.00,,70,22706000
108/05/07,73008,142.50,142.50,141.50,142.50,0.50,33,10382139
108/05/08,51000,141.50,141.50,141.00,141.50,1.00,33,7214500
108/05/09,67008,141.00,142.00,139.50,139.50,2.00,40,9435608
108/05/10,154000,140.50,141.50,139.00,140.00,0.50,64,21670000
108/05/13,85001,140.00,140.50,139.00,139.00,1.00,23,11893638
108/05/14,141001,138.50,139.50,136.00,139.50,0.50,79,19378138
108/05/15,56292,140.00,140.50,139.50,140.00,0.50,36,7880380
108/05/16,188003,140.00,140.00,138.50,139.00,1.00,55,26182920
108/05/17,108000,139.50,139.50,138.00,138.00,1.00,50,15020500
108/05/20,144061,138.00,138.50,136.50,138.00,,71,19831857
108/05/21,118000,138.00,138.50,137.50,138.50,0.50,80,16314000
108/05/22,198099,138.50,142.00,138.50,142.00,3.50,106,27695157
108/05/23,130018,137.50,137.50,135.00,136.50,X,109,17717457
108/05/24,107000,137.00,137.50,136.00,136.00,0.50,48,14629500
108/05/27,191032,136.50,140.00,136.00,140.00,4.00,89,26177448
108/05/28,95000,140.00,140.50,139.00,140.50,0.50,57,13305500
108/05/29,110000,140.50,141.50,140.00,141.00,0.50,75,15493500
108/05/30,29282,140.50,141.00,140.00,141.00,,26,4114480
108/05/31,145000,140.50,142.00,140.50,142.00,1.00,39,20523000
108/06/03,87000,142.00,142.50,141.00,142.00,,51,12319500
108/06/04,90000,141.50,142.00,140.00,142.00,,51,12718500
108/06/05,64000,141.50,141.50,139.50,140.00,2.00,49,8975000
108/06/06,48000,140.00,140.00,137.50,137.50,2.50,30,6648500
108/06/10,129000,138.00,138.00,133.00,137.00,0.50,67,17587000
108/06/11,29008,138.00,138.00,135.50,135.50,1.50,19,3955580
108/06/12,16000,135.50,135.50,134.50,134.50,1.00,14,2157500
108/06/13,71019,135.00,135.00,132.00,133.50,1.00,54,9444517
108/06/14,116020,135.00,135.00,128.00,133.00,0.50,65,15312169
108/06/17,235000,133.50,140.00,133.50,137.50,4.50,101,32387000
108/06/18,105000,139.00,139.00,137.50,137.50,,44,14557000
108/06/19,66000,138.00,139.00,136.00,139.00,1.50,46,9108000
108/06/20,41000,139.50,139.50,136.50,138.50,0.50,28,5650000
108/06/21,40001,138.50,139.00,137.00,139.00,0.50,33,5517638
108/06/24,105000,138.50,140.00,138.00,139.50,0.50,50,14595500
108/06/25,117000,139.50,140.00,137.00,138.00,1.50,50,16209500
108/06/26,44000,138.00,139.00,137.00,139.00,1.00,28,6091500
108/06/27,142000,140.00,141.50,140.00,141.50,2.50,118,19984000
108/06/28,133000,141.50,143.00,141.50,143.00,1.50,70,18951500
108/07/01,196020,143.00,144.50,143.00,144.50,1.50,120,28156409
108/07/02,175000,144.50,145.00,144.00,145.00,0.50,79,25337000
108/07/03,123000,145.00,145.00,143.50,144.00,1.00,97,17772000
108/07/04,127250,144.00,144.00,142.00,142.00,2.00,90,18123375
108/07/05,140000,142.00,142.50,140.00,142.50,0.50,126,19764000
108/07/08,135100,142.00,142.50,141.50,142.00,0.50,80,19181800
108/07/09,113100,141.50,142.50,140.00,140.00,2.00,79,15987600
108/07/10,92020,140.00,140.00,138.50,140.00,,59,12816300
108/07/11,147010,140.50,142.00,139.50,142.00,2.00,76,20662930
108/07/12,133010,141.50,142.00,141.50,142.00,,83,18880430
108/07/15,128050,142.00,142.50,141.00,141.50,0.50,91,18144125
108/07/16,257104,141.50,143.00,141.00,142.50,1.00,111,36567424
108/07/17,159008,142.00,143.00,142.00,143.00,0.50,71,22712652
108/07/18,139000,143.00,144.50,142.50,144.50,1.50,83,19947500
108/07/19,160000,144.00,145.00,142.00,144.50,,78,22975000
108/07/22,126000,144.00,144.50,142.50,142.50,2.00,73,18092000
108/07/23,143008,142.00,142.50,140.00,141.50,1.00,67,20191132
108/07/24,213000,141.50,143.50,140.50,143.50,2.00,92,30166000
108/07/25,151000,142.50,143.50,141.50,142.50,1.00,53,21465500
108/07/26,148060,142.50,142.50,140.50,141.50,1.00,52,20944929
108/07/29,118000,141.00,142.50,141.00,142.00,0.50,52,16734000
108/07/30,34021,141.50,142.00,140.50,142.00,,33,4803961
108/07/31,117057,142.00,142.00,141.00,142.00,,65,16588037
108/08/01,104000,141.50,142.50,140.00,142.50,0.50,61,14714500
108/08/02,118057,142.00,142.50,140.50,142.50,,64,16766122
108/08/05,195016,141.50,142.00,140.00,140.00,2.50,109,27495256
108/08/06,159000,140.00,141.50,138.00,141.50,1.50,76,22177500
108/08/07,135000,141.50,142.00,140.50,142.00,0.50,73,19032500
108/08/08,273000,141.50,142.00,141.00,142.00,,28,38633000
108/08/12,257000,142.00,142.00,141.00,141.50,0.50,98,36359500
108/08/13,156030,142.00,142.00,140.50,141.50,,137,22037700
108/08/14,162000,141.50,141.50,140.00,140.50,1.00,56,22772000
108/08/15,129000,139.50,140.00,138.50,139.50,1.00,70,17950000
108/08/16,200052,139.50,139.50,137.50,138.00,1.50,83,27789124
108/08/19,207052,138.00,138.00,136.00,136.00,2.00,123,28416020
108/08/20,155073,136.00,136.50,135.00,136.50,0.50,78,21083391
108/08/21,223000,136.00,136.50,133.00,135.00,1.50,85,30095500
108/08/22,169000,135.00,135.50,132.50,133.00,2.00,92,22700000
108/08/23,263000,133.00,133.00,127.50,130.00,3.00,72,34038000
108/08/26,244000,129.50,130.50,126.50,129.50,0.50,100,31324000
108/08/27,203400,130.00,130.00,123.50,129.50,,111,25888899
108/08/28,188016,130.50,130.50,126.50,127.00,2.50,66,24145032
108/08/29,150000,127.50,130.00,126.50,128.50,1.50,91,19260500
108/08/30,85000,129.50,129.50,128.50,128.50,,33,10975000
